0.9961710489830007,0.09021115251950168,0.0574941236219747,0.5011474556173526,0.5043217068713136,0.49521355355215385,0.49816777465705026,0.5081947686221173,0.5045632628768816,0.5037676463387885,0.5008488745837263,0.5027905491621713,0.4973608748128374,0.49086389470115166
0.31647530488871245,0.9490135364726238,0.7950842491179901,0.5048075579820178,0.5105930399736008,0.50598698490932,0.498199286953675,0.5040182456440725,0.49461492267543256,0.5028687561990313,0.504269972275944,0.5050516550640475,0.49345496477438,0.4912134939977074
0.44806242330425317,0.8945056194723668,0.704371969934886,0.4950956689504959,0.5084606503944276,0.49562391352218726,0.4858202165726045,0.4925166439045266,0.5029561637641665,0.5014130035422626,0.501598959736357,0.4992819437392869,0.49281730927302103,0.4964268948302556
0.19642077057315713,0.9809090493092237,0.8741849676404877,0.4915201695907202,0.5107500912446804,0.49664043001026614,0.5037012943914543,0.5087574296562217,0.494310245119958,0.49690234630290386,0.5014430210068502,0.5061207331054992,0.4971030295577175,0.5016463446211508
0.8958051445280745,0.4452480241099948,0.29365624584005895,0.4950705126800179,0.5039591227962826,0.5125118966675104,0.498167479133862,0.5014315359670862,0.5045530473673023,0.4968951317807057,0.503956857368465,0.509525010676737,0.4958371198778781,0.49949556541541373
9.205487858279432E-6,1.0002737449897872,0.9999941412082302,0.49197249749843946,0.5044555690571247,0.4957795387050508,0.49434762825152945,0.5010499443708532,0.5038690485945505,0.5061399559538344,0.5043072836405076,0.49454165995199395,0.49523045715924424,0.49614969436114503
0.9492840286004453,0.31619818968250435,0.20469404263769903,0.4912807148104361,0.4952777288853207,0.5081801292267909,0.48597335974947153,0.49257562612670164,0.5029090505586681,0.4940520880056544,0.5018344102432012,0.5061493392732255,0.4925548797783803,0.5017367201366992
0.9809698032433201,0.19584103201917688,0.1254456703596427,0.5047446415477491,0.5106828801756382,0.49682918272215004,0.5026503142328798,0.5089079003061318,0.494310245119958,0.5039186429942977,0.504648520363631,0.5048846815487121,0.5011891879869802,0.5000455771947824
1.000801631656013,6.081186499696268E-5,3.868302606572366E-5,0.4957304033952555,0.5099698338866395,0.5082888175590551,0.5056459491711067,0.509251918681344,0.5022906145273341,0.4853583770736184,0.49386754505272146,0.5057449001979533,0.5042047791609233,0.5137808612297889
0.7075309279752116,0.7071920983058586,0.4998475279903957,0.5012036619174726,0.5018669567998654,0.5091966819765418,0.4877041782968621,0.5014341533001151,0.4943342999941462,0.5032629728397671,0.5059590707702674,0.5061324355985838,0.5012834958282634,0.5000704156026364
0.8155878899356254,0.5818727973685155,0.39450631955046256,0.4953150365843463,0.5276667069707031,0.49676344325022165,0.4881523708674068,0.48956575241229194,0.5028931365723988,0.49762368813409336,0.5154688782614238,0.5234009928334548,0.49507168807593144,0.49761105028970076
0.09002527870806666,0.9961556055965447,0.9426228132181734,0.4954668143146633,0.5046823423496245,0.5077997531674786,0.49422383030013445,0.5043282128809063,0.4987799289947816,0.4970523191910765,0.5019738232417575,0.4957723917253295,0.5009642038921013,0.49480731584130816
0.5813341969384676,0.8144735722533964,0.6053608905395957,0.49547888096698456,0.5093383115913346,0.5060134887944958,0.4913747968014808,0.48971578401700255,0.5059944684646188,0.49693913152379243,0.504269972275944,0.48773138982662967,0.493409019487038,0.4912451868046191
0.264886721927445,0.9648391995422687,0.8294251939586827,0.5044996202785886,0.5106334337568138,0.4973636327439471,0.4879912127661463,0.5007432422237769,0.5080092512327617,0.497293932011279,0.506298817995503,0.5119080920220649,0.5012834958282634,0.49976284612203103
0.8167299675587809,0.578255555766113,0.39221106191064026,0.4918032594451318,0.5111920023251394,0.5173153921556999,0.5061395962511632,0.5090719292887816,0.49428932644012585,0.49805354628996645,0.495967032437076,0.4943911337082544,0.5016435298965979,0.5037840019914612
0.443050547477744,0.8969075821199911,0.707908304657312,0.5089552965470017,0.5094585058091226,0.49567404595455944,0.4959309597531351,0.5091175572187956,0.504500232945529,0.5014130035422626,0.5016036259029742,0.5006778166766633,0.5063753026331329,0.4961992532561715
0.7048940409600305,0.7098739537488233,0.5022408605965996,0.4916336516643088,0.495965054271272,0.5091768979954554,0.49926984589332046,0.4933653698229168,0.5028573726165183,0.5014814576399638,0.4948506221776255,0.5102142573052009,0.49381564447071813,0.5019349766917329
0.20762500009113666,0.9787867538922934,0.8669296413122303,0.4926016091783284,0.5018669567998654,0.49755477650252455,0.4877417627285995,0.502437032522793,0.4943035782618327,0.49753339457209933,0.5060429855128065,0.5048105761152737,0.5032785160867816,0.48462731473253845
0.8896590607062561,0.4572574131992165,0.302241899340717,0.5046571667922477,0.5018669567998654,0.4973636327439471,0.4877417627285995,0.5014341533001151,0.4943035782618327,0.5032629728397671,0.5060344766502948,0.5048105761152737,0.5012834958282634,0.5000704156026364
0.9995365392641481,0.036800996535472884,0.02342852263559947,0.4954425104680054,0.5097884611381132,0.49743085070009396,0.4958579137699072,0.5010931312945501,0.4989614115765301,0.49649212614127075,0.5021648041922302,0.4964652263686817,0.4935441194713443,0.5000148025360985
0.6066056657213296,0.7961417935396687,0.5855008376266428,0.4917165684654849,0.5019802543217169,0.5059884810741094,0.49155015279962,0.4795181943706057,0.5059944684646188,0.497266233569106,0.504269972275944,0.48899924283496365,0.49343476490845695,0.491020978553165
0.9735542155008241,0.2327884821166546,0.14941794661158275,0.4918799192870085,0.4766012052027805,0.49553832167019735,0.4875989932875544,0.5007310217201643,0.49278643361712227,0.49669834579195776,0.49649042183400016,0.5005871029960932,0.49741689438093695,0.4886549856711258
0.02301414792808799,1.0000384384272951,0.9853518870999234,0.49268230152054165,0.5047718673771862,0.5076973769369676,0.4944992857035076,0.5011588301597274,0.5039972203273916,0.506337765496676,0.5043072836405076,0.5058765041197548,0.4951116231870044,0.501709283135162
0.9988043129770792,0.056404979216425524,0.035913366571651624,0.5010064082606148,0.4946580067741498,0.4958885848939925,0.48761041499609853,0.49290801527763156,0.5039558828776365,0.5034283830908712,0.5018844456603386,0.5038529105811435,0.49489251806820295,0.49142249667015997
0.9395064059832179,0.344137480446823,0.22352869672775472,0.49126140988248024,0.49552025401579775,0.5080731951361288,0.49084421243839466,0.5042057467195639,0.4941764998882639,0.5015404428122386,0.5022890431916834,0.49514364768059893,0.49233565796907675,0.5128186488333522
0.12109098757612666,0.992970885591208,0.9227468266569773,0.5041845580324421,0.5044070298433017,0.5083052530486383,0.5026261062413936,0.5078791981160772,0.5045191513092679,0.497171933213043,0.5018344102432012,0.5049954791207317,0.4946531160899481,0.4918248928092754
0.11080621906265242,0.9958681052745736,0.9294560501062881,0.5044361872971521,0.49565440537935357,0.5418527002575725,0.49655990200578315,0.5014874121581816,0.5088757274904799,0.5032972227185399,0.5046978100865857,0.5097923718626816,0.5013029738754422,0.49976284612203103
0.4056399938327056,0.9144758349924443,0.7342116772295484,0.5047818144172462,0.5106828801756382,0.4966513512551685,0.4982515754123889,0.5087331168282393,0.49436552805316475,0.49694940305183366,0.49384749503587877,0.49461759251945087,0.5015747397111215,0.49181694144437305
0.7171311586282145,0.6972975043570364,0.4910736615250467,0.5046568581491814,0.5020457230828798,0.5037907240809627,0.4879912127661463,0.5014786424987719,0.502831851095065,0.503307980842999,0.5060531178943322,0.49745469818897514,0.5012834958282634,0.49976284612203103
0.9751477184891997,0.2268117827631684,0.14548606768464145,0.5081695852542377,0.4949848097956384,0.49560234393616515,0.48758477247410975,0.49230143565917384,0.503978590818745,0.5032862335868218,0.4853972186543557,0.5230308928076777,0.496905421117304,0.4914485181719294
0.9931115500559617,0.1244604594849544,0.07936977241298004,0.488471723495901,0.5116296533204525,0.49557860342825705,0.4878017502416092,0.5014819216751795,0.4921811778068829,0.4855776144279966,0.4960877935278142,0.504284771816691,0.49731653518234653,0.48853726891181637
0.8959806906856638,0.4448563707062605,0.2933833215279859,0.5047818144172462,0.5106828801756382,0.49665532501696186,0.4982515754123889,0.5015133180746104,0.4943032650835822,0.4968011633877271,0.4937633181505898,0.49461759251945087,0.5012815852751216,0.4914256887076721
0.9466776196658293,0.32570022752906297,0.2109505663767175,0.504679038181402,0.5105976090525113,0.5264364191614178,0.5019947378368477,0.5084073438193336,0.5015537305439464,0.5039220733083865,0.4960516679550388,0.5089605781030208,0.5012098605318434,0.4892279460501134
0.8441294314936236,0.5371234030140292,0.3607642539840443,0.48529817694043165,0.4956346570399895,0.4995964978478981,0.49570385449315324,0.4929350121112225,0.507559689784354,0.5032080070854512,0.5014619347522337,0.5050140552967843,0.4949756326865006,0.48979273717278554
0.5502152469660342,0.8356009695596058,0.6292937217116731,0.4954653338403416,0.5092621889088589,0.5108851274393603,0.49112957152885894,0.5039419523744507,0.5044742980102901,0.5009396172771489,0.49874407726605785,0.5044607643830542,0.5016748059545283,0.510887554045013
0.9993709280255304,0.04023061159361211,0.025613894335945186,0.49410100392971185,0.5047404864307384,0.49576470892395974,0.49444330092250266,0.5010921515346772,0.49886067723425415,0.4963738349636592,0.5016036480997692,0.5006650568274819,0.5063753026331329,0.4961299452386633
0.1813123158306107,0.983936618628975,0.8839899838297276,0.4954653338403416,0.5092621889088589,0.5112127958963191,0.503259970746087,0.5087801242692203,0.5045806779120197,0.500825307014271,0.5014466866933144,0.5062699527688854,0.49891258559651797,0.510887554045013
0.25881826524322693,0.9664895053593561,0.8334266391240004,0.5045153239662712,0.5109199070002827,0.4973636327439471,0.48805125746186395,0.5014494973409959,0.507819745012957,0.497293932011279,0.5063921805905977,0.5119080920220649,0.5012834958282634,0.500208392209418
0.015584734733769852,1.0001431688907345,0.990080672775323,0.49268230152054165,0.5048878194027752,0.507818865041248,0.5036967973352373,0.5011588301597274,0.4991432729186651,0.496543039646035,0.5043044440261785,0.5058741524990618,0.4934984227163642,0.5017360321373764
0.9471240488316905,0.3226020375042005,0.20899412075960855,0.4912948485753567,0.49496860748405574,0.5081801292267909,0.4858217022974934,0.4924667403378274,0.5029090505586681,0.493854278462813,0.5018344102432012,0.4948144951054647,0.49254402121476504,0.49995745945821
0.9935313635283554,0.11681833796377,0.07451095138242983,0.4918575504001995,0.5116296533204525,0.49554313826708396,0.49570935530567256,0.5014811954311368,0.49193324122273124,0.49669834579195776,0.501895964489625,0.5042874990373496,0.4974030628636508,0.49463658051883874
0.2436169496884572,0.9715066259534313,0.843585249271668,0.5288970597437883,0.5101355881232916,0.508234301060761,0.48823000049640136,0.488028875232791,0.5044226529977992,0.495216054517105,0.5013963169284507,0.5064932130093048,0.5042072286822328,0.5139370276683787
0.6796433238980055,0.7340561137391771,0.5244911797945324,0.4914819485396017,0.4980400467520757,0.5087160690183812,0.4995864908096719,0.4932930465324772,0.5028758917196275,0.49620067673854673,0.49427075824521505,0.5049146368357414,0.49419966604786464,0.49188877648001955
0.03562194292422483,0.9996649916915756,0.9773243614563348,0.49268230152054165,0.5049116738614907,0.5091747677695891,0.49956243448265236,0.501172342235631,0.5039972203273916,0.506337765496676,0.5043072836405076,0.5058765041197548,0.4951116231870044,0.501709283135162
0.912641350550675,0.41471572813248053,0.27152939824195116,0.48752987675262716,0.4987341246402565,0.5086066444190753,0.4903729091262108,0.49428599869449186,0.5015633152886719,0.49681186651541465,0.4960550059367137,0.5443822901345603,0.49686426373524545,0.4908139325917252
1.0003157522320962,0.016442563196676804,0.010463414402982554,0.5046571667922477,0.49565440537935357,0.4973636327439471,0.4879912127661463,0.4876345448139077,0.49191550927931815,0.5032629728397671,0.5018628453338241,0.504573586412729,0.497593760529408,0.49976284612203103
0.2875352599942389,0.959201917393037,0.8145900443982336,0.49241307610829815,0.5319764275834039,0.4973595390011767,0.49820634241261,0.5041840804407457,0.5037783521056348,0.49622624189869247,0.5001775392934079,0.5116856649578011,0.5031531704895953,0.4905826498627214
0.08994124012564725,0.99624307159093,0.9426810912756786,0.5051695413897602,0.5106830092096555,0.49682918272215004,0.49936264832619437,0.5089220675034123,0.4987775976921521,0.497061237464654,0.5046799004579778,0.5017305396918603,0.5009656407373099,0.4947155881559691
0.8142207931466087,0.5818864491141643,0.3950184652423053,0.4860419796112183,0.5111950220984287,0.5173153921556999,0.5061395962511632,0.5002079763879632,0.49428932644012585,0.4981328729947995,0.49685299961322776,0.4943911337082544,0.49511373330665065,0.5037840019914612
0.433532745258274,0.9018688897051031,0.7147353423390922,0.5089552965470017,0.5047788448503315,0.4956776927164782,0.49447956257883463,0.5012799960582468,0.5076277343198985,0.5013363481877865,0.5016036480997692,0.5006704002502346,0.5063753026331329,0.4799653736274394
0.5439059940218379,0.8404334965592016,0.634334889271595,0.49515609832763785,0.5298704404778193,0.49900962050768777,0.4909748886237295,0.5035456582252849,0.49261547245686454,0.4968363901900084,0.5010015232932248,0.4991618631920576,0.5011161793140716,0.5015197541763604
0.9774284124024474,0.2151496641469091,0.1379319049581877,0.4918194679723074,0.5116296533204525,0.49557884665535656,0.4878017502416092,0.5017338188587604,0.4921789705458453,0.48528295837386554,0.4959137892451778,0.504574408916808,0.49731653518234653,0.48853726891181637
0.23730533341807938,0.9732392158222426,0.8477437043006826,0.495149831450372,0.5010341684403695,0.4973636327439471,0.48805125746186395,0.5015176275612665,0.5044505337309686,0.497293932011279,0.5014346243177993,0.46210438274820365,0.5011647255729961,0.48953969287582416
0.790620772955929,0.6135166436703893,0.42012481392530293,0.4925592960186818,0.4961086997480647,0.5105586614014093,0.4872982014344093,0.5009396516936175,0.5040161937617883,0.49517813054180077,0.5012047715629923,0.4911861387546072,0.49299937063924576,0.4848365774799239
0.04287138795926483,0.9993179330512226,0.9727053353063146,0.49265701258212957,0.5046515422690465,0.5081166350950872,0.5049996317940169,0.5021549487945236,0.5039797813470247,0.5017308490196007,0.5019234048842043,0.5041117905677758,0.4948456142107891,0.5001755096768534
0.9443876871901231,0.33034378895180744,0.21421859461046855,0.49143842086325584,0.4943519514222787,0.496779844933458,0.48536620310459855,0.508827741665009,0.49829025707842967,0.496297654950743,0.49427075824521505,0.5062312563501131,0.5012270484466174,0.49996731948531364
0.7125242384708551,0.702220567966817,0.49536354233930124,0.49270046325813327,0.5033049792796875,0.5078612964339679,0.49930830165682905,0.5010117210701986,0.5051818203698911,0.5038642936519853,0.49590225322174686,0.5108043209243198,0.49545113020859394,0.4911304953430442
0.969244277591951,0.2532235311394997,0.162686098828243,0.49528757505850557,0.5106684031896386,0.5077906338084114,0.504690026039361,0.4937786982568736,0.5045469447193608,0.5333513969781252,0.5187752890953666,0.5055690367419787,0.5016619720206197,0.5001997792827355
0.14183495281085962,0.990535420827699,0.9094577566331072,0.5045544970183818,0.510429531001617,0.5124205673231252,0.4960836936378561,0.5014355300894793,0.505200615161709,0.4940520880056544,0.5001922361127868,0.5103232990018016,0.4954459507013264,0.4878499032717225
0.8996800473394386,0.43932859208367775,0.289189103077491,0.49043025685762426,0.5095257639905726,0.49743085070009396,0.49586062636331274,0.49174765387032926,0.5016025508652883,0.49398428361349883,0.5021964079178968,0.5101572808089934,0.47180623226786433,0.5006031113953617
0.34170809536282004,0.9402985520673114,0.7780962394267685,0.49257163382238267,0.5094973616820377,0.49571275605182974,0.48788787829502583,0.5001871987496409,0.5039614202712807,0.5009573883693091,0.5013453019650409,0.5044866801123957,0.5013478043689163,0.48942068115256515
0.3928601257357306,0.9199940076740827,0.7430702550272388,0.5046571667922477,0.5018669567998654,0.49735965898215384,0.4877417627285995,0.508653952053744,0.4943658412314153,0.5034112125038737,0.5061186535355837,0.5048105761152737,0.5015766502642633,0.5004616683393374
1.00038394108567,2.1396703811948816E-4,1.361633663139617E-4,0.4926893022221289,0.5001965988148784,0.49520767623743406,0.4874488749292821,0.5009346582963191,0.502267968998421,0.5012610384234366,0.49395983375585895,0.5005688203224488,0.4948153336941116,0.49112945941792835
0.5878786991436276,0.8094965585715445,0.6001312642151392,0.49506785757840677,0.5110907210261131,0.5109383038085598,0.49076917674161835,0.5040227501079245,0.504530914587469,0.4968363901900084,0.5010015232932248,0.49923291176181106,0.5008920653699979,0.506452242712671
0.9976780370285114,0.07451831114039961,0.04746210966452824,0.49237799703114277,0.49552025401579775,0.4986802132523073,0.49085238118992497,0.49384901035655804,0.4942778504842836,0.4970469163288841,0.5012928258756914,0.508754033536565,0.49233565796907675,0.4912142831221222
0.948778068333343,0.3221821463743042,0.20840275656319396,0.49499817507632826,0.4686893410917327,0.5128313282208573,0.48386116765029485,0.5007394621480376,0.5017432367637512,0.5179525482450801,0.4959583053599442,0.5089605781030208,0.4968727093349767,0.48878239996272627
0.26595434793369904,0.9644628490314407,0.8287066735034497,0.5045585545477332,0.5104331137613636,0.49736304813442905,0.49820634241261,0.5041840804407457,0.5080416519739447,0.4962159628024647,0.5001775392934079,0.5116856649578011,0.5031531704895953,0.4912123982501643
0.7757819628392754,0.6315203430080253,0.43496768738738273,0.5012036619174726,0.5018386899224254,0.5091989774502826,0.4876793421741005,0.501554508069446,0.4943342999941462,0.49613346737892583,0.5059590707702674,0.49916540133649767,0.5009038248109108,0.5000704156026364
0.5971559343445688,0.8044016701678621,0.5934585604779724,0.4915934306624972,0.4610740090134261,0.5091768979954554,0.49926984589332046,0.4933856955534009,0.5042272347192941,0.5031197126905679,0.5037871114313056,0.5052706016679704,0.4949732304280904,0.5041912742585103
0.4457386978381749,0.8957348719278195,0.7060442701805387,0.5089552965470017,0.5094257542960552,0.49562391352218726,0.48728515085338525,0.5091181804680247,0.5077297720202915,0.4971133121729457,0.5016036259029742,0.500437863440339,0.4974022860290132,0.498882833911116
0.7421042615708064,0.6741700566251861,0.4694867481111882,0.4918612672150286,0.5119972322687705,0.49554313826708396,0.49570935530567256,0.5014811954311368,0.5028611547171388,0.5481268829691153,0.5021022518806982,0.5042874990373496,0.4973467347166003,0.5019321010916136
0.025944837619588535,0.999944750048856,0.9834857959386395,0.49536897842707867,0.5137308839297806,0.4998104917812626,0.49591120190602783,0.50076754394758,0.5046084212714976,0.5017444792099978,0.5017838237924728,0.5050612988760537,0.5008779603329298,0.5003195811606942
0.13121513197480714,0.9918663119475049,0.9162670498529618,0.5045544970183818,0.510429531001617,0.5081801292267909,0.5065677061809348,0.49315631422828493,0.505200615161709,0.4940520880056544,0.5001922361127868,0.5103486628799382,0.4930201373988942,0.5018134535611477
0.8911033773525349,0.4548398469918998,0.3004535707055964,0.49204706402160575,0.5038866047825706,0.5082714585711761,0.498167479133862,0.4931523201058919,0.5051590402462786,0.5038642936519853,0.49592814950806424,0.5094724851376047,0.49302324947852255,0.49113466911612247
0.9991714564245072,0.05044130009210518,0.03211129665141704,0.4923546127818841,0.49552025401579775,0.49886788660814385,0.49084421243839466,0.49384901035655804,0.4941764998882639,0.5015297849677086,0.5013581189801237,0.508754033536565,0.49233565796907675,0.49169785918449604
0.986263212469498,0.16776999634680792,0.1072665317191154,0.49162993484947975,0.49559747532295395,0.5091768979954554,0.49926984589332046,0.4933653698229168,0.4966606929527899,0.5014814576399638,0.4946443347865522,0.5102142573052009,0.4938719726177687,0.4946394561189581
0.2552658736531949,0.9686675367022592,0.8359654607833293,0.4951532494577812,0.5010408405058612,0.5032953199914941,0.48823000049640136,0.5087732516107343,0.5044226529977992,0.5013534214950972,0.5014187940943484,0.46331285422359386,0.5033422893130285,0.4897158359311602
1.0003233098413224,0.0037245831118194036,0.002370365932777733,0.5046073294682468,0.5041633597925246,0.5080761650234649,0.4879912127661463,0.5041970920404036,0.5042509745228214,0.5028792397241172,0.5060344766502948,0.49969937095018757,0.5012817291394716,0.4996494718367037
0.9940489695988616,0.1167927158013682,0.07445632050947994,0.48829149194101323,0.5116296533204525,0.4955435155864268,0.487721469981646,0.5014819216751795,0.4921811778068829,0.4855776144279966,0.4960877935278142,0.5042844893748022,0.49731653518234653,0.48853726891181637
0.1601873302697826,0.9879706120768612,0.8976704049250877,0.5072995684401765,0.495644977459811,0.498880921015294,0.49761886265846567,0.5237364193271862,0.5084937454458963,0.5029710905333491,0.5069805405251956,0.5094585915180164,0.5031075921888967,0.501078918150422
0.9860381055295632,0.16963326568514514,0.10845933650622926,0.4926016091783284,0.5018669567998654,0.49755477650252455,0.4877417627285995,0.5014341533001151,0.4944755759406587,0.49753421968747913,0.5019593472292071,0.4946753922686438,0.5012357427440082,0.48462731473253845
0.9385784818771075,0.34622812024229,0.22498103678072107,0.49258770650052675,0.5043760374194178,0.5081855143378337,0.4943547884594036,0.5043282128809063,0.5043151574365736,0.4960760547781638,0.5052594117397944,0.4885873744359766,0.5010441028885319,0.4958836324629085
0.4396308587004109,0.8984813003327462,0.7103032561287699,0.5089552965470017,0.5047167219040332,0.4956776927164782,0.49446204840765673,0.501162153412939,0.5076277343198985,0.5014130035422626,0.5016036480997692,0.5006650568274819,0.5063753026331329,0.49613367367609984
0.5448160839934915,0.8394324569806869,0.6335028479376372,0.4915201695907202,0.5221706214151465,0.4963127615533074,0.4915708951742263,0.5039192577614522,0.49420386521822846,0.49701665656578176,0.4987404115795936,0.504311544719668,0.4974299554780023,0.5016463446211508
0.9997073942203746,0.035953138777551776,0.022885315178991845,0.4927032550476956,0.5001965988148784,0.4958406161148822,0.4874488749292821,0.5009346582963191,0.5039618655177039,0.5012610384234366,0.5013633778743976,0.5006626877850975,0.4948588332239621,0.49112945941792835
0.8506070965683095,0.5264614001622877,0.35282635107602744,0.49182280769208087,0.4957724151216838,0.49598239382575277,0.49841081454710107,0.5016206792383942,0.4993819528693487,0.5008121100711932,0.4965366913187923,0.5101550061729335,0.4949930148524946,0.49001517027211583
0.03034981822396714,0.9999067697112475,0.9806828348698622,0.4926971246490652,0.5094055283277545,0.5076435977426766,0.49866753663367147,0.509114233965584,0.5039972203273916,0.5063122563803556,0.5003954496739088,0.499647721604595,0.4950344481270431,0.49880101908013896
0.6842897047572027,0.7295518784480983,0.5203735392172787,0.5045622593486451,0.501888994187893,0.5083196970251253,0.4995864908096719,0.4932930465324772,0.502869380113108,0.49620067673854673,0.5061177592630928,0.5049146368357414,0.4948878886856977,0.5000637066101483
0.05713749886875002,0.9986260002467868,0.9636147606460495,0.49269643528546225,0.5044627459759213,0.5076973769369676,0.5045616948566292,0.5010499443708532,0.5020468542278675,0.4969000209274168,0.49389771444578295,0.49454165995199395,0.49510076462338914,0.49993002245667284
0.8911232776164993,0.4545260333733753,0.30026993428995796,0.4924990775551499,0.5113032373357673,0.5075513430035608,0.4981654488452275,0.5016665676079562,0.505043143744058,0.5035086301695939,0.5059608914877459,0.5049544820227935,0.5008048463922532,0.4987423544540182
0.9998185668646354,0.03153282194492783,0.02007140764414314,0.4915804669816881,0.49549807394347556,0.5091768979954554,0.49926984589332046,0.4933653698229168,0.5028573726165183,0.5014814576399638,0.49493804815318637,0.4961907345321545,0.49355540079435994,0.5019349766917329
0.9921124534767287,0.13009744530434839,0.08300744323898629,0.49095931157019224,0.4960282157509002,0.5044726458099331,0.48855259481530555,0.49206998903650767,0.5050490499348745,0.501546769234931,0.48947122716142566,0.5044815160703124,0.49729382497762836,0.4886660026140534
0.4482808583364517,0.8944636899355307,0.7042357505769725,0.5089552965470017,0.5104729505841769,0.5109372880763807,0.49817762709179164,0.5042619351154367,0.5037096479807924,0.5014130035422626,0.5001873935984101,0.5006485863929847,0.5062443219420991,0.511143841310417
0.8283128779894045,0.5614019304289095,0.3792007429804315,0.48529817694043165,0.49650433048427084,0.5110134554479463,0.49570385449315324,0.4929350121112225,0.5042480504370543,0.5031467254499171,0.4938482169171384,0.5048700761186959,0.4949756326865006,0.48979273717278554
0.8643207279806746,0.5055406198336886,0.3369259651915303,0.48564558194634144,0.5302263708389314,0.5109154627678099,0.5049397998883282,0.5043971909141771,0.5046361571130112,0.5012878039389129,0.5015372356087696,0.5007070607397,0.5011713948507813,0.4999167902141
0.36844434119167,0.9301269233946361,0.759892887097452,0.4951467257519061,0.5001719331007748,0.4985166615718814,0.48781014361819425,0.4880005728161798,0.5028931365723988,0.49762368813409336,0.49782110999605533,0.4993901338291472,0.5010902052998822,0.48975907252356055
0.5746232516716092,0.8197399659793607,0.6107802467749106,0.4853190175807122,0.5111983270120115,0.517362962923199,0.5164292784903478,0.4929292422086711,0.5042480504370543,0.5031467254499171,0.5040166492108792,0.5057119759327633,0.4949756326865006,0.504229157654414
0.15054722028457437,0.9889710174624028,0.903828163572157,0.4925867326273822,0.49596860633649653,0.5079890727524484,0.4997267811508856,0.5087489665846768,0.5028771518050809,0.5014814576399638,0.5057168854847339,0.5102142573052009,0.501274273537036,0.501799963421489
0.9698207303488623,0.2510232544142181,0.16124065728502807,0.4952936204166415,0.5106684031896386,0.5077906338084114,0.504690026039361,0.4937786982568736,0.5045469447193608,0.533884385948454,0.5187752890953666,0.4994350020174354,0.500743141057439,0.49885682608755144
0.4954552409517348,0.8699872876167474,0.6704290270963528,0.5021917305145258,0.5109501860051074,0.5087834026576498,0.5081335370057573,0.49238649566423326,0.5053780410557207,0.5162157240014157,0.48336748702539084,0.5129356328605307,0.49265517060544006,0.4922264836817245
0.8266464183280494,0.563573970693458,0.3809397554631231,0.5044311934254962,0.5133692081232958,0.4956625945172501,0.5039575153110529,0.5071199259309855,0.5001519166008692,0.502951938005735,0.4973972833905965,0.5129402978651305,0.5036522465789807,0.5000681077487823
0.8172733824351287,0.5774875269051097,0.39161253559618003,0.49553489155859554,0.5136283446013913,0.5078882905307477,0.504871386770127,0.5025689751356492,0.49945798514160017,0.5018095977265976,0.48620663606642606,0.5108484468762222,0.5016810482329261,0.48995042656734283
0.927782598774243,0.3745044651902242,0.24424147709651328,0.49196172275886235,0.5139257351421871,0.4927314126580344,0.4956595355328672,0.4918067615117384,0.5096392999831653,0.49647756641689045,0.5012173440342178,0.4978846105974814,0.5027259056501742,0.4990583253914799
0.3435505362220034,0.9399017716048073,0.776908421847701,0.49252476360855185,0.5003025018010417,0.5043108852367397,0.4986569417655692,0.5092015201047655,0.49285505526648143,0.502588905841216,0.48309426710194187,0.4877640021932064,0.5015457481814568,0.49198725216454114
0.8371424573685278,0.5477904489499629,0.36887811977346896,0.48875051473020203,0.510686168754419,0.49762339778522946,0.49544879577201634,0.4993660295045561,0.5037379031966877,0.5031913485828573,0.5022332951187705,0.5023260622756274,0.5085721053017389,0.49191957614565057
0.6558223792832423,0.7553328181923343,0.5448183296891104,0.504972163894495,0.511116126203019,0.49717835031400653,0.5037311748098705,0.5090976321429868,0.49885055467976674,0.502951938005735,0.502203666156171,0.5048096596109309,0.500446888521781,0.49508927680974435
0.8699020013981962,0.4947452748161087,0.32920536293261826,0.4885556326027205,0.5106954271494385,0.493407948218647,0.49536276108846994,0.4916005874140296,0.4925604875895962,0.5104003890641389,0.49468739365868564,0.5119340536269315,0.5058572055503396,0.4987486499880148
0.7631365440213308,0.6469353136338664,0.4476557024687816,0.5078302026193359,0.49718471350537047,0.4969858999059248,0.4980944621468537,0.4934206860266599,0.503883899647023,0.4982330273538121,0.49741056200667755,0.48470118743178725,0.4993037983954688,0.49184224070641214
0.7274064484054166,0.6871541235656949,0.48188941979145344,0.49501332728996283,0.5110929540875188,0.5080015440957839,0.5049903252416944,0.4941094679202253,0.5041651177575082,0.5017952026285529,0.48642571785858396,0.4884651443691426,0.5036758836208517,0.4947741147775835
0.7577476563015838,0.6535484453701749,0.45308203939202607,0.5163937453363769,0.5106479535601518,0.5078835632259372,0.49813034243322435,0.5008607532563976,0.5084980563397969,0.501075780457522,0.49527934153533304,0.510182481935333,0.5023159221501756,0.4996823227381717
0.9594921824646239,0.28877964188085925,0.18611431855712723,0.5086198218640293,0.5112021441426359,0.5306572970028505,0.47750600552554856,0.5055991732837597,0.5037648833796262,0.502853658435733,0.4883305051874606,0.5061882136963227,0.4890234798060624,0.4963685536596796
0.24856322767998493,0.9692014326132761,0.8401758861734396,0.492193311196385,0.5106927373147225,0.5086213183785667,0.4872130624286475,0.5011357198433238,0.5037257456808064,0.49692873625679473,0.4952437514187897,0.5099318065051688,0.49740330870922156,0.49870946101128816
0.7355810172319875,0.6786770944922538,0.4743988513502485,0.5087064510262772,0.5110958716420084,0.48181256109969406,0.5060024309703349,0.5090803085851228,0.4988163008864337,0.5033298703724793,0.502203666156171,0.4868055425056976,0.501017036946859,0.49993500920409406
0.8564019869788503,0.5173369722449697,0.34594906534367614,0.505108999171324,0.5044242615042087,0.49884720340422867,0.503911679877995,0.4917992981248686,0.5141734409254225,0.5029838180256186,0.5013570154599448,0.4866727913683347,0.5034642156882022,0.49990959154426606
0.9791974331577595,0.2073759029130753,0.13286116966607045,0.5098623451930556,0.516316280277471,0.4956038657014038,0.5008112818078995,0.5081716137600677,0.5073253985411824,0.5032052817690538,0.4828474820847884,0.5052623955775796,0.4974390093653768,0.4914485181719294
0.7879983127996996,0.6166923539221966,0.42274392607001277,0.50841788798511,0.5002612579255715,0.4947921598820141,0.49791010267328956,0.49380351228794805,0.5079865969697821,0.5012584468398461,0.48334059399462626,0.5092580492148874,0.4925396146120362,0.5003403870775334
0.6151920410061511,0.7890714472033801,0.5784286502269429,0.5089379223223356,0.5039252512592002,0.5078967984284878,0.5114954318474947,0.49240143965782207,0.5081978922766373,0.502225705596361,0.5013651743929181,0.4891110423251212,0.4974087272907442,0.49928957007994806
0.6757915594518632,0.7382891224756498,0.5281181330107916,0.48551417766644933,0.5009894562601191,0.4980768756328107,0.5039381100395958,0.49294597921598926,0.5080455917159516,0.49377691471659074,0.49443936133396144,0.5128106842588059,0.4850677794770583,0.4910059614003115
0.9185820512008689,0.39740771748735354,0.2599426562785825,0.5095798624581348,0.5134646740983109,0.4969911992092929,0.5067233763652159,0.5154642034667195,0.5102694698524071,0.49492606394068195,0.5056382699950814,0.5097454837804616,0.5061686141735151,0.49972671171471494
0.2032108651377102,0.9795391630405075,0.8697768786157883,0.49188977910064063,0.4992162610647367,0.5095612214134846,0.5049312860149759,0.4938644000384035,0.5048068532211122,0.5016871882329611,0.5058158438743048,0.5102674197184035,0.49740732177904995,0.5020117389021376
0.9699493823501355,0.24477525434081943,0.15737079546887706,0.5084648905417933,0.5003788231122692,0.5080829251320509,0.49563119260669997,0.49326963549658537,0.5046882946740422,0.5028486893282791,0.5010786956615091,0.4979782697132965,0.4933433138827656,0.49121779569962826
0.2826997567147856,0.9596119915696508,0.8176125882691039,0.5103770731392843,0.5106404974319444,0.49721991878829663,0.4996024417808387,0.5025064682616569,0.4973447117334114,0.49610594620650617,0.499949946490745,0.5093785747650204,0.5064327241951496,0.49932099657682966
0.5312755520721876,0.8476332959799457,0.6435725907859104,0.5080041502871006,0.5111125945759932,0.5082356690843032,0.49915928215815975,0.5077455713158531,0.4987500624129479,0.49607720544598716,0.5018777335536061,0.4958557678514733,0.5010431594508092,0.5036149933647621
0.5151191719775731,0.8579958281376637,0.6557827912552017,0.4921514020999572,0.5100345417833078,0.5045052219788125,0.49857592818417146,0.509262156807817,0.4899755518988694,0.49596236150703016,0.48683660793634004,0.48963473586854706,0.4971867464987371,0.49127112197965245
0.47660871048734615,0.8799960723074275,0.683998687033332,0.5096717743895346,0.5110515846323616,0.5076470375754555,0.4872459466536877,0.5010540713183601,0.48988711621631387,0.4959362440644742,0.5020400829670689,0.4891542945612665,0.5055361533023461,0.49193676478941173
0.7964920654433745,0.6053510871243627,0.41372904988227716,0.49543040781902503,0.49494799608938567,0.5081801292267909,0.49577984212815407,0.4935575889707397,0.5044875038868936,0.49733860603973107,0.5018344102432012,0.48824724170539935,0.5023122178900152,0.4911686893180168
0.5448807335335394,0.8389368814024801,0.6332966383991168,0.5090180034985233,0.5111125945759932,0.5081187186708894,0.49915928215815975,0.5043282128809063,0.4987500624129479,0.4960760547781638,0.5018777335536061,0.4957723917253295,0.5010431594508092,0.4949626425755932
0.3767893330281251,0.9267061315441392,0.754153763107464,0.49176533854413695,0.5018776934911773,0.507989131965273,0.49945632039459226,0.49357921352426326,0.5049829279527951,0.5012851889123284,0.4946620947728488,0.5102142573052009,0.49381564447071813,0.5017091581300339
0.5651925057750707,0.825631210906216,0.6178454928142947,0.5083960931702516,0.5103267513356299,0.5060102687808162,0.4914265025841541,0.5039920784446985,0.5059944684646188,0.49693913152379243,0.504269972275944,0.48964388831726013,0.49717217456516893,0.491450333646788
0.45773710349263264,0.889591498191784,0.6974669634341802,0.49573155267853486,0.5094390130809137,0.5081400892331399,0.505246894061055,0.5092548666065702,0.5022437029352187,0.5009366847429231,0.49417636243888835,0.5056570391121264,0.5042413269530923,0.491546065133921
0.8474849651287951,0.5313225759038824,0.35650290480453845,0.4909382252594607,0.49509758758049544,0.4951275298636208,0.4956646632107172,0.4938878541606369,0.5044812824972027,0.5016273405374081,0.5052373413702188,0.49657850323150476,0.5009402963637684,0.49571133125106126
0.9899714630505901,0.14397025839979638,0.09193824901869008,0.5083229227924706,0.496351372107636,0.49537064265986747,0.4877815457759612,0.5015330407129062,0.49300594448570983,0.4967392127525804,0.5058095542289307,0.5041608043464478,0.5043652581551137,0.499737966653284
0.4379931958535513,0.8994381153395365,0.7115069513106256,0.49176533854413695,0.49652842496392785,0.5080755088929328,0.49945632039459226,0.5088482010723868,0.5028573726165183,0.5013726115605579,0.4946620947728488,0.5104499849001202,0.49381564447071813,0.5019349766917329
0.4177298916548384,0.909001993420679,0.725766181860581,0.5089552965470017,0.5094397955384743,0.49562391352218726,0.4984012605091353,0.5091175572187956,0.5077297720202915,0.5014130035422626,0.5016036259029742,0.5006188837769189,0.5062733975689052,0.49637129538056995
0.746575521002949,0.6661482556651162,0.4637959103726439,0.504923789157998,0.5117488484749307,0.5108521829777692,0.5026575308445117,0.5086139977494715,0.5076922413812086,0.5098646609296285,0.504648520363631,0.5041100550271754,0.5027922240454551,0.5000455771947824
0.6972952066417859,0.7173442810084073,0.5090219330074093,0.49271453796167974,0.5003654096182012,0.5079016907423887,0.4874488749292821,0.501530029738176,0.5040161937617883,0.5015092170168365,0.5014259475769496,0.5006626877850975,0.4948478890389805,0.49112945941792835
0.9496633903649052,0.3142645665942379,0.2034502095962775,0.4919019564323811,0.5043060160946692,0.4969258197058771,0.4982330570235211,0.5013318373507714,0.5031146451097604,0.504041380057185,0.49202867155810914,0.5063764360271727,0.5011819917461932,0.4909867036837711
0.6475967617972913,0.7626273664111968,0.5518137418159391,0.5089552965470017,0.5093345227598066,0.497345049038922,0.48728515085338525,0.5091181804680247,0.5077297720202915,0.49728314101227883,0.5016036259029742,0.500437863440339,0.5013278838038477,0.49974093755698984
0.5746317080140037,0.8190954135962031,0.6105404395850125,0.5076491619662961,0.4984304334559871,0.4972338002819183,0.5055182912824265,0.4957104014590823,0.5037259073639866,0.512982674864504,0.5054136724014558,0.48912352557274513,0.4933705946573656,0.491764239830548
0.779397316756617,0.6269247556852258,0.4312466355892133,0.5045350800996,0.5041916967645959,0.4988523027082379,0.49204882408372685,0.5043879215744583,0.5081573493024406,0.497293932011279,0.5051961817681507,0.5047830201224142,0.5012834958282634,0.49974881492265466
0.9085276652595277,0.4185204706981872,0.2748170598470808,0.5046571667922477,0.5018805257912418,0.4973636327439471,0.4877417627285995,0.5014341533001151,0.49434161085604,0.5036992210189007,0.5060344766502948,0.5048105761152737,0.5010731818352973,0.5000457244428813
0.6295111294284732,0.7775360024819487,0.5667285385224812,0.5094652555378519,0.5111950220984287,0.5093816549909836,0.5052512737109983,0.5006973957225473,0.49428932644012585,0.4980429345537717,0.4953015059858784,0.49449772241597756,0.5018181510231912,0.4997483279928439
0.80875045912806,0.5888270071875558,0.40063602532400666,0.5044996202785886,0.5106457835695778,0.4973636327439471,0.4879912127661463,0.5007432422237769,0.49435946896289285,0.497293932011279,0.506298817995503,0.49439839732333263,0.5012865009809778,0.49976284612203103
0.14579756906728725,0.9898149823378832,0.9068967983771609,0.5076835971772238,0.5114182303837624,0.5080072148358645,0.4962153830896036,0.4942492603821651,0.508821805059975,0.5029643583681143,0.49942760660793195,0.5098007400170694,0.5031134623041776,0.4987423544540182
0.6678839444356399,0.7447797639077886,0.5346190925353367,0.4916336516643088,0.49596860633649653,0.5079890727524484,0.49945632039459226,0.4930285996411191,0.502857449159844,0.5014814576399638,0.49479664789566763,0.5102142573052009,0.4938538353124984,0.5020848212422819
0.8781123172667942,0.4797534546588314,0.318331387471152,0.4917045242626355,0.5091643531813141,0.5071184394881508,0.4987781388253908,0.5014275824020848,0.5041509526736172,0.5064414524227966,0.5005105314332831,0.48875596705812524,0.502785027804668,0.4851021960724932
0.7078683095580686,0.7068011285341662,0.4995197546555084,0.4916336516643088,0.4954972557127199,0.5079890967484343,0.49926903087465874,0.5084792963336494,0.5028573726165183,0.5014814576399638,0.49479664789566763,0.4963530119051266,0.4935478937771514,0.5019349766917329
