1.000207349622169,8.157647581839091E-7,5.192243136951545E-7,0.5024475736861419,0.5046552001184622,0.5014256826773581,0.4938036422193623,0.49811943149078863,0.5052075646882657,0.49255904945678536,0.5052792761407343,0.5032970028851604,0.503544392918228,0.5013906753492009
5.46385393257068E-10,1.0001848504809252,0.9999999996522246,0.5010758032071274,0.4969595498105504,0.5010360993974092,0.49317566866507956,0.4957474138428949,0.5051707147967627,0.4978495140565545,0.5068120892634705,0.49967407753843174,0.5054593555014791,0.5010213092079165
0.5398034064890884,0.8436278840610646,0.6376273757448021,0.5010686088780436,0.5046648098800908,0.5014283274266512,0.49454662228903007,0.4954515519941707,0.5184437352429881,0.49886744610981415,0.5032258207414032,0.5024744006883773,0.5333548550920374,0.5008757486328107
0.30610048290464575,0.9526020078758132,0.8020686904135474,0.499900722815392,0.5055931866267491,0.5055290993864447,0.4926272865254857,0.4888907726652714,0.504341469279423,0.515743366757111,0.5056896129661866,0.5018430806614302,0.5041035678683518,0.4961354664036982
0.7042057879732284,0.7104190048854775,0.5027960992356076,0.49866242053515014,0.5046545009455461,0.5013489633467056,0.49314351457872224,0.4946080150953386,0.5089507883636372,0.4958559595164092,0.4903398456693133,0.4997044961888259,0.4997355481439705,0.49711756827306725
0.7263457677297614,0.6905102277307115,0.4839018569057485,0.5018095357990493,0.5054726011470161,0.5001632046763391,0.49316476811349924,0.49587377633983615,0.5064525104322787,0.5090701021020814,0.5323257081808291,0.5196456050904813,0.5055348699129183,0.5225043258562928
0.5712434322665156,0.8210367007040005,0.6130155307768471,0.5010983763589187,0.4968394769164764,0.5011161686891793,0.49317566866507956,0.4935114040901141,0.5047413715684448,0.4978495140565545,0.5068120892634705,0.49968945412078536,0.5055124347908615,0.49775686574676953
0.9850829544534804,0.1746856799646312,0.11173086844261793,0.49203115392842917,0.5054849919002908,0.4998759788506877,0.4947688789572814,0.48887973051822436,0.5047182648142161,0.49266107252251606,0.5063137991710456,0.4997554856550182,0.49086947635976447,0.49724051829685284
0.9933652561152018,0.1199705659634915,0.07651517494625881,0.5063786766056463,0.4897171503052507,0.49684093109616834,0.4921727181393313,0.4950502728181744,0.5054725710437266,0.4978960362211831,0.5032257295859668,0.485229875530984,0.5088149341550946,0.5008677925977697
0.8601729244945008,0.5111460757635059,0.34133692812726046,0.49850299780532464,0.5047307060092464,0.4859337887569959,0.49956526035381627,0.5013617908873161,0.48570604364669184,0.497526066910768,0.49914023477690883,0.4985328366982513,0.5118095375751089,0.5025294658293918
0.9963648353754172,0.08876521573629723,0.05656652479432259,0.4880603756552406,0.5050868385764492,0.49903091130083,0.499964755006829,0.49391912378985314,0.5047008897522122,0.49394570192825304,0.5050057358107484,0.4984837193519545,0.5043089429833281,0.5000402004004432
0.18977185240558947,0.9836880704003353,0.8786746167856773,0.5239797135439376,0.5050893038359416,0.5099328678936406,0.4992983158338363,0.4995850725399881,0.5065156555144994,0.4963193469936165,0.506872939055676,0.46923140195545743,0.5042671402956669,0.5075969142940353
0.873054630567257,0.48888732721614986,0.3249740441173774,0.500278594034744,0.5114208200560538,0.49265721558158154,0.49427785086659004,0.499479355850206,0.510003935031065,0.4963193469936165,0.5065802500804727,0.5027611834217246,0.4848587981702003,0.4975173190825637
0.6638450699496905,0.7484805958797681,0.5381047310990075,0.4988919399312426,0.5115505019769919,0.5046842550334069,0.4931267244787524,0.49465824366557676,0.5098152644204368,0.5033613998479913,0.4917968466965899,0.5020972541094644,0.505704149146977,0.49647735352233174
0.9389384487162553,0.34498196542699905,0.22415767993592794,0.4946377264541837,0.5049017356184448,0.5000014381447635,0.492059019558648,0.49387100931450506,0.49737397594888555,0.4920722799544347,0.5052689669083119,0.4936194925484589,0.5041600291887296,0.5000870994170383
0.5232243042493018,0.8528616244956763,0.6496799098535998,0.5062656664551383,0.5006772026805296,0.5029685356085744,0.4945319679506339,0.5081687502132161,0.5184437352429881,0.5062983200456267,0.5032258207414032,0.5024075607458742,0.5051165214214014,0.5008784346450857
0.8824830723778586,0.47049922556058327,0.31182754369898313,0.4984999580197079,0.4963287609866967,0.49749276137753107,0.49956526035381627,0.5012281623198391,0.504950774146218,0.49789571290859863,0.5011287661677936,0.49803343140399037,0.5027832315138471,0.5027215184502055
0.8926974913819914,0.45111859400004933,0.2978826771928662,0.49313560057745387,0.4968633248558723,0.4996934339222306,0.4944715824691313,0.4911717661418342,0.5045641791421791,0.49877320817205384,0.5031953431512732,0.5023924314461824,0.4978738349434553,0.5001780329764527
0.7606149252529816,0.65086760944657,0.45060015108043683,0.4808557750469702,0.5038851626805553,0.5014837630320227,0.49318851608058184,0.49031813351214043,0.5036853060697426,0.49799589258053084,0.5037374956122505,0.5194261178257142,0.5117658438629661,0.4968437331554087
0.9799887422518672,0.20226576177644023,0.12957627232700814,0.49832168924545217,0.5048217901996219,0.4783726967563219,0.49996650338280507,0.49391912378985314,0.5049450855000921,0.49394570192825304,0.5050057358107484,0.4986413572639565,0.5043089429833281,0.5026674875500468
0.44068072195924196,0.897954618132494,0.7095557354650829,0.49946370316864086,0.5069118455824194,0.498931962391684,0.49218373551827355,0.500511520046859,0.5064910711034744,0.49566091313914507,0.49985669423351137,0.49175069680544914,0.5046122665547141,0.5003156303081407
0.6819162105604735,0.73215517733695,0.522608245494145,0.4852953624401368,0.4951343777908732,0.5002202606992784,0.49090923494787886,0.4936373315206097,0.5019931627524126,0.49773166781511563,0.5049330586051091,0.49764644824110393,0.5113187316548263,0.5003736789306436
0.853783386267471,0.5210906188514813,0.3488557578910228,0.49213694141273795,0.504907342731385,0.5008331110023678,0.4999684436654696,0.5011986696891502,0.5101459153519761,0.4979344547098602,0.5050057358107484,0.4986431537492341,0.5040150047129809,0.5015673365486912
0.05804106119461739,0.999312681189632,0.9630659926474803,0.5089788652183272,0.5050627670754144,0.5060233375100965,0.5256459312855268,0.49585126362445076,0.4975737137621282,0.4910936283066693,0.5068303628183645,0.5006980129166839,0.5054580771041495,0.5041476428228686
0.03519757146492444,0.9996781776306616,0.9775945718828137,0.5079006037451257,0.49677257400234726,0.5024169222877434,0.49426994405702573,0.49347944914876973,0.5047428888995159,0.49863052190670126,0.5103966243563095,0.4996607652843573,0.4975522966246977,0.4977584393987848
0.4960666405960802,0.8689291408397092,0.6697578112263716,0.48606913611077696,0.4957218373632607,0.5009305043304118,0.48381646286630925,0.49459150845674454,0.5046773854817195,0.49589685163025404,0.5028585138382351,0.4982636269466574,0.4976508562493248,0.5001033739623733
0.9311484277209628,0.367372344455576,0.23923400078065235,0.4860520054270171,0.4985395763495408,0.4981556715626962,0.4921185989974638,0.4938648870768577,0.5048256386921727,0.49277221570355856,0.5036653886023303,0.49774703736162285,0.47637529753107166,0.49311411762413754
0.5107718423406705,0.8603672927614192,0.6589309454180126,0.5055075743484141,0.5006238392095048,0.5030039700764868,0.4945319679506339,0.5082021622154491,0.5184437352429881,0.5062815461434079,0.5032261442532072,0.5024075607458742,0.5051165214214014,0.5008868385926509
0.3359158920575553,0.9434203715012557,0.7822347932363417,0.5070567560784416,0.505275252484184,0.49821177123040494,0.5293317903256869,0.48645657585227725,0.516211140929904,0.49789163421085053,0.5068220240031013,0.4996753601020782,0.5000169779517748,0.5011006671394528
0.4566347389860117,0.8915062595100567,0.6986467641690982,0.5067165987255952,0.5069053041004989,0.5011572636653592,0.5333664595234646,0.5004058154378317,0.5103340389189139,0.5047340058929373,0.5168929160452153,0.5011242003743017,0.50495220402655,0.5000862344918839
0.7509195348351276,0.6617576078013758,0.4598726054313629,0.48049375557451923,0.5037371372164479,0.49849820110249443,0.5000314387500914,0.49653003682675334,0.5022795861143385,0.49249885491553386,0.5035270215884624,0.5197033861025091,0.5045987259132338,0.49696661006286164
0.3850689014080586,0.9231184649499238,0.7484118847732527,0.49997327299947336,0.5009898630198404,0.49590814923257465,0.4923859198527456,0.5002066504636878,0.5082217523328318,0.49834522570773,0.5062708717463293,0.5015039533228518,0.5049007584751494,0.4989148319414282
0.17220114537404807,0.98565293638433,0.8898889543037148,0.499900722815392,0.5055999686072005,0.5055290993864447,0.4926272865254857,0.4888907726652714,0.5048525721306779,0.5155690059425413,0.5064574255242569,0.5018430806614302,0.5048749909479805,0.4972091780857147
0.6461880624957567,0.7638298507857012,0.5529922578478549,0.5092823548092046,0.4964483100625572,0.5045934763046728,0.49207637156887546,0.4939477970107287,0.5048273570629312,0.5151363125935989,0.5012709973955375,0.49977996885274845,0.5049018864847548,0.5000972996564761
0.10928456755707315,0.9948380315653215,0.9303455739981795,0.4856658269548607,0.49509902949683365,0.4991413663042715,0.4959887124644794,0.5156141522079996,0.5043548193556191,0.4986429437024876,0.49286382246303095,0.49860173455359863,0.4839487005464453,0.5010614433015649
0.9100014398524725,0.41502668118183617,0.2724047463372645,0.4947081590848075,0.5009859962464217,0.5000865974386446,0.4999362599915127,0.4937002939165008,0.5047008897522122,0.49389859731665336,0.5052721384964891,0.4985924758721491,0.5041341016820194,0.5000393939662314
0.48306768660869137,0.8760127667137748,0.6791771143769276,0.501516949785881,0.49682674517698555,0.5002579786739916,0.4852130327844468,0.49369933219901696,0.505434231122773,0.5048391146603739,0.5044082950860835,0.4996463566265245,0.5057445146703531,0.5001109734978587
0.2805006965797144,0.9617265727407722,0.8193328201179567,0.5204797230445094,0.5143574178739911,0.501047559155827,0.4921851605351188,0.5116527830160046,0.5061083073114568,0.47253277015577416,0.5011769132011358,0.4994024696417496,0.5042740089913148,0.5127445859738845
0.3641105257984504,0.9320772977936812,0.7629132190410597,0.5018697452524646,0.505376388806228,0.48435008014581693,0.48549446978001043,0.49347944914876973,0.5047424833428463,0.4987176142137079,0.5102706648729923,0.5009765614187828,0.4975087694433182,0.4977584393987848
0.23116005601570308,0.9736292965199581,0.8516007276681345,0.5208215907720765,0.504956696932195,0.501047559155827,0.4921851605351188,0.5005657355214653,0.50611661878486,0.4932641465247764,0.5011769132011358,0.49176353066563294,0.5046434857272206,0.5002835151983797
0.9910606462433639,0.13608560901130423,0.0868729592394316,0.49203115392842917,0.5054849919002908,0.4998759788506877,0.4947688789572814,0.49390393233255625,0.5047182910621945,0.4925490167420082,0.5063162507381386,0.4996178765065377,0.49086947635976447,0.5009312736977894
0.9998879240926781,0.03526948441121271,0.02244646156360222,0.4971396352153119,0.49679924749621385,0.4999053780744368,0.4923956617318692,0.4880239994569073,0.49839895134326173,0.49514442902000677,0.5017669869320776,0.49857854405924706,0.4839487005464453,0.5010750721029347
0.9197103036124165,0.3946958699250107,0.25807450894913847,0.49912748460578976,0.49542925128234283,0.49657854623269326,0.48879452790496364,0.4872271667541946,0.5046437019305814,0.4936088106518203,0.5032026387478381,0.49861171078769423,0.5041896974224583,0.4797175192001423
0.8433811330760757,0.5380306751935094,0.36150701069250135,0.5018226875086744,0.5066380529217549,0.4913750706095576,0.4931269517908058,0.5002236366576533,0.5048530911094161,0.5089073900696901,0.5028278553080608,0.5011388797182013,0.5047678671094773,0.49103824305181526
0.015318455249748758,1.000028514043452,0.9902490091830761,0.5011211172750529,0.5049327600771447,0.5054530636152373,0.4959557447509103,0.4959630696489428,0.5048491338310507,0.49909398573117403,0.5036659256245067,0.49924568566857974,0.5042975640538985,0.5010205870622908
1.000142216306696,0.011518528877344362,0.007331556380840543,0.5024514864071012,0.5050094042444201,0.5002619605239631,0.4938036422193623,0.49813374001903177,0.505373052635466,0.49255904945678536,0.5052792761407343,0.5017578713415655,0.5042965731999578,0.5013541651098476
0.09007902287093485,0.9960577997716656,0.9425831381291301,0.5011211172750529,0.5048875470807859,0.5014082046035998,0.49594295335405636,0.4959630696489428,0.5048491338310507,0.49907903870129333,0.5036659256245067,0.4976587460792884,0.5042975640538985,0.5010205870622908
0.0764465708273769,0.9973815276358095,0.9513000512884144,0.5080449946444194,0.49675630775169044,0.5032952203251347,0.4942743524573982,0.49347944914876973,0.5048791446524034,0.49863052190670126,0.5104275018384744,0.4996607652843573,0.4975522966246977,0.4977584393987848
0.6123861744783295,0.7913814558495869,0.5807400801527957,0.49907680973284024,0.49677257400234726,0.48435008014581693,0.48546417228421535,0.49347944914876973,0.5047428888995159,0.49863052190670126,0.5102473550709903,0.4996607652843573,0.4975522966246977,0.4977584393987848
0.6712299507565138,0.741973414175345,0.5318419316337073,0.4860520054270171,0.5115122404035141,0.50459345848669,0.49207123514616463,0.4946494222983475,0.5048256386921727,0.5032932524294518,0.5036653886023303,0.49765547279777994,0.5056864212333502,0.4965530805122042
0.817201943418707,0.5773773744115674,0.39158152841383875,0.4853534430170678,0.5033566176315931,0.5013719193559606,0.5065208724238026,0.4960843634043421,0.5058512856760825,0.4979356653770898,0.505271073942371,0.4984536527878884,0.4846703104433393,0.5015655361814411
0.2433554780405452,0.970617685261851,0.8436090438477202,0.5067759215438327,0.4874016549296668,0.5023121875090609,0.4939820673245268,0.5017405358744517,0.5104210719074588,0.4934114746054306,0.5128754549376787,0.49971621256772614,0.497290756044796,0.4907455910783669
0.9756780726039778,0.22568782382363806,0.14471375949545423,0.4807771621699375,0.49663650736130616,0.4854181405310618,0.4907470303104389,0.47619719287903084,0.5064505400761685,0.5000742194264949,0.5045497750660783,0.49034900797490927,0.5055147045543498,0.4970353711041124
0.5893304119055883,0.8082539825489934,0.5989189866281809,0.48801210712976534,0.5050823423319509,0.5000355299028958,0.4998723722703503,0.49391912378985314,0.5047215018064997,0.49875801574452344,0.50642793108973,0.498544590654993,0.5043089429833281,0.5000402004004432
0.25946256109989796,0.9684923273523164,0.8333604266238371,0.5004011153939408,0.4941007719452823,0.5099170945778888,0.4938473860030617,0.47516011865389673,0.5376697360400811,0.4923233273839276,0.5061219774079793,0.5155282335637799,0.49008178619045595,0.5015823791663631
0.9269124287714195,0.376280458582064,0.24549680024587517,0.4988919399312426,0.4985778379230187,0.498246468109413,0.4931740883300515,0.49387370844408696,0.5098152644204368,0.49284036312209817,0.4917968466965899,0.5021888186733073,0.5042602682257449,0.49303839063426513
0.4262759792201931,0.9054555893375278,0.7198843537446081,0.5024112154590111,0.5070095903080813,0.499099395717966,0.4938038065994437,0.5012556973154552,0.5096863281915968,0.5038448592582683,0.50348297639537,0.5031743433227477,0.5234705740034588,0.5016735237476326
0.8078229299139439,0.5899056615633277,0.40153846709825924,0.5010983763589187,0.496877728379181,0.4891278894575405,0.49208665889744413,0.4957440567491424,0.5054337517120954,0.49785632595145896,0.502745196916355,0.49968945412078536,0.5055124347908615,0.5011024554404658
0.6020519155685331,0.7989613479332832,0.588893281985176,0.4858309768761478,0.5048673612349951,0.5000362013829011,0.492417020209505,0.49605913145685027,0.5047217790698486,0.49880227015583667,0.5064134820197181,0.4985428571241677,0.5054308266308122,0.4970291859076249
0.9641401215479185,0.26645263957481014,0.17165364995820598,0.5083394832523144,0.5008120904561197,0.5027061507450993,0.4944787040434123,0.5086643810425263,0.5045757466412056,0.4959138763919167,0.505250919043687,0.5024080807935,0.5051314869084579,0.5010625275661491
0.9560838386667468,0.29520753586228066,0.1906553733082127,0.4842287312169347,0.503691026042711,0.49492185253245763,0.4987204146198703,0.4995683068202165,0.5097346663564534,0.49620390190004504,0.5061577387889444,0.5084596411986453,0.5106330313983864,0.5001343204428002
0.9466105379051536,0.3285342237388823,0.2126670588506205,0.4842143202002041,0.49519409238791645,0.5326939748697197,0.4850002933676739,0.49347944914876973,0.5036835819796361,0.49219405967879337,0.5061542964230928,0.4996607652843573,0.48341790688218556,0.4977697241578136
0.7713522881828483,0.6369594082909176,0.4394318290064573,0.49017656109534435,0.4939692684826478,0.5014472495366111,0.4931402971244843,0.5006818295597896,0.5052403756224716,0.4932002410187841,0.5011253040139737,0.4986730520152818,0.49092592238562205,0.49696524013275306
0.5830654136887506,0.8132327474709268,0.6040058024949108,0.5069260455121568,0.5052813623548378,0.501213493567889,0.4948384443915941,0.5118357869950149,0.5088611938645398,0.5157649799631988,0.49921983038853135,0.49881211199293163,0.5078312932039136,0.5046590342683991
0.7406264942325547,0.6731862133171432,0.469655600929338,0.4985513065743051,0.5065765011792566,0.5001603089942053,0.49262200757085145,0.4810835767178646,0.5048530911094161,0.5150909111965425,0.5063675038288503,0.502188655187505,0.5045089095311708,0.4911296819758882
0.2118300685414981,0.978245249836258,0.8642418048375169,0.5178250448999925,0.5056519933206638,0.5099328678936406,0.49929845782116516,0.4995850725399881,0.5065156555144994,0.5149743726602155,0.506872939055676,0.4912159573794566,0.5042671402956669,0.5076914428103706
0.1524593461653016,0.9885089520715026,0.9025807059830556,0.4992134407826898,0.5007672244914577,0.5045833101779621,0.4920757199848604,0.49604329896087535,0.5039825395794548,0.4942398308443964,0.5049840727310428,0.5021906869577865,0.4975061076505191,0.4966358655182648
0.9990396751574467,0.04764589052289523,0.030338485189330633,0.501063161523765,0.5007975890233806,0.5011937932105605,0.4924766207492498,0.5001093676053627,0.508291330001763,0.49876893585997967,0.5034551525283876,0.5011379897418979,0.5049107247218465,0.49721224508037565
0.9019633026136179,0.43346431597820156,0.2851994012542195,0.519616227263661,0.5009463691459554,0.4850671885132033,0.49448598651728765,0.4991296890031317,0.5045648357075895,0.505813076897655,0.5031959927284779,0.5023751375354217,0.49800889956703687,0.5000937162923437
0.6271501302033027,0.7796403507113362,0.5687385483084565,0.4906327811544335,0.5005934092032047,0.5029685356085744,0.4945319679506339,0.5081687502132161,0.5184437352429881,0.49892620898735895,0.5032258207414032,0.5024075607458742,0.5051165214214014,0.5008784346450857
0.9511891803746853,0.31026592422950594,0.20072970626882924,0.5052768062735358,0.5007476853993871,0.4999784183429461,0.48187916371321715,0.4994626421663114,0.5051226352304813,0.5056940961936452,0.4983601948599836,0.4987326430744911,0.49037390089518285,0.5003002124675794
0.8778007588338096,0.48176513554794814,0.3195487625317026,0.4986135122168175,0.5054395550483448,0.4919237708689174,0.4770336818521874,0.4965621527380263,0.5036917388668738,0.49448138475140985,0.5006150832507759,0.49963988548888727,0.4848278114343314,0.4798940348365648
0.395460023430358,0.9212272422693462,0.7418594588748759,0.5071265608846144,0.505745930312851,0.49843563326848117,0.49439773119884955,0.4951499667703751,0.5150662617024037,0.5347283090051754,0.5083976934501119,0.47042270796321584,0.49992904283138256,0.5011849739708011
0.9777717726855395,0.21198673173079968,0.13591938460304323,0.4846956010790707,0.49689997320545554,0.4989440122347703,0.4935791318395955,0.49609029483328065,0.5063935263569167,0.49991934976894586,0.5045497750660783,0.49034900797490927,0.505514748588843,0.501134216448558
0.8988796000654621,0.4415502174023119,0.29068140486370625,0.48512418671429836,0.5039098594709948,0.5000171108197992,0.5012772004867037,0.49843370284569666,0.4654521697062483,0.4959460423015363,0.5028539729653793,0.5017410999551888,0.4977657969940525,0.5027678260265225
0.9720642087710083,0.23959933463817065,0.15385049157434422,0.5063786766056463,0.5011110150781846,0.5026373977001627,0.4945138649635388,0.5312952649140781,0.5039545570864057,0.5062983200456267,0.5031146083335306,0.4989255397190126,0.5056904068709829,0.5008666697451092
0.12747156303934065,0.9928422925770413,0.9187087655929398,0.5002517278061726,0.5055999686072005,0.504566104173336,0.4944272603088929,0.510207140455709,0.4977081771322345,0.5155701953520384,0.5064574255242569,0.5196454253007852,0.5109895995459034,0.49711773916164176
0.9074586197585274,0.42152005348804755,0.27683505892740967,0.48606913611077696,0.4957577526106944,0.5009305043304118,0.48381646286630925,0.49459150845674454,0.5046773854817195,0.4939008799888876,0.5028902414405384,0.4982636269466574,0.4976664507302944,0.5000397415916575
0.9606863117052106,0.27855735560013856,0.17966518111287982,0.5053079796908971,0.500345248029787,0.5011931482066906,0.4917113259608378,0.49390253378592275,0.5052864142808152,0.4933916672279959,0.5044734200553183,0.49765910100132393,0.5037666578050407,0.5030443744718543
0.40463422034183905,0.9149198867761376,0.73491131748411,0.5070806674608586,0.4938816920271988,0.49963041072950465,0.4930908060484289,0.5100440142487922,0.505605529479642,0.49807938779857613,0.5065816209489675,0.49865703489840474,0.49074035194112187,0.5011162050234645
0.9982046727219976,0.06241265983529004,0.03975284667573688,0.5006681339425397,0.4968633248558723,0.5011940862780234,0.49470070826691637,0.5003752678881898,0.5082670257323532,0.49877320817205384,0.5035060206510057,0.5011379897418979,0.5047750099789826,0.49721224508037565
0.9686521221994145,0.2504521049019287,0.16107515527822247,0.500403016120506,0.5114208200560538,0.5099011529399893,0.49427785086659004,0.4938626302022727,0.5042069690588773,0.4940011469055827,0.5065802500804727,0.49890751231079045,0.4898584048522429,0.4974708874263085
0.9214404795587391,0.38980875952944566,0.2547826897856724,0.5020237242588611,0.499955982143789,0.4999365860845858,0.4938051473738205,0.49390253378592275,0.5045220936226429,0.4936225611296013,0.4926834957226104,0.49872729353753625,0.5174830512720031,0.5000390513001239
0.9878472028341938,0.15708061805424878,0.10039036760332992,0.5063786766056463,0.5010145881326244,0.5029672661108175,0.4945319679506339,0.5081725961505477,0.5047136251202953,0.5062983200456267,0.5031242621784645,0.5024744002968747,0.5056956888273767,0.5008666697451092
0.6404755661839887,0.7696343369029223,0.5581488239137932,0.49912748460578976,0.4965601171051156,0.49909422438416495,0.49205076662323805,0.5012642004488918,0.5096863281915968,0.49563575659960146,0.49983791244281595,0.4996796783413478,0.5243856083622068,0.4779475368920804
0.693969574709255,0.7205874310589647,0.5119779223974972,0.4852953624401368,0.4950064037961254,0.5002199306451556,0.4909864258518757,0.4936373315206097,0.5019206515064758,0.49773166781511563,0.5049311259368996,0.49764644824110393,0.5042605351052539,0.5003736789306436
0.9887317985474794,0.15278069254300392,0.09759976983928631,0.5029855780571583,0.5008773589711443,0.4985491250526836,0.4926313637053892,0.5080354235623399,0.5047507057783126,0.5154118940561848,0.5006380803985931,0.4996650883760659,0.49202452615838244,0.496642976723855
0.9454934462478842,0.33513995301896227,0.2168599926746165,0.48456729730356285,0.5055222051686407,0.5027460583502147,0.49966583896179645,0.49347944914876973,0.5279561117606638,0.49219405967879337,0.5216503066091066,0.4996607652843573,0.5387076005740341,0.4977697241578136
0.7318945941008264,0.6823254897224349,0.47769529723092025,0.5018095357990493,0.5054830505597424,0.5001632046763391,0.49316476811349924,0.49587377633983615,0.504511439701525,0.4975563777130062,0.502942882981227,0.5196456050904813,0.5045094531182132,0.49103824305181526
0.21274825360145752,0.9776772446468658,0.8635943429915408,0.499900722815392,0.5055931866267491,0.5055432839292403,0.4928366303009223,0.4888907726652714,0.49774659651807596,0.515743366757111,0.5056832385093604,0.5018430806614302,0.5041035678683518,0.4961354664036982
0.2694364368108137,0.9635638385937627,0.8264187218630671,0.500403016120506,0.5114208200560538,0.5099011529399893,0.49427785086659004,0.499479355850206,0.5096621446844286,0.4963193469936165,0.5065802500804727,0.5027611834217246,0.4900187542783946,0.4974708874263085
0.8346521340715375,0.5518884143000724,0.371927355844581,0.500094491155596,0.4891085030591603,0.501201228259423,0.4920630458774448,0.4937261815745673,0.48107940590215037,0.4973201884133877,0.49917946366351795,0.4996194562719858,0.5048882357772756,0.5000085758328904
0.6280533743377443,0.7785179045291654,0.5678428534459392,0.490653118128181,0.5054424477856548,0.5022301921375902,0.4925716587321052,0.4981052127082693,0.49819944358283963,0.49894745049263795,0.5063998664601164,0.5032556352387849,0.5056771826771944,0.5012966725499062
0.46949617635057117,0.8836241172496506,0.6890771350763468,0.5029855780571583,0.5011642632888224,0.5010953185417785,0.492613260718294,0.4992825711630847,0.5084468849169808,0.5152026732979134,0.501259157928404,0.49975002019820247,0.4849252650379051,0.49668029769234456
0.14692664946281878,0.9893457727538513,0.9061422950740847,0.4992134407826898,0.5007672244914577,0.5045253864585938,0.4920757199848604,0.49604329896087535,0.5039825395794548,0.4942398308443964,0.5049840727310428,0.5021906869577865,0.4975061076505191,0.49665424849028106
0.132694039832338,0.9917159172256402,0.9153216464977435,0.5002517278061726,0.5055999686072005,0.504566104173336,0.4926272865254857,0.48890920273314586,0.4977081771322345,0.5155690059425413,0.5064574255242569,0.5018430806614302,0.5048749909479805,0.4972091780857147
0.8310114216327165,0.5577026273223098,0.3762897579731483,0.48649856509070777,0.48907771295409963,0.5000528241502304,0.4920630458774448,0.493469922752364,0.48107940590215037,0.4973201884133877,0.49917946366351795,0.4996194562719858,0.5048884152137315,0.4970560132480377
0.8255076480188929,0.5652345352040531,0.3822209893487288,0.5048358886006231,0.5140911290371766,0.4989136512790582,0.49485196171879514,0.4994685537391663,0.505127338661872,0.4986439111793511,0.49468599955900927,0.49866034119860947,0.5071441914769416,0.4891716602868096
0.47147743804984305,0.8833164417403552,0.6878729107552366,0.4993941903523575,0.5070095903080813,0.499099395717966,0.4947147816789222,0.5013645627433116,0.5097635520235584,0.5040376247540459,0.5063029359484987,0.4999143742152846,0.5234705740034588,0.4779475368920804
0.8997790462732258,0.43904605646214806,0.289000044604389,0.49100981703379665,0.5083540211108988,0.4863650334426701,0.491500498605712,0.5112435906496972,0.5114790096289712,0.48088901573120507,0.5056580152263731,0.5015166695390454,0.489332225185602,0.4990561512115589
0.6765520235929577,0.7373172837554024,0.5273438104862859,0.4869529394737144,0.5039033568225879,0.4891131809586377,0.4929800624510793,0.5074492143921101,0.5115305826270199,0.49179126642546367,0.5066218573924907,0.5013008079666742,0.49597409261605646,0.49706127043907333
0.7273632593252649,0.687704826534789,0.4821628827062224,0.5090696167612268,0.4967503532624303,0.5083215995019142,0.4938329679349572,0.5110290512781659,0.5103138076245073,0.5127109015961431,0.5060937510147472,0.5044234213133295,0.4815641388050842,0.49670453472179243
0.7969484403485828,0.6052131359051675,0.4134835002855082,0.48596860528783015,0.5044117742757716,0.5002421323452935,0.49405795310167155,0.49476234667822355,0.5127170345549965,0.4925775574117021,0.5119080901065187,0.4971716225809994,0.49564591206654196,0.5063174826830494
0.6550700564833217,0.7562444650110148,0.5455600997484602,0.4905688608586029,0.5048348150334482,0.5010921472900304,0.48953547608039255,0.5070842293801973,0.4924878724583141,0.4989295664765651,0.4871847319048348,0.5014826255804833,0.4962812611303773,0.5002468002819009
0.909548192220778,0.4178737656738367,0.2741719058935025,0.4869848498014671,0.4945715474073469,0.5010921472900304,0.47864850268497144,0.5070842293801973,0.4924878724583141,0.4957573658959648,0.5124277793736713,0.5014866948036649,0.49676437756216885,0.5002468002819009
0.5669164245148272,0.8245371751907948,0.616547264890613,0.49950848845219625,0.49482851695861296,0.4999998783616889,0.4857959492819832,0.5160208700377292,0.5087116246985084,0.4991232820497748,0.5028822319531803,0.5014536345436056,0.5049435734522209,0.5055467468792518
0.546207536915099,0.8390119796783269,0.6326150843319609,0.48572721767009575,0.505199183351421,0.5000006416846572,0.48540071091714526,0.4899207042632782,0.5132639741939494,0.5197289531078029,0.5029613290488538,0.5015626721009455,0.4956389492013203,0.49939464453910937
0.8794069978270209,0.4775107550455876,0.3166843971968077,0.48466942861917006,0.5102895660344934,0.49712278957853695,0.49370033033632466,0.495096895371278,0.5102550731785093,0.49274598849186496,0.49318460986351437,0.4997117997566719,0.5046951307267077,0.49313787954447014
0.9198120492725816,0.39427839303849743,0.25780493419760864,0.4870699747686073,0.5047078787654127,0.5086367774504335,0.49453402145066017,0.5172735550517616,0.49828006040515593,0.49420231456680025,0.5053946900682242,0.49815934404884177,0.5049549537675002,0.5082906029783903
0.6668217878025741,0.7457185292716,0.5355211747343298,0.49926952984009737,0.49568190854035427,0.5001112050300917,0.4921975682916508,0.49686334883750516,0.5127090500511212,0.5068937436837374,0.5071957542620159,0.4982855459759998,0.5041203068694847,0.5017302559902435
0.7438260957937498,0.6686705093033564,0.4661588865544279,0.5005042280411115,0.5069373499863918,0.5010273300070881,0.4932702679508434,0.5004058154378317,0.5083384044563047,0.5044976592232422,0.5034641745440803,0.5012477488337498,0.4993416861907566,0.5003106538001071
0.43766119998483566,0.8997624410029036,0.7117872127764948,0.5100012362211888,0.5017786440882128,0.5009447376000806,0.4975477403814482,0.515543843359897,0.504512157537299,0.5068882191129749,0.4936709932274632,0.49861067706851503,0.5040246471426596,0.4909427087424259
0.9898364581637398,0.1464583032754017,0.0935171018080409,0.4920792726530075,0.49375312993845444,0.5175455235090625,0.49315951983980894,0.4940637517986664,0.5045176340146386,0.4922726056420269,0.49637415495444737,0.4986874270280927,0.5048163242622913,0.5017635970458698
0.9286161398420866,0.3719212111880338,0.24251841304406316,0.49889706065076095,0.49514611137190717,0.5008631707684131,0.4957749121963152,0.49369985147617756,0.5127303603404776,0.5052178025254239,0.5058708751290606,0.49872186756593645,0.5042488710621773,0.500318848970229
0.345725059829594,0.9386370588810662,0.7753322475683643,0.49942586978964815,0.49532387000774075,0.5012863420873079,0.49589515877890294,0.49369876311806116,0.5127303603404776,0.4996627008833836,0.5044971925264319,0.4987098333306357,0.5042553717623327,0.5002315242303446
0.6169194448221731,0.78774798536849,0.5770441273741445,0.49020017076766637,0.5105438002360602,0.4997603055802964,0.4931402971244843,0.5117688770543289,0.5104255153944006,0.4932002410187841,0.5010625940741132,0.5013357648278313,0.5041572975993502,0.5003621537637388
0.6871022607162907,0.7268684945890415,0.5178994503852575,0.49206361056657383,0.49861228459685364,0.5008852672636911,0.4931833898641195,0.49673953943805305,0.504502517067131,0.4932600264383102,0.5010605352565034,0.501453132255927,0.5054388377445203,0.5015257302309304
0.5760745770177735,0.8177980183965928,0.6093145234365123,0.49957561300466546,0.5052814300150853,0.5001035442988816,0.4921548912280934,0.5099881380947429,0.5065294567651831,0.5039231376227984,0.5067808538045664,0.5009334711957898,0.5057711811538785,0.5003594974295853
0.8294083894576871,0.5597007604699243,0.3779137266921977,0.48686627505837154,0.5010545612509543,0.5012939463795547,0.49311731896882566,0.512700685940264,0.5100503477845271,0.49427415282196063,0.5061098435674037,0.49607080894822897,0.5045694882757163,0.500174270610601
0.7375760185003951,0.6755913110051461,0.47209430715236345,0.4923858737572845,0.4985911663094863,0.5008852672636911,0.4931833898641195,0.49673953943805305,0.504502517067131,0.4932600264383102,0.5011065309751966,0.5014586830941486,0.5054388377445203,0.49787782225130295
0.20083257045692618,0.9799611326976921,0.871313446422278,0.5004168243610916,0.5048083920667533,0.5034625344899409,0.4944231783482451,0.5117730462933325,0.5045680257356642,0.4958392235373857,0.5065813231033062,0.5024503557633342,0.5049538814484177,0.4965808699156842
0.7695238546514703,0.6392697118592048,0.44130631850600016,0.5068325735543471,0.504771815383704,0.5060575840069698,0.49382876292582695,0.5101409478280482,0.5107302439674483,0.5058588941455977,0.49914023477690883,0.5019985643065501,0.5038609074277312,0.49968280825614864
0.9496153098757153,0.3147392579953758,0.2037465999425575,0.4946086684453335,0.4965051230432104,0.49151526922073535,0.49263875797174866,0.4938364873723373,0.5102911622394055,0.49382715213472445,0.5048290631090259,0.49351340703054514,0.49972554277715414,0.500036964666142
0.4576176737945325,0.8898857306617116,0.697620171853343,0.5008215927958821,0.5063797331812375,0.5011309389348946,0.49441197736083325,0.5151247728039089,0.5084179574077087,0.48556592843290136,0.5063894260534182,0.5017117916185917,0.5054188778787653,0.5003106538001071
0.5274031214424852,0.8498862131725848,0.6464225195962743,0.4921171496268175,0.4955940351358038,0.4999341884867447,0.49602018831831873,0.49886774474795903,0.5045643825651575,0.49358627599593796,0.49376370610582276,0.5014680882859751,0.5050475725588714,0.501765287540265
0.6952799459187494,0.7189243936559847,0.5106428188545765,0.4995188637319242,0.5037702009980563,0.5002405813381454,0.5016025942366792,0.5012195139609901,0.5066750422159638,0.5057942887778534,0.5028539729653793,0.5033029093040111,0.5035158739672989,0.5022648614725274
0.5115330882445781,0.8599971056768405,0.6583942566499545,0.49949886308582137,0.5052816963268831,0.49805328907393637,0.49313853393641377,0.5012425466570614,0.508869035483553,0.5154118940561848,0.5035098305984761,0.5008414342226561,0.485327098575701,0.49769904616346605
0.39559768087254416,0.9186515315802207,0.7411322572834691,0.5099982073258077,0.5042684174894196,0.5000943012645578,0.5009581888605028,0.49829545757059823,0.5046016314448383,0.49789163421085053,0.492679435048558,0.4997234321886949,0.49969352410268625,0.497232038188732
0.8892997380648792,0.45818034294774723,0.30286879531482613,0.4857653061934552,0.5054424911511488,0.502236101293956,0.4925716587321052,0.49663560310028254,0.49819944358283963,0.4987993577286464,0.5063705073883261,0.5032556352387849,0.5055004109326504,0.5012966725499062
0.14455166387449658,0.9899440952239668,0.9076931253811021,0.49835032600190077,0.4951131511805296,0.5135676296489337,0.4931171118384607,0.4959556880457569,0.5065482499052774,0.5039572313465848,0.5012817079506718,0.49967159190841093,0.4896887743226939,0.5010605155011301
0.8686268107735444,0.4961955754598913,0.3304088367103312,0.5070797929216267,0.4954127760862978,0.49592036225169556,0.4908359185533929,0.49459053223595234,0.5090246740270477,0.5056940961936452,0.50358088087392,0.49868803164489,0.5056289744209351,0.5002800849832538
0.47780898891385215,0.8788304406462348,0.6829737128315716,0.4995031492140616,0.5052814300150853,0.4989873590654512,0.4921548912280934,0.5101583299814233,0.5065294567651831,0.5038466312253859,0.5060433747108362,0.500879593609318,0.5057711811538785,0.5004456277405626
0.28263735653211985,0.9594510154139032,0.8176217322895263,0.4993342227789643,0.5009914999019416,0.49910722727334783,0.4926022315929324,0.5069399032903068,0.5045159395181846,0.49437018979174163,0.5048121426180782,0.4977534728433855,0.495729492573726,0.4966238920055332
0.24549042597637952,0.969814193254622,0.8421668793484508,0.48576605405347345,0.5048673612349951,0.5023193430806412,0.49257209183344947,0.4966183249026059,0.5045662613896363,0.49880227015583667,0.5064344721781734,0.49864617592677135,0.5054632150328228,0.4970291859076249
0.706819396141396,0.7077594592635026,0.500423067742332,0.4974521425688944,0.4967823853342301,0.4999053780744368,0.49258705141184667,0.49680134311168844,0.504233595456413,0.4950921702164044,0.5011404294425282,0.49045098241054935,0.5043335276510532,0.49518218274599574
0.416438961655534,0.909378014546655,0.7266127295139839,0.5096776290155159,0.4967259891737593,0.5000573564840022,0.5009581888605028,0.49829545757059823,0.5045997263618284,0.4978910666362097,0.492679435048558,0.4996985049335533,0.49969352410268625,0.4973001918744625
0.8388249328436809,0.5452377187154699,0.36693266861929186,0.5013996367356508,0.4887944664192728,0.5008977919821133,0.49588832636845287,0.5098465584097088,0.5104861096631503,0.4935443701557893,0.505860271512524,0.4987135870435976,0.5049862815005441,0.5009650271842166
0.8579471604348243,0.5142438757960319,0.34375553411981025,0.5092823548092046,0.4964483100625572,0.5032929280954257,0.49207636820025635,0.4939477970107287,0.5046495068001369,0.49790846250972676,0.49906834414521334,0.49970057185736555,0.5049018864847548,0.5000384635427199
0.6272296248589182,0.7791078072234586,0.5684866703511917,0.49861486831068147,0.5054129602757763,0.49805328907393637,0.49314345921254615,0.4981643164116723,0.508869035483553,0.4958652223502873,0.500722820037063,0.4997358205416382,0.4979667863900615,0.49479486603982464
0.64450666492002,0.7651074012273393,0.5543342345788167,0.49864106415918735,0.5010338347227716,0.5012384687270742,0.4903343619978892,0.5014722487022383,0.5045468812149596,0.49773337897099873,0.5067296701396957,0.48547709787693677,0.5026257383192051,0.4997512900119779
0.958989372418071,0.2845011290036609,0.18359910577811134,0.49402520187534493,0.5049635732974572,0.5052380072183282,0.492070530628955,0.49390253378592275,0.5052864142808152,0.4939536183115977,0.5048598241175092,0.4987132530965698,0.5037666578050407,0.5029858662340524
0.316042897130272,0.9490261613918772,0.7953478629352746,0.5070861663262856,0.5066352690970033,0.5008096487886949,0.4931365973513509,0.5014162988305023,0.5068404631823075,0.5055083520966549,0.5035454881480687,0.49872122002640745,0.5056039302587519,0.5003104118961804
0.7155702215858087,0.6990357105641735,0.4925592583187598,0.5082899801405284,0.5013776483536617,0.5027153074817622,0.4948185089481071,0.5089328129462268,0.5092043994801297,0.49811889063231096,0.5052070282985803,0.5030878327076395,0.5057962614505739,0.5016223229693861
0.3697892396367091,0.9299409319348824,0.7590539122696449,0.5053683492990512,0.4965439213267832,0.4989124875046067,0.49269489110158965,0.5010163772476927,0.5254397270950782,0.49789163421085053,0.4998677725724794,0.4997234321886949,0.5042075083409708,0.5010243628436226
0.027980190532589294,0.9998224360009579,0.9821887427806179,0.4944717201657407,0.5050868385764492,0.5000865974386446,0.4996877761701792,0.5066653333762166,0.5046984349624412,0.49394570192825304,0.5052721384964891,0.5022966415749548,0.5043089429833281,0.501593159197094
0.754935592325869,0.6566669587410833,0.4557531345734465,0.4971396352153119,0.49679924749621385,0.4999053780744368,0.49239249920461403,0.4903045169869933,0.5037161318632574,0.49514442902000677,0.489953068292185,0.49857854405924706,0.4839487005464453,0.5010750721029347
0.9798338313475514,0.20245292784147162,0.1297128283351226,0.4846956010790707,0.4966635903028303,0.4989440122347703,0.4935791318395955,0.49609029483328065,0.504509469345415,0.49765293988249987,0.5030117686063802,0.49034900797490927,0.5044892877596447,0.4910878214035263
0.7772556230869311,0.6295645718316736,0.4334101879619943,0.5085415985953141,0.5054435370427385,0.5032975239709122,0.499964755006829,0.506170525224926,0.5041756372085187,0.49785863177028333,0.5064700603407986,0.5024788928122812,0.5028574087432116,0.49697274754681087
0.8489976108111508,0.5291514203073626,0.354820976207698,0.4985075497606951,0.49601627878479937,0.49154625854224965,0.49218156930787127,0.5005657355214653,0.5048689241627188,0.4932641465247764,0.5011769132011358,0.49176353066563294,0.5046434857272206,0.49061229381042565
0.604579067017586,0.7973616482194806,0.5869967506983007,0.49907384511751524,0.49677257400234726,0.48435008014581693,0.48546417228421535,0.49347944914876973,0.5047428888995159,0.49863052190670126,0.5102473550709903,0.4996607652843573,0.4975522966246977,0.4977584393987848
0.788571758041223,0.6156294845019122,0.4219863918730775,0.5098702542770557,0.49381919202379265,0.49957585179901004,0.49309218331214927,0.48873084178895204,0.5055793546066378,0.4960498704369278,0.505767898438218,0.49864449819929363,0.5039388856251635,0.49618149160162195
0.9696004982405445,0.2462440131561711,0.15833139449234834,0.4946087604515414,0.5048397021941715,0.49996699574082326,0.49427785086659004,0.4938626302022727,0.4973940935471009,0.4921012286943748,0.5065802500804727,0.4936432172857983,0.4901040602285641,0.4973868053733667
