1.000272911534222,3.408040917339685E-5,2.169034277704155E-5,0.49943103852443504,0.4975301457111553,0.5010614974709775,0.5021988200565468,0.4915353145503902,0.4935700762028774,0.5008517331758878,0.5020372922091538,0.5006579298012007,0.4918092534866325,0.5086680218097519
2.1892140013092825E-5,1.0000778665550953,0.9999860641159498,0.5001609035618649,0.4943088640951691,0.49993765502422016,0.5015934120675708,0.49953913649011655,0.4993440254569986,0.5022344632601967,0.5001657776993201,0.5006448876894942,0.5043512873021341,0.5042304184843508
1.0001214450634008,0.01716990927833175,0.010928302853731385,0.4999898651044655,0.4975540056345396,0.5010613997364771,0.5019244983372857,0.49146435269479005,0.49336077319484023,0.5005199970683237,0.5004920043890968,0.5008481499696794,0.4919391328911316,0.5086521635563037
0.9996676540673572,0.030804789304521123,0.019611251914818273,0.49942178548138577,0.502168390867172,0.5010580554779515,0.5002725968584425,0.4929989404103443,0.4968782257404465,0.5008225452968321,0.5005314565798762,0.5008481499696794,0.4993067086721178,0.5086612540200715
0.9990693598990026,0.04811671304911399,0.030636911732649874,0.500023454189684,0.5025031454535436,0.5013182763460777,0.5091828001007711,0.4930110592137433,0.49758165253609127,0.5008225006493819,0.5005320542149828,0.5008131433912564,0.5019380970279415,0.5086589529019272
0.9982554715225588,0.062013003581180844,0.0394969413925681,0.5000348174696462,0.49760564332460316,0.5010808412731979,0.5025699696018048,0.49132691034019244,0.49749407708248106,0.5008096564448083,0.5004582856923775,0.5008121217178958,0.5028760081095984,0.50865895909313
0.9980863954936663,0.0646804037175833,0.04119816346485569,0.5000348174696462,0.49783699414536503,0.5010808412731979,0.5025699696018048,0.4913269119963789,0.49749407708248106,0.5008096564448083,0.500459339829322,0.5008121217178958,0.5028760081095984,0.5087312756911234
0.9963944275198007,0.08666501608676333,0.055233306422315866,0.5007906674694214,0.497602895949442,0.5011559631158626,0.5027953970443749,0.4912807187149045,0.4998909831951466,0.5005074496086601,0.5009450922212321,0.5006814240756735,0.5058121913069202,0.5054195722811543
0.9956708641163745,0.09471821376135685,0.06037996415428473,0.5007913036473643,0.497623582149504,0.5011566455496845,0.5027953970443749,0.4912807187149045,0.4999480279296643,0.5007738609901204,0.5031335522171738,0.5006896197831341,0.505817839706524,0.5054585757302716
0.9939923983851965,0.11087688533861313,0.07072068288179509,0.5007913036473643,0.4976236119493286,0.5011566455496845,0.5027953970443749,0.4912807187149045,0.4999480279296643,0.5008962780206733,0.5009450922212321,0.5006896197831341,0.505817839706524,0.5054589501907051
0.9935686421756836,0.1135323592548053,0.07243064027137534,0.5001753376226638,0.5019935343685524,0.5011193689728719,0.5026593956287302,0.49912230990628914,0.4998912918735303,0.5007870033164515,0.5008435964863295,0.5006702029131755,0.5007444128775662,0.504321373695794
0.991778093821149,0.1286803779599543,0.08214072241197407,0.501333929502436,0.49495134634282245,0.5011166126410701,0.5026509420303977,0.5000295037803388,0.4996870603337886,0.5007883349638946,0.50052960765939,0.5007371741563549,0.5059819948194128,0.5042823280212209
0.9888823564600644,0.14923786851980195,0.09535632989459274,0.5001753376226638,0.5019935343685524,0.5011572511682671,0.5026593956287302,0.49912230990628914,0.4998912918692573,0.5009435277599354,0.5058190239517976,0.5006695674539884,0.5007407924601333,0.505583715200722
0.9868089867074791,0.16227572175526855,0.10376023699784509,0.5005247698713164,0.4944200281519522,0.5011547716460727,0.5028833659662912,0.49954295556716566,0.49982356548307694,0.5009435184243329,0.5008515868448684,0.5006791624478474,0.500705949144169,0.5043378861199267
0.9862108214870944,0.16605009359989753,0.10619280517555989,0.5001293544541066,0.501625929761755,0.4974212018973227,0.5001861911679543,0.49928850980537864,0.4987117937105594,0.5007722816314478,0.5060841845452151,0.500595880053006,0.4961248478018596,0.49473614098519747
0.9821977991492253,0.18883174478029768,0.12091751842900356,0.5001930642289752,0.49695930180333514,0.49781466058532375,0.5022232879134144,0.5071979759015981,0.49872036530308034,0.5007723552084585,0.49197492644490615,0.5041654674559466,0.49946170589780414,0.49453504214888977
0.9793917361195428,0.20302081853822415,0.1301237422819156,0.5001930916239402,0.49695930180333514,0.4974255814230891,0.5000918652520498,0.5071979759015981,0.4988086780305123,0.5007723552084585,0.4921723658625939,0.5005995022358942,0.5075584612448958,0.49507225239626507
0.9773125076067473,0.21234138605987316,0.13620195580061514,0.500216996613434,0.4969535488323087,0.49620338366998257,0.5020602459263664,0.5000160647121661,0.4986805833654405,0.5007679811664606,0.4926803054213394,0.5006425033128427,0.4998296330307058,0.49452671862693026
0.9730502356613336,0.23110963658836298,0.14845319211986793,0.5002163597924921,0.4969535878154317,0.4960504602380904,0.5020623042746106,0.5000160647121661,0.4977262297611346,0.5010411368062178,0.49268141863814485,0.5005995022358942,0.49980125328623615,0.49454002528002927
0.9697579314828193,0.24466497859281075,0.15733255424013284,0.5002199602840764,0.4969535488323087,0.49620338366998257,0.5022216103220193,0.5000160647121661,0.5063130382682364,0.5010420672919884,0.49283773295704264,0.5006425033128427,0.49972647951930127,0.49507225239626507
0.9658691938791774,0.25995068866314863,0.16737170845208232,0.5000542911108224,0.5001377122171453,0.5092248285341686,0.5021682699728629,0.4965214810759875,0.4948629214588048,0.49595047905455075,0.49216073487593376,0.500478795921348,0.5040642827705455,0.5039863293639851
0.9616461681284716,0.27477580228953097,0.17718315603846466,0.5000573778568385,0.5016040714310274,0.49810005062320056,0.5021684462641729,0.5065573349727119,0.5003612227211243,0.5010201625734174,0.507046489210656,0.49991433911326616,0.49800193528194675,0.5048813467943061
0.9574565987916819,0.28903136467419893,0.1866411794702173,0.5001797132048679,0.5019935343685524,0.5011572511682671,0.5026524539656322,0.49912230990628914,0.4998912918692573,0.5072083537002432,0.5058190239517976,0.5006728793130067,0.5007142478658894,0.505583715200722
0.9558513643776615,0.29547435607741296,0.19086124012365663,0.5000574829134776,0.501593546206333,0.4958381945339006,0.5021684536486393,0.506676299887788,0.5003612013099727,0.5071236212379557,0.5184053937210622,0.4999182018349792,0.4980024184164806,0.5039469045224598
0.9489346404207903,0.316918108367355,0.20519893059771033,0.49741945953921707,0.501600495903398,0.49973047839968526,0.5021399927045102,0.5064017568048031,0.5003311944729794,0.5092016319877148,0.5163834683624645,0.49590761138565553,0.5040481064225643,0.5039657497701704
0.9422165411517553,0.3355293716913579,0.21779046175884342,0.49738811834378555,0.5014297389057223,0.49747832243842105,0.5021406557767013,0.5063607653958733,0.5019356034022281,0.5088975624010956,0.5007840890028418,0.5003421579351648,0.5040419403033142,0.5039648902267203
0.9365175670006688,0.3513048997462874,0.2284665401005381,0.5000879443760928,0.5001377122171453,0.5092248285341686,0.5021682699728629,0.4965214810759875,0.4948629214588048,0.4959657777811315,0.49207953996343795,0.500478795921348,0.5040642827705455,0.5040053233277485
0.9305706632506203,0.3664782488176026,0.23883956469159412,0.5007194605263673,0.5004793375752649,0.5019430545112499,0.4988453216150456,0.4933964044506135,0.5020230838546521,0.5008340641289356,0.5007461279864925,0.501026129953345,0.5077048000108703,0.5043357086003438
0.9240755583936412,0.3827241613394332,0.2499762032551277,0.5002114960767098,0.5004739049474612,0.4973675450650719,0.49872921719195284,0.4933776332102766,0.4990283044799214,0.5006500954254173,0.5000745124938096,0.4884770975574108,0.4975663060887855,0.5019872145284934
0.9171646719685637,0.3988939336126543,0.26116912463272496,0.5002114960767098,0.5005028181129286,0.4973675450650719,0.49872921718458146,0.4990904515804532,0.4990283044799214,0.5006500954254173,0.5000745124938096,0.4884770975574108,0.4975663060887855,0.5019872145284934
0.9103682221115446,0.4150625891009949,0.27232869273069366,0.5014891073455363,0.5005030097552636,0.5019935977701678,0.5025950744765766,0.5058840436688723,0.509347232038998,0.5118871989801624,0.4999309873267582,0.49318714498987004,0.49744585268091596,0.51393084298534
0.9025947838590843,0.4309325158527071,0.28357283318496923,0.5015171000657153,0.5004983198879963,0.5019891953939776,0.4988244986896309,0.5058804257265463,0.4988477242301378,0.5025169533676384,0.5099890159241336,0.5000875645406451,0.49512975653934843,0.49594632567296265
0.8957640504191975,0.44540327539480556,0.29375635736683187,0.5014891073455363,0.5005030097552636,0.5019935977701678,0.5025950744765766,0.5058840436688723,0.509347232038998,0.5025291401331388,0.4999309873267582,0.49318714498987004,0.49744585268091596,0.51393084298534
0.8866037192312856,0.46378232397553565,0.3068229092790013,0.5002295688057031,0.5004982729641602,0.5020029155281404,0.5121744925621838,0.5058809309485521,0.4939749341794266,0.5008738874578813,0.49922196563981025,0.4858650776391294,0.4973481954710639,0.5121785276040994
0.8777416784860991,0.47953465152749164,0.3183222794534177,0.5015228566189885,0.5003275556833974,0.49986204746309554,0.5028114760105024,0.4920748063298143,0.5084249558329742,0.5009305541683371,0.4994959411767305,0.5022113657459608,0.49641286330814705,0.49462100585366897
0.868575081870544,0.4964334606193909,0.3305566065894768,0.5015228564898491,0.5164782307257002,0.49987415187609485,0.5000563006561891,0.4920751451632127,0.5086108839743876,0.5021752312456148,0.4994738260693284,0.5010818416486941,0.49788215561876037,0.4964156532383552
0.8599508256297966,0.510924671541124,0.34128800097832185,0.5034782413754845,0.5024884620169486,0.5028197773559616,0.5000859006392872,0.4921468619957911,0.5084240563378982,0.5009098058993381,0.5005220672695514,0.502263658786259,0.5068160155016722,0.5082531196332507
0.849445762383624,0.5281748184607397,0.3541426151889275,0.5031795459625517,0.5023807422343635,0.5017176855888806,0.5028432959057358,0.49215685267221104,0.5075815878363321,0.500526298487132,0.49952884557234856,0.5023399345205218,0.5065094461178025,0.5083175450825803
0.8386065161408615,0.5451973623140265,0.3669868939276195,0.5035042534391339,0.502501836185822,0.5028489575499886,0.5000859006392872,0.506012867061213,0.5084219834731526,0.5008256376202705,0.5005220672695514,0.5011051909451576,0.5068160155016722,0.5082531196332507
0.8301352668061704,0.5580056188677455,0.37676063011969607,0.5035196908426249,0.5025018422530172,0.5028752870652087,0.5000859006392872,0.506012867061213,0.5084219834731526,0.5008292814921965,0.5005220672695514,0.5011185540394328,0.5068160155016722,0.5080442141066024
0.8168623020482347,0.5774195281535467,0.39172816425931706,0.5035010636546358,0.4944976226117415,0.5017176546431518,0.5000622524060472,0.49187608247936937,0.490896269010149,0.49034736938968754,0.4993633716982508,0.5002292355448026,0.5065072936451543,0.4971244288768951
0.807153685617537,0.591854433467891,0.40279053210723326,0.49434073351591024,0.49428213604661403,0.499916422464958,0.5016350727802941,0.48631047474906114,0.4914169984637994,0.47808495055281974,0.49936896693664695,0.5006507496639007,0.4911160576479405,0.4976583156200727
0.7937248245632423,0.6087619135078031,0.41652298519325176,0.49457279667200316,0.4943372112039739,0.4960573041153776,0.5016350727802941,0.4929199766437876,0.49932671549176044,0.4964528023812625,0.500970414077171,0.5006507496639007,0.4879502484445479,0.49763899654926874
0.7811014683984147,0.6246666152229263,0.4294467814561977,0.5013069963931633,0.49428213604661403,0.499916422464958,0.5016350727802941,0.49343537246642805,0.4997618679351232,0.5004845781128571,0.49936896693664695,0.5006507496639007,0.4911160576479405,0.4980728272505912
0.7690611894793232,0.6396332216906415,0.441672431834888,0.5012622570610004,0.499520330880231,0.4999472028056831,0.5122437405135384,0.4934439512192939,0.49929242277866914,0.499889352113974,0.4908386899527469,0.5006809733795512,0.5027362576392224,0.49760575956997044
0.7554977353090143,0.655463121387353,0.4549401886562273,0.5013129817125772,0.5114447428685007,0.5042938395072977,0.5026322853061613,0.49970231218870287,0.4996730564411105,0.5005709328848919,0.5003674319782965,0.5006947698006659,0.5064322258095972,0.498060891726204
0.7413291769129128,0.6714583067417847,0.46854094079411823,0.5001593010004931,0.48988588675358125,0.49804695144854844,0.5026028356904982,0.4996530355858856,0.49913399328516694,0.5025299602656802,0.4917687893804554,0.5041211419008205,0.49808188422834654,0.4980040419465662
0.7284947701890446,0.6853607319831403,0.4805839656930638,0.5001593010004931,0.48988588675358125,0.498213405379075,0.5026028356904982,0.4996527286602083,0.49913399406809034,0.5025301281791056,0.4917687893804554,0.5041211419008205,0.49808188422834654,0.4980040419465662
0.71454334241293,0.6999469810587111,0.4934308476504589,0.4997461079708552,0.5024858352312581,0.5023075598830439,0.5015763650903768,0.4917828695940033,0.5025422904308682,0.49655646125218833,0.5044615748160087,0.4935248114848778,0.49088814101042005,0.4979517002549275
0.7002628793422593,0.7144069357480747,0.5063647968290977,0.5001661104435332,0.513465876910063,0.508042046235821,0.5025355420334787,0.491782886671727,0.5032854468449391,0.4968135426187048,0.5044462999379336,0.5014637086386184,0.49774088600174643,0.49783888137624493
0.6856448620621314,0.7285098538547293,0.5192909221140948,0.4997445994502537,0.5026700126373381,0.4852287279621257,0.5015428908263178,0.49181098798110356,0.49456716367209613,0.5028797407671318,0.5044432799853432,0.4938878166753329,0.5048788644453677,0.4979711486466638
0.6706862664209512,0.7420437647932662,0.532128587427287,0.5039570101966739,0.5030168188124313,0.4983010197239236,0.49821504688986756,0.5082217181613602,0.49987183415551706,0.50304524401449,0.5029374010059393,0.4938186296170703,0.5044400194295721,0.49291385297909235
0.6556218276749468,0.7554647467739853,0.5449697576566944,0.5039569272564658,0.5053542305996,0.49998123083224927,0.5107025739388374,0.5082833809574687,0.4998773176334198,0.5030569734020854,0.5029372946793063,0.5006446213220488,0.5044468010337823,0.5042166085870209
0.6407374281439385,0.7680332736470786,0.5573688601455336,0.5034267324621097,0.5021365397211792,0.49820993664763846,0.5015851868215546,0.5082365615562378,0.4950418435935324,0.5029754179944599,0.5035893581697896,0.4939141742959787,0.5044468176476468,0.4959058750872496
0.6245595885713925,0.7811868771487712,0.5706403754825012,0.5034228691878402,0.5021524784930045,0.4982480455930672,0.5016159707738256,0.5055793132879157,0.49503466361365045,0.5030527615418211,0.503691998487461,0.4940222936813352,0.5044526518386281,0.497266422425414
0.6077313929724,0.7945211627749853,0.584305865001041,0.5034195861432059,0.4974650925273151,0.49825142153395546,0.5021163604579469,0.5055948422167028,0.49777510073862963,0.5030527652329007,0.49621748648626535,0.49343798340693057,0.48717074023280804,0.4972738591700439
0.5891641381493375,0.8084759297259811,0.5990877004671921,0.5008142364060519,0.49766185953688746,0.5010229059154281,0.5022873081110599,0.5051667519180673,0.5006882182117369,0.48974013077772927,0.4963976684003114,0.49344656033112966,0.4871335081718595,0.4972663949131088
0.5773545884792698,0.816763463689324,0.60826927514267,0.5032568491201518,0.4976920222984552,0.5059400338843594,0.50278688554621,0.5051574044490805,0.49916784057720054,0.5028326420230002,0.5059916877747657,0.5006810119737616,0.4908398471812441,0.49758303790540603
0.5612806185893282,0.8278936760413809,0.6207134783121943,0.4965830732934783,0.5001526816278262,0.5056897534565737,0.5022941058067407,0.5054530225136615,0.4985119309480938,0.5029897823799102,0.5001532215196567,0.49353557299894196,0.4909136732605694,0.4972955501279041
0.5448018491162283,0.838822758080776,0.6332991805276689,0.5030377877631479,0.5006740284525688,0.5056897534565737,0.5022941058067407,0.5054559785416819,0.4985119309480938,0.5029897823799102,0.5001532215196567,0.49382137982674384,0.4909136732605694,0.4972955501279041
0.5264109121569303,0.8503929467579684,0.6471292368660158,0.4975893434040416,0.5001392985062347,0.5026163656386493,0.5022515443595865,0.5054529958746979,0.4984302508748819,0.5029495620023091,0.5001533694858894,0.4935466331635138,0.5051222186081706,0.5034271463112965
0.5125190018123515,0.8588578061677268,0.6574841780610916,0.4975893434040416,0.5001392985062347,0.5056907883082238,0.5022515443595865,0.5054529958746979,0.4984302508748819,0.5029495620023091,0.5001533694858894,0.4935466331635138,0.5051222186081706,0.4979687342096079
0.49618175656174623,0.8684677985055027,0.6695485994645923,0.5030174001801243,0.5005617309238157,0.5043215148459148,0.5090626324990354,0.4999109066929461,0.49495196650375417,0.4959708692986986,0.49886228153471984,0.49396739242165255,0.5050991590861504,0.5008143713097477
0.47801702426283516,0.8785178643794058,0.6827623399207805,0.502994532013284,0.5005617320382012,0.5043207857019921,0.5019649967628644,0.4996858474524048,0.49409822074866205,0.4959831550469908,0.49886436866358513,0.4939710070060504,0.5050991551178305,0.5006544197000907
0.45841424885096166,0.8890210573435802,0.6969176296403058,0.5030174001801243,0.5005617431547555,0.5049044397171826,0.508937804080647,0.4999109066929461,0.49495295921734067,0.4958663900931873,0.5055090891525491,0.4938211150228865,0.5050991639171463,0.500738173243052
0.4438094220662276,0.8963880588417397,0.7073288135943219,0.5029809498624681,0.5005527613085937,0.5042894906581377,0.509063322795224,0.49990964321634,0.49409822074866205,0.4959831550469908,0.4988644001569038,0.4939710070060504,0.5050983526505736,0.49615187427189295
0.4310723589941996,0.9026261050780864,0.716355437880069,0.5045608603014723,0.5019551335629001,0.5049001095892129,0.5091545951625438,0.5002766331028395,0.49543886595642916,0.49607536990130247,0.5057118561911068,0.49396351994632676,0.5050983526303007,0.49615151226863713
0.41412309512734996,0.9105903100844065,0.7282739646186251,0.5029924018829722,0.5000666859011014,0.5037326639972354,0.513046867945477,0.49937466128583397,0.4993886070510714,0.502288821993153,0.5097489358814394,0.5007389291850454,0.5051727145570789,0.49615187427189295
0.39720977041325634,0.9194843872210676,0.740400539737353,0.4822909390906008,0.4696106661023266,0.5016765998233773,0.490262115403683,0.5000200570423917,0.4958339169000914,0.49597042689410437,0.4933021263027557,0.49397150020612235,0.5051962714852651,0.4883505015539117
0.37588811929341615,0.9268352654018104,0.7547161174439437,0.49743432383282976,0.4982694397725873,0.5018512184994682,0.4927646753013386,0.5003672889993399,0.5069425254312391,0.5029480111402943,0.5001566533384602,0.4957770681614512,0.49949859963646037,0.4958474854448108
0.36705754503760407,0.930648769820841,0.7608356513076383,0.5047348742588913,0.5021658806441478,0.5018515627800811,0.5131606567233984,0.5003583963860307,0.5001138672423706,0.4887285421061663,0.49274769691605713,0.4957744848112842,0.5009546616808608,0.49590017448052864
0.34937607055708886,0.9372486912965713,0.7728463111594389,0.5047348742588913,0.5024536441566654,0.5018518592323916,0.5131606567233984,0.5003583963860307,0.5001138672423706,0.5027435584978512,0.5004949036978568,0.4960461693360342,0.5019793135319691,0.49590032512533344
0.32875904054866756,0.9445205580159388,0.7867615384664162,0.5001376240972228,0.5021306759326049,0.5018522257951894,0.5068296738789009,0.5058534079812101,0.4996222088089036,0.5009985749176339,0.5002299919302665,0.5012065781700384,0.49743820108545966,0.4983620624734407
0.31935270077319144,0.9478665359170824,0.7931159460001272,0.4997445994502537,0.5020978595002046,0.5044256746877878,0.4962036973722083,0.4909722929456415,0.4947299960701249,0.5009770307513689,0.49970927235763446,0.49362415635071105,0.5048700381246555,0.49767839123841423
0.29694803503647865,0.9550067915659725,0.8080837557855527,0.5026446221992653,0.5021306759326049,0.5018700335704149,0.5067873553472949,0.5058494615647622,0.4996222088089036,0.5009985749176339,0.500229992000134,0.5012065781700384,0.49743820064863886,0.49812350300565755
0.28777741915550936,0.9578431574832579,0.814194047257208,0.4965228039224821,0.4938920545079257,0.5016895129756772,0.4959974035684397,0.4976968926365847,0.5072080918499456,0.5009710157375584,0.4997177876754163,0.5006577205387054,0.49740914666852754,0.49755720330970127
0.27426659029065215,0.9617821691638585,0.8231522895147114,0.500042651234766,0.5021306759326049,0.5018453043174014,0.5068296574641409,0.49772925677223834,0.5072078348033682,0.5009985749176339,0.5002408279831323,0.5012424084690272,0.49743827980068644,0.4983620624734407
0.25817265506071924,0.9661991510199356,0.8337758089985217,0.4967998482053253,0.5018706558239032,0.5011225348907843,0.5026679959265989,0.4994067200431061,0.49981383524916895,0.5011853569263375,0.5061230058172095,0.4979993004359679,0.5007098574952175,0.5055719573371553
0.24220546402557475,0.9703216384005462,0.8442732883834981,0.49684370738936134,0.5018706558239032,0.5011397990752445,0.5026679959265989,0.4999391506385409,0.49981519142645275,0.5011853569263375,0.5061230058172095,0.501191619276735,0.5007073224769775,0.5055719573371553
0.22979593773267107,0.9733253736530523,0.8524009030069237,0.500561971180572,0.5018706558239032,0.5011397990752445,0.5026679959265989,0.4999391506385409,0.49981519142645275,0.5011853569263375,0.5061230058172095,0.5012291460301301,0.5007073224769775,0.5055719573371553
0.21588854516618822,0.9765475485188474,0.8614882286693727,0.4967587912618029,0.49863219620063326,0.49682165594164923,0.5001946539941973,0.5017238138165148,0.5000197961530434,0.5003223290712567,0.4924038126482528,0.4982796139010878,0.49606786534223296,0.5049765298453665
0.194012459016152,0.9811189441927937,0.8757143606047054,0.4967592737126326,0.4986605705646841,0.4978322012879201,0.5001946653848898,0.5017238138165148,0.5000198400170737,0.5003223290712567,0.4924038126482528,0.49979500806388233,0.4961293207678351,0.5049765298453665
0.18909726398583263,0.9820320402291162,0.8788965772731098,0.5035212517638257,0.5024932821843239,0.49770679278880053,0.5001938703355702,0.5019515782307027,0.4998307931904246,0.5005340463640974,0.5018515086201683,0.4997785504257155,0.49529149935109323,0.5043205755402249
0.17350004304743522,0.985183926110654,0.8890233003992263,0.5003523372885507,0.4985075761429254,0.5041150538124126,0.5001936403152881,0.49923646210357564,0.4998475948077334,0.5004647755474909,0.5011558184470585,0.49959986805984785,0.4952373733501659,0.5173330225339908
0.16058562986067454,0.9871824933832936,0.8973398595132166,0.5001841009086916,0.5038710738632171,0.49785471850225527,0.5001937931091619,0.49917414816205097,0.49980909026744713,0.5004067097671105,0.5026274226323646,0.4995979766183758,0.4970330005417404,0.4889507250899677
0.14823142661600408,0.9890315947138689,0.9052913440900138,0.5046041401510319,0.4987718989120337,0.5018686697946726,0.4996004887472387,0.5002790501776916,0.5000442835507063,0.5003217064530705,0.505346871005316,0.4983038333536174,0.5021498699940671,0.4960765584093138
0.12615006280752353,0.9920653558340908,0.9194801814116064,0.4999497418297852,0.4989539153120976,0.5018686697946726,0.5005508726196437,0.5002790501776916,0.5000442835507063,0.5003284528092845,0.5053006494073545,0.4983038333536174,0.5019390369267941,0.4962664756359809
0.12350898967537774,0.9924427048155177,0.9211782480379732,0.5043319740793233,0.4988245935154979,0.503938487271024,0.5002777246748257,0.5054100030952209,0.5000564687163976,0.5003062359035212,0.5029737281012313,0.49970911550809005,0.49554709340582065,0.49784731781148184
0.11138970258437253,0.993959108045628,0.9289525695542152,0.4993903316142225,0.5019050017968145,0.4998406017260116,0.5002194166913856,0.505392291131804,0.49735441597542784,0.5000169314191643,0.5028799654647682,0.4997313084614303,0.4952451815149465,0.48950973957201604
0.09278686140414259,0.9957575920862115,0.9408491888580441,0.4993903316142225,0.5019973320069987,0.4998406017260116,0.5002194166913856,0.505392291131804,0.4993609136370875,0.5000169314191643,0.5028799654647682,0.5005857337452161,0.4952451815149465,0.4975253900539263
0.07214586585792457,0.9975734750927707,0.954038815173954,0.5001646403216335,0.5019758503525115,0.49998034809387304,0.5002194954185492,0.5053526816723894,0.4995100290892217,0.49898050656752174,0.5018523942681965,0.5006199376067372,0.4955813972104657,0.4889697667137767
0.07220546661094498,0.9975163635123134,0.9539983534689577,0.49493129192549934,0.49700891633694416,0.4999176842438887,0.5001594567063837,0.49944404155605704,0.49934770747335866,0.49896521136570243,0.5002647206578413,0.500620074464389,0.4908433220605906,0.49765923022943387
0.06429582806740365,0.9980614369197195,0.9590450933028802,0.5002447541884456,0.4943088640951691,0.4999655105537767,0.5016361708739532,0.49961535614857594,0.49951135757228327,0.5022360999442915,0.5001649138775557,0.5006473071603303,0.4908433220605906,0.49765923022943387
0.051934264842890564,0.9988034460917574,0.9669277954126738,0.49490834431884745,0.49427923315156536,0.4999176842438887,0.5016350727802941,0.49970504515161385,0.4993440254569986,0.49896522994308945,0.5002576469365112,0.5006507496639007,0.4908433220605906,0.49765923022943387
0.038461689156742175,0.9994142503756007,0.9755122617459453,0.4945692169683316,0.4943088640951691,0.4999655767012491,0.50163784308289,0.4996162812323324,0.4993440254569986,0.5022432738693846,0.500165643499425,0.500647264633286,0.49121445850021656,0.4974994541155487
0.0034038329521889547,1.0000717905084355,0.9978332165628329,0.5001609035618649,0.4943088640951691,0.49993765502422016,0.5015934120675708,0.49953913649011655,0.4993440254569986,0.5022344632601967,0.5001657776993201,0.4996364059821316,0.5043512873021341,0.5042304184843508
