1.0003136237331907,8.628249171999307E-6,5.491191855583333E-6,0.4963667523041578,0.5023516118319232,0.4976734414051602,0.48823339684878986,0.4954251485252415,0.5031194514136417,0.4994564416204608,0.501123371970968,0.49489501396274405,0.5096300153334347,0.5001078775399166
4.2297393595903597E-7,1.0001610749458887,0.9999997307697954,0.49632923812164786,0.5034694948515882,0.49755756176638305,0.4972007223179862,0.5011735055172429,0.5032685625975035,0.4994048553287454,0.5008461672255544,0.4984541124715327,0.510243436758613,0.49885412874416474
0.26516168499923864,0.9651542021376268,0.8293095897467873,0.4966754352840463,0.5052172720471722,0.5070432315262845,0.5235507737425561,0.4956325797897832,0.5090922971971582,0.5083284506584625,0.5010322371278527,0.49730025483917817,0.5097076131712339,0.5001971376944327
0.30597844371886,0.9528623591930188,0.802193265795232,0.4963871708488479,0.5024950194848171,0.49809547515544594,0.4932044578737621,0.5058413444534208,0.4923382681012888,0.5113693145096752,0.5206693538624169,0.4983136500540886,0.507853834987144,0.49876857052261964
0.964439797250952,0.27247328586536246,0.17528926286715574,0.49306636008455396,0.5063025868066201,0.4614673996461006,0.48826263752498134,0.5009429510030583,0.5005800159908387,0.5082517091674139,0.4816831147717389,0.4949645386182225,0.4976339766556755,0.4933363357592861
0.1252662120112643,0.9923659254065265,0.9200623608559702,0.49723518048586596,0.5007282650788607,0.5067390313601163,0.4925690834695671,0.5000757999477804,0.5016119067004471,0.5083599435141972,0.5010809516684595,0.4946867193256344,0.5037184822568236,0.49596006657339614
0.15152492801349177,0.9889217832805149,0.9032083941003689,0.49640814164284797,0.5074462906358881,0.5053302716696924,0.5118057637847948,0.49597799179550656,0.5090627548459489,0.5094334147401173,0.5009067197682323,0.4948636251445084,0.503501756970638,0.5001968427410329
0.8653298723730017,0.5020118626994434,0.3346633871738285,0.49719547743281145,0.5023366389839865,0.5041924832304944,0.5105373429878987,0.5040761802788875,0.4932868063864462,0.5077476400408919,0.4984932985982005,0.4981826965741227,0.5112151221344081,0.5032816528605416
0.877045612312049,0.48111733643484533,0.31941857604112345,0.49736792207262925,0.5024168342006462,0.5019426275682338,0.48933585668616636,0.49570819115055115,0.49217522988762896,0.5081371741550939,0.5012071860261994,0.49409105058437985,0.498874389764828,0.4947441876400337
0.7182887294912512,0.696221079644804,0.4900689535463537,0.4915175720375704,0.5012440149076673,0.5064785093636804,0.4925877651003479,0.5000530488353843,0.5039517100653856,0.4947353677703018,0.5024575349812052,0.49602563723658394,0.509777084384865,0.4998680089973402
0.7308093006894408,0.6866417842513083,0.4801694607719169,0.4949615432530407,0.5063025868066201,0.4614673996461006,0.488249626621307,0.5074531792220833,0.5006046699203808,0.5082548552275685,0.4987777537087175,0.4697967079652444,0.4976339766556755,0.4933363357592861
0.5806920718164923,0.8149929022308345,0.605885320386828,0.5062106556504786,0.4939097949277841,0.4972615493949704,0.48811981944925226,0.4955906747528597,0.5007067210572226,0.47943330949988994,0.4998965902637931,0.49483503679734236,0.4991293502393708,0.4963354130862733
0.388421336833786,0.9217189671302292,0.7460996567072311,0.49613509872307426,0.5025014895905169,0.5038928836159234,0.4971041141018018,0.5011620547696555,0.5087799024739873,0.5084245488014376,0.5020159448880082,0.4989281849363778,0.504343787178706,0.49950626597950754
0.3714110814602766,0.9299175969049821,0.7580902941729984,0.49646785344314753,0.5012330986764716,0.5039502750524874,0.4905775078746412,0.4740875275118137,0.4821994081629686,0.49635213824683067,0.5014272249785012,0.4983764059462349,0.5087199592202581,0.4879650744748898
0.06820050389852335,0.9982920156969448,0.9565754007279236,0.49676968337947824,0.5005930106753079,0.5026929464213246,0.49033199662063415,0.4957753638841118,0.49240473092110815,0.5083568395801329,0.48222122595510275,0.49451080499711586,0.5039787213167513,0.500097711616473
0.10292771998945997,0.9950351340433012,0.934380608751086,0.49669451037830953,0.5064725871692685,0.5026929464213246,0.4907355511642067,0.5062729206312979,0.49241024723575044,0.5083568395801329,0.49917590133271106,0.49609546561197543,0.5039787213167513,0.5000970475180788
0.17256490663725588,0.9867325205989614,0.8897793016449969,0.4921097308658608,0.5023048100101142,0.5033291518436704,0.5379432998675917,0.49998315053834613,0.49361064870434684,0.5083465679329785,0.5010935900983914,0.49605590495413276,0.5079164221806911,0.49962425369049934
0.6288693811520032,0.7779454651847579,0.567209930162135,0.49183045829883326,0.502340706130944,0.4981442432660534,0.5035442419679691,0.5058413444534208,0.49218706782439586,0.5084371710386171,0.5014604132237857,0.49826845578258366,0.5087555612800458,0.498775327135732
0.33561601775656225,0.9422165334094251,0.7821575831560197,0.49714972089329307,0.5052156042419812,0.5027509473962685,0.5035170862936825,0.4957806376695504,0.5053804635085566,0.5084521801619677,0.5010612299927372,0.49601050118393186,0.5038111784774785,0.5000959700648423
0.5446521221817754,0.8392839652015041,0.6335389206644046,0.4970978284978868,0.5194396627849153,0.503777320601072,0.4925690834695671,0.4998156662121643,0.5016119067004471,0.5035970447791648,0.5010809516684595,0.49604699040631167,0.5055465885469984,0.4983635163359559
0.7046551161086152,0.7102258903108848,0.5025065335266523,0.4919580228022786,0.5062085479516425,0.5064785093636804,0.4925877651003479,0.5004836817686166,0.5039517100653856,0.5094524366847661,0.5024575349812052,0.5075661033796024,0.5097746458425955,0.5039432864841172
0.682072555940483,0.7325745785364246,0.522717282439431,0.4963326623986055,0.5056421762734526,0.5078148466164087,0.49248631550759875,0.523412139466674,0.5008820531140756,0.509229594676333,0.49822298106259716,0.5060562785575231,0.5102394331347028,0.5014873326762033
0.04302104403628744,0.9992854398530275,0.9726092824970818,0.5000462871877026,0.5013811736598657,0.5037528050748991,0.49325421272504083,0.499989793937761,0.5018840925051777,0.5082792554066822,0.500630978288154,0.4982926709715668,0.4925176494323687,0.49573568771831755
0.6483545796563985,0.7618201189931315,0.5511136126661982,0.4964441820687936,0.5015585583210189,0.5024330500812433,0.4901460560597463,0.5000981154864904,0.49357825173987385,0.508839696817049,0.499016975603709,0.5014746286536879,0.5104483111343193,0.5041134432624251
0.8578480588291518,0.5145182007792534,0.34393770532612017,0.49737851391423654,0.5028666308121468,0.5023027073661468,0.49234926036827775,0.5002247570262993,0.5033711571367383,0.5080276770272205,0.49953158328871894,0.49446477432460884,0.5100525046900256,0.4945787743348431
0.7591410968181961,0.6514504503166236,0.451491795660793,0.4973730331521392,0.5065188313233098,0.502158314658613,0.4905568227443792,0.4964161687390435,0.5034722796588478,0.5082226477869135,0.5014323985705867,0.4984062117913583,0.5100525046900256,0.5000587636866182
0.31685250501690454,0.9493494518937327,0.7949242334222921,0.4963871708488479,0.506805988467356,0.4982043233051562,0.4932044578737621,0.5058413444534208,0.5036606709842275,0.5114450214747882,0.521802092926828,0.4982755253443834,0.5079051926970086,0.49876857052261964
0.921373813697088,0.3914561473483877,0.25576404777545847,0.489321233691944,0.47299551571371035,0.5037695414832598,0.503227991080687,0.5003457503683906,0.5028308962199194,0.5082923459336041,0.49866674286806406,0.4972829331097586,0.5087792433361726,0.4927761508730757
0.8840110886812999,0.46822291665958354,0.31009175307926873,0.49813416674837196,0.5039011555885309,0.4950940043433944,0.4893328817174837,0.49566770279150585,0.5029461737119354,0.5075736333828405,0.5033559382563696,0.4976069123916563,0.5084079112481245,0.49499577863773203
0.9747753462964837,0.22428263884666935,0.14397190010784255,0.49096646060701926,0.5028271672174214,0.4971629150925336,0.5039749373229381,0.5003198306608048,0.5033734312225686,0.5036145784124232,0.49706633135886946,0.49471074627281414,0.5083798144633842,0.4998967915167467
0.08526853785875932,0.9966215410372979,0.9456646683369311,0.5000462871877026,0.5063748424327592,0.5037528050748991,0.49328338272147554,0.499989793937761,0.5029725817923716,0.5082792554066822,0.5032481279470432,0.4982895250873708,0.5084765121170296,0.5001683597256097
0.9862330372200628,0.16700361958611692,0.10678890218901543,0.4966573371877989,0.5011795119031305,0.4993623594527271,0.49058885017866277,0.4957205332391642,0.49278488183649133,0.5083467940222481,0.5010705299736701,0.4960587402602067,0.5038118630077479,0.5002784469606459
0.6518759764313042,0.7587714876700682,0.5481495114424466,0.49718336634301213,0.5025351906881637,0.503283833240919,0.49060304010261624,0.4998407202431808,0.5031923856658944,0.5088369320465214,0.49901608463710206,0.49235588602728564,0.5087691234563138,0.5003452578545907
0.7434701935139464,0.6709661574861441,0.4673953947544318,0.4892992686197175,0.5066582959022082,0.4664347063495883,0.5034418299508113,0.49997885381647994,0.5034266225583842,0.5088388583402542,0.5002183687683144,0.49834850028310423,0.5089798327725288,0.4997148711623973
0.4200360464594106,0.907945002194147,0.7241518166241495,0.4927676360137944,0.502500225222648,0.5038869959353718,0.4917997188993378,0.5011620547696555,0.5087799024739873,0.5084245488014376,0.5020159448880082,0.495054911648417,0.5088345265785444,0.4995138138256155
0.500759240213138,0.8660822602733756,0.6662663453154299,0.49202551547778783,0.502340638543742,0.4981442432660534,0.48956266696086914,0.5058413444534208,0.49238770820268546,0.5084371710386171,0.49884018167732336,0.49826845578258366,0.5088604417972846,0.49877553317046164
0.18930550600388024,0.9828142198500252,0.8788605837644365,0.49184020718301547,0.5074462906358881,0.5053302716696924,0.512073933989906,0.5092553460189286,0.5088793850801168,0.5094334147401173,0.5099265069060102,0.4945077933432792,0.5095634877127331,0.4895157205038706
0.48332126923976104,0.8767242961411679,0.6792543957748357,0.5165546464674744,0.4866589296699339,0.5022410306751143,0.49014618225339435,0.5018038541700847,0.5032674586424296,0.5083039043522471,0.49880989505745865,0.5190599156978042,0.5101551345611591,0.504119731882515
0.982696343552918,0.18708605376963702,0.11976664049741637,0.49670812795983016,0.5010430422938117,0.49494961163586076,0.49055384777569644,0.49564129376512717,0.4925264799573699,0.5075754979398449,0.5033559382563696,0.49761930057746634,0.5084079112481245,0.5002528343743
0.9520853062757223,0.3080267119283316,0.1991985714674773,0.4992187287979653,0.5025587327970611,0.5037576927202158,0.505761890669251,0.4954108030725812,0.5199315962058536,0.5084000297969727,0.507777012640273,0.5080712043998519,0.4979786871992847,0.49962936679057884
0.9046845783762395,0.4266269613772979,0.2805267805347915,0.49961709744228566,0.5023559135604876,0.5025934002139101,0.5070319245265631,0.49518595651035335,0.5042590204657054,0.5083397777994478,0.5011851529174498,0.49468928875465,0.5037298837891636,0.4959886160094604
0.912766129694248,0.4091656448740159,0.26828067578247744,0.4971908949509667,0.5025353370532372,0.5032778861889157,0.49060304010261624,0.4997787294388214,0.5028067523158338,0.5083752249585948,0.4971529684559986,0.49835404336969746,0.5087691234563138,0.5002781159299762
0.9571171433745848,0.2913922155488681,0.18814173090028316,0.5062106556504786,0.4939097949277841,0.4882109333680776,0.48811981944925226,0.49565475727972647,0.5007067210572226,0.4913302195980461,0.4998965902637931,0.49483503679734236,0.4991293502393708,0.4963354130862733
0.6681640474385822,0.7451510889781829,0.5346441362899363,0.4918950349358243,0.5025717995702372,0.49809547515544594,0.49258177661816294,0.5058413444534208,0.4923382681012888,0.5113693145096752,0.5206693538624169,0.4983136500540886,0.507853834987144,0.49876857052261964
0.4528569982857153,0.8919509586660623,0.7009156185896062,0.4979219824218833,0.500757465905646,0.4961923008513371,0.49203625540283613,0.5057100750623799,0.5015452919873038,0.5115562438060604,0.5000038585292936,0.5057225438754652,0.5057411058409829,0.5032975480751579
0.9362159545849187,0.3522729267822441,0.22911079138878054,0.4991785285465314,0.5025587327970611,0.5028118614351659,0.5070267912313938,0.49553606562216207,0.5087739391466666,0.5076703392667219,0.49980852418052735,0.5081702978104631,0.5033043824843597,0.49948684335225535
0.6100442845330633,0.7948199718375646,0.5832539554137592,0.4963326233860384,0.5007523444737876,0.5173534244962408,0.4905791020149746,0.5000757999477804,0.5015816996711212,0.5116661593664156,0.5002594900922628,0.49604699040631167,0.5356546125267859,0.4892736005720463
0.895966772134412,0.4448902751676574,0.2934065865459212,0.4950741971181769,0.5037917302041394,0.49509389843325835,0.48934397913166916,0.49586879409859935,0.5026004054544098,0.5075616255723147,0.5007407643660353,0.4929263825845226,0.4976339766556755,0.49467111224487065
0.9899025765785251,0.14312928351597579,0.09141485516868303,0.49634370096718694,0.5023423032484627,0.4975635162070994,0.49706664499832115,0.4954202468256991,0.503112015318007,0.4994048553287454,0.5003711565081185,0.49468259865344355,0.5101113658013153,0.49878714978877164
0.822699724205878,0.5705305031111003,0.3860083926108883,0.49646785344314753,0.5012357448006465,0.5039643208736619,0.4879281255225389,0.4740875275118137,0.508789573684929,0.508136003493328,0.499016975603709,0.49499526101502844,0.49802535082094446,0.4877937511050202
0.20087321135724273,0.9798871882586635,0.8712786586295947,0.49961400285685337,0.4927410131344996,0.5021038714765731,0.4905455643320194,0.4954153181136389,0.5032139695254872,0.5081430952111333,0.49885975333535815,0.49768948467316493,0.5036725090512865,0.5000051019381024
0.8497934925461836,0.5276930799207539,0.35376539464961104,0.4966573371877989,0.5023356213108248,0.5026262326446319,0.49058885017866277,0.5001424114759462,0.4934799493959714,0.5083476949256684,0.5011338961142198,0.49601050118393186,0.507920308767505,0.5004394542283879
0.9991384961387144,0.06887831179569591,0.04381777853378055,0.49205559501602325,0.4932667012697256,0.5038150089723531,0.5076855905798631,0.4973004194093241,0.504091264242599,0.5084159958142523,0.4663247858528205,0.49473025139980237,0.5078552090915225,0.49693159736178066
0.9477680414042648,0.32255993752690765,0.20883674586871714,0.4909664592642055,0.5031604498393312,0.49678460072888025,0.504596299485275,0.5001158584630389,0.5033734312225686,0.5036145784124232,0.4698279635674125,0.49490085495892583,0.5083693708241112,0.4999299752121983
0.9995594096947052,0.0417442548127059,0.026571491168558448,0.49183045829883326,0.502340706130944,0.4981442432660534,0.4896926705701038,0.5058413444534208,0.49218706782439586,0.5084371710386171,0.4988627997208539,0.49826845578258366,0.5087555612800458,0.498775327135732
0.9954655802147454,0.09834205624800924,0.06268826808376815,0.49665313912002923,0.502244683278362,0.5026901089554701,0.4965894344009666,0.495614170942105,0.49352617311899677,0.5035361318122856,0.4991246178102041,0.4959386533096665,0.4872562707992073,0.4952073099003419
0.9965915405605802,0.0917227119760088,0.05842759792003169,0.49906860474964027,0.5023903898678471,0.49700192066299964,0.47416707803918223,0.4967695610300485,0.5029313392393526,0.5083541762318995,0.4970396726009918,0.4978114396803275,0.4981859263616191,0.5038703634426139
0.4662132654584976,0.8850736293612468,0.6913549336047293,0.4966490000331244,0.5065395209114217,0.5041057131682691,0.49305706362866125,0.4950108426189315,0.5032605852492641,0.5095658472695908,0.49891095832646515,0.49457298741789185,0.5076679590445886,0.5044142643819812
0.8308379732513506,0.557285868149868,0.3761310544089004,0.4966924448930866,0.5007608497929378,0.506445352952799,0.49061323091504366,0.4952904450907325,0.5031198420533133,0.5082423612946396,0.501069911110968,0.4960582847864531,0.5130962956344973,0.49942675329030184
0.9715396329127041,0.23977943438132124,0.15404160558789048,0.5075717449082378,0.48795492638903903,0.5036444974580151,0.48532706730374686,0.495389102360192,0.5018075364100161,0.5092242845208395,0.5006534297135256,0.4937747714185094,0.5097778966446959,0.5040104284087318
0.807754587389242,0.5901598638583175,0.4016947596224735,0.508017219494187,0.5025447288452024,0.4971309745493887,0.5036611765183209,0.5012331015197848,0.5091673752770893,0.5076683921975105,0.49723977631400557,0.5081410291566844,0.5081977525426498,0.49961675227038305
0.7860099091026574,0.6190183976962377,0.42468926095827153,0.5079072956972959,0.5023886564744546,0.4948712577937409,0.49183082244173243,0.49048794486311775,0.5030260461897348,0.5083541762318995,0.49065420360340717,0.49451877099951896,0.4981950325155142,0.4932023088055052
0.7766483749040144,0.6378847741058188,0.43774772722017213,0.5114179316921895,0.5057935082642583,0.5682889143150878,0.510698413142746,0.49996033070537227,0.50083342226257,0.50062501499144,0.500652133041681,0.49869242177172146,0.5090668880384589,0.49990423500686987
0.7428191717321503,0.6715272565400646,0.4679375139229291,0.48715892832110186,0.4880395820409039,0.5248380028671547,0.490655506103201,0.5004742238782781,0.4924833835970395,0.5088367380646928,0.493586065679392,0.4943874077454935,0.504641439283067,0.4889332220141027
0.027382253765582752,0.9999020244240275,0.9825705638640576,0.4999617262471215,0.5063726307697286,0.5064971100562722,0.5035888693804202,0.499989793937761,0.5058787790174031,0.5082792554066822,0.5009946721601833,0.4982926709715668,0.4925176494323687,0.49573568771831755
0.7773193933231289,0.6296639082617995,0.4334337686544561,0.4892739715552963,0.5064695725417907,0.5037559853858701,0.5034418299508113,0.49997885381647994,0.503444305182911,0.5084211179166891,0.5002984908577536,0.49823701834129114,0.5090626008485072,0.4998851641402824
0.23939809353006028,0.9737922925871086,0.8465361080565381,0.533332810560313,0.5058279300391324,0.5321851133397549,0.5020379114894444,0.5011032516792676,0.5198184878645389,0.508400614715168,0.5010383414711739,0.49451354309753676,0.5098040002396071,0.49674123492181904
0.5174530277269187,0.856039124843367,0.6538683015438448,0.49431960817209386,0.505801260036931,0.5013032694037055,0.490613376352265,0.5056956842761271,0.5026004054544098,0.5006235659297347,0.5006526416149838,0.4929263825845226,0.4975320429537613,0.49467111224487065
0.4949555746643649,0.8693518874688907,0.6705052336862294,0.4980215128832357,0.5063633338638086,0.5013152399966511,0.4906022789380795,0.5072520879149899,0.5029461737119354,0.5082668630380943,0.5033559382563696,0.4976069123916563,0.5084079112481245,0.49499577863773203
0.9286755549766001,0.3717715779234297,0.2424159525675176,0.49719086840034393,0.5012224155213186,0.5032768955721607,0.4905133116009838,0.49983862926717204,0.5028034318432927,0.5082923459336041,0.4986445257147743,0.4972829331097586,0.5087689837741378,0.492702112349872
0.22350403489781795,0.9749637317331226,0.8565379151862786,0.49783909242704216,0.5061781263555448,0.5032887806629842,0.5015574161808978,0.5010774093957165,0.5038384770174715,0.5082199313544237,0.5014328922255186,0.4983984495655485,0.5100723267206146,0.5029191309234766
0.015512986063951897,1.0000858289819057,0.9901257658070635,0.4971558689730616,0.5025068792988261,0.5067291800885259,0.49703394961771546,0.4953734929920506,0.503265250852012,0.4994048553287454,0.5003764714294592,0.4984541124715327,0.5100707395535018,0.49885412874416474
0.21480549088618803,0.9769386277465549,0.8622150098209832,0.4978709780834011,0.5058279300391324,0.5032887806629842,0.5020379114894444,0.5011032516792676,0.5038384770174715,0.508115039694171,0.5010383414711739,0.49451354309753676,0.5099061730726768,0.49674123492181904
0.5962701580849331,0.8033638102546825,0.5935174754693497,0.4971719104067548,0.501148493664443,0.5037693555993328,0.48844331972678895,0.49678466341545224,0.5034183626575063,0.5148883599850945,0.5008309023855231,0.49599743600263224,0.505573426686353,0.49586415381484067
0.9932490542761901,0.1186634116922289,0.07569814272177805,0.4971592542374521,0.5007523444737876,0.4956986644623248,0.49242767521579495,0.49501631391891115,0.5016119067004471,0.5116661593664156,0.5006684142192467,0.4948170874579453,0.5058563001226739,0.4983635163359559
0.9283851988357726,0.3722984772952511,0.24279596317067453,0.4971908706478752,0.5012224155213186,0.5041744222603123,0.503227991080687,0.5003457503683906,0.5028308962199194,0.5082923459336041,0.4986445257147743,0.4972829331097586,0.5087780063336543,0.4927761508730757
0.9028485348887559,0.4324288305042534,0.28436202590883464,0.49222299673319164,0.5023559135604876,0.5025399760677067,0.49268197851373874,0.4951580634719611,0.48070651436802614,0.5083397777994478,0.4988286219744511,0.49468928875465,0.5207073066678481,0.49614274515738027
0.42916271048736976,0.9038216265740917,0.7177797039209002,0.48514758794703405,0.5062627021510075,0.5064518613735755,0.4981408517998097,0.5074827980543248,0.5031413051139134,0.5082563042892738,0.5007402557927324,0.4982883565573926,0.5097129194145615,0.5004410860064081
0.8367117016341105,0.5480966326677144,0.36919130123053745,0.4998704268245052,0.5007061154138143,0.507761146423477,0.5035486766669912,0.5001358649188705,0.5035775294607456,0.5082439567656364,0.5009085105417516,0.4944985020059115,0.5079330084965508,0.5001265734621342
0.9793857531660737,0.20356184706364544,0.13046166792548897,0.49664646040309973,0.5013811736598657,0.5022447732188922,0.49063200688274694,0.499989793937761,0.492808380967419,0.5082777715430858,0.500630978288154,0.49598401824034205,0.4925176494323687,0.49573568771831755
0.47258000011507667,0.8817399529623156,0.6867815331211281,0.49600549615985695,0.506557323225394,0.5042405245527481,0.49305706362866125,0.4950108426189315,0.5039765533398038,0.5094119452997187,0.5003808403345965,0.49849406960020587,0.4889708865813692,0.5044762279177653
0.9978227177237835,0.07046782761577024,0.0448845807579711,0.4921097308658608,0.5023048100101142,0.5033291518436704,0.4982844776673976,0.49492366450947683,0.49361064870434684,0.5083465679329785,0.5006810526491785,0.49482600200576643,0.5079164221806911,0.49962425369049934
0.9790393383097213,0.2089404265759196,0.13385533733687016,0.49597318274763175,0.5013811736598657,0.48747550894814373,0.4884899223429862,0.5000190762532772,0.4771602099865853,0.50827811988424,0.48976375751936335,0.4965221215058295,0.4926677605815724,0.49573568771831755
0.7644202646222281,0.6452014870648598,0.4462857028706708,0.49215795345277175,0.5053916806792961,0.5040850464738618,0.5033877660108629,0.5004082530440396,0.49593853235948293,0.5082226477869135,0.5013639092256649,0.49755778011437524,0.5100381056207102,0.4999191606796073
0.3561787754561273,0.9355936466818899,0.7684251454977631,0.4921060304327091,0.5056844421743082,0.5036978632068286,0.5034418299508113,0.5042974053622047,0.5057937795737903,0.5084552468864694,0.5013842238984126,0.5267895967590112,0.5116409386743174,0.4999139524212097
1.0000174940504374,0.018906867708567733,0.012034841410274388,0.49634370096718694,0.5023423032484627,0.4975635162070994,0.49710517244009106,0.4954202468256991,0.503112015318007,0.4994048553287454,0.5003769814891076,0.49469221553829457,0.5101113658013153,0.49878714978877164
0.5315761207398086,0.8473008251877736,0.643298117927294,0.4966457789421225,0.5007523444737876,0.5067390313601163,0.4916479284726955,0.4997822643063378,0.5016119067004471,0.5089059195806909,0.5009146443328141,0.4961567855227374,0.49567963552885724,0.4983635163359559
0.810226989538007,0.5866663304241908,0.3989712710578218,0.5079072956972959,0.5023959180007056,0.497131313411307,0.5036621348445647,0.4967695610300485,0.5030260461897348,0.5083541762318995,0.4970396726009918,0.49470830860998294,0.5081322179259602,0.49364885020949845
0.5676661321002433,0.8234125091977218,0.6157484297725525,0.49632923812164786,0.5034908643845799,0.49755756176638305,0.4972007223179862,0.5011735055172429,0.5032628072645713,0.499405309308138,0.5003824885667741,0.4984540307656419,0.5084144404883567,0.49885412874416474
0.9428759691610203,0.334910492673608,0.2172787722837931,0.49085820257240953,0.48751288927136677,0.4873418895704178,0.49130689423127316,0.49537327159482225,0.5016843894968535,0.4990049377545487,0.5011059759108375,0.49490033491209745,0.5077086984946108,0.498355098145267
0.9381494838632811,0.3486493679006848,0.22652042229281708,0.497609115555087,0.4976042294073632,0.47955264873008147,0.4920777964713833,0.4955389457521739,0.5034293075570857,0.5116226586844784,0.4897247007280774,0.4944587167907384,0.5011521808132614,0.4934128111340747
0.9927102737862467,0.1229000690053585,0.0784161492903781,0.4991785285465314,0.5025561723278006,0.5028124119400676,0.5069840269929946,0.5000600659681624,0.5088008262598637,0.5082689760425663,0.5006495324810444,0.5083307373089567,0.5030595532984989,0.4996800447543961
0.797965838078685,0.6031293835088797,0.41203569974263815,0.49583635091191375,0.5013039326579682,0.4982043233051562,0.4932044578737621,0.5058413444534208,0.4923765147615747,0.49530702400244137,0.4989521628664913,0.49826845578258366,0.5083026783129022,0.49877553317046164
0.9849337452948389,0.17504205044281637,0.11197075354821977,0.4998045345009451,0.5065488533066455,0.5070681353691086,0.49072800233353214,0.5061386200450793,0.49280224303447906,0.5082425660240335,0.49912598161932775,0.4960831626207711,0.5038245627367937,0.500128222206265
0.8457481832463731,0.534559139027837,0.35883474658635406,0.49211734591261574,0.5007418508673557,0.5037152473724946,0.48326391777132544,0.5001309303715533,0.5018430216614416,0.5082439567656364,0.5006551986852988,0.4944985020059115,0.5079330084965508,0.5000639289945282
0.9997780947035917,0.03919196954967751,0.02494314916650403,0.4878925048875723,0.500883472736178,0.5039038567846209,0.48860371103441735,0.49526484522885844,0.503942628301361,0.509187768389777,0.5079578340354517,0.49452310203658323,0.5038298207392247,0.4951921003307571
0.6049445671466168,0.7970258462299779,0.5866823655721088,0.48915306691566407,0.5010033602579553,0.5032024466418229,0.48780639757258104,0.4999690719312055,0.5032515070871111,0.5075234803550214,0.48966763509004996,0.49452800332950564,0.5095129237377173,0.4943513216546877
0.47740519917378793,0.8794660640006497,0.6833925479463127,0.4962174052669751,0.5063502960183888,0.4922210509119449,0.4882991907021675,0.4964160996297446,0.5033624178232756,0.5091136982301159,0.48353049643184237,0.49730519989605965,0.5050857059585109,0.49507369344103735
0.899957613824675,0.4392210110915308,0.2890502204979045,0.4888185969181068,0.4979619312221059,0.5069617919853288,0.5054358312952267,0.49563770811730706,0.5130031980624125,0.5224255673569491,0.48448472776355395,0.49622259844386934,0.507388347323175,0.4854877821183764
0.8094364921019469,0.5877051405558233,0.3998018232350665,0.4992708100285193,0.5012389929248626,0.5022769317315162,0.5056458526202822,0.49631581190497054,0.5025912506402629,0.493188110619504,0.5097643631522364,0.49435493924511187,0.5076619401069792,0.5007806307899463
0.9195063842380586,0.39512865086023213,0.2583786464149242,0.4882135432956638,0.5053720249702149,0.5070411937993251,0.4886920753087952,0.5062729206312979,0.49684014305174107,0.49166692588816024,0.4847883390110262,0.4927901484110756,0.5078495444943005,0.5000195047690772
0.43767169146627605,0.8995686176461399,0.7117272563492036,0.4955865094234927,0.5013367440369436,0.5029198239880804,0.4901535265135223,0.4961579110185361,0.503735844762827,0.5081613289017106,0.48938658424426706,0.49485170714541077,0.502476286968938,0.4952380212183056
0.779687833085737,0.627068653093252,0.431202121934367,0.49666671823291303,0.4973916593990165,0.5025184435245941,0.4915865732604527,0.5062729206312979,0.5153173729584882,0.5084550064840097,0.4991447626687226,0.4960004824640823,0.5103304554274961,0.5000195047690772
0.9998659137400963,0.03440473641198255,0.021897033385716858,0.4963418718628088,0.5053762599609264,0.5022769317315162,0.48847992671037604,0.49996139577542714,0.5026780382034334,0.49319254752558656,0.5012449859630987,0.49413934172983753,0.507664380306521,0.4886279488066041
0.8788758609181946,0.47829448907588934,0.3172838631235872,0.4887733997095364,0.506540194794251,0.5032805701310945,0.48868442158501,0.5010314704866835,0.5032578971088323,0.5082890577350241,0.5103318142634312,0.49435493924511187,0.5076619401069792,0.497050037641951
0.2460617093366343,0.9695838079341965,0.8417784422707663,0.49584046530549236,0.501090224683811,0.5031387429846653,0.4916862039535127,0.500084892799964,0.4955937930159414,0.5082774934832119,0.5003919016103339,0.49835434911361753,0.5099908742132905,0.49439354446087286
0.3978269266318358,0.9182443013675924,0.7397272678384064,0.49529022903530706,0.5063262924325318,0.5038964705424352,0.48835931944850564,0.5152973273864667,0.49384746042236316,0.5085589452690882,0.4998023666103848,0.49460667602137237,0.5114696325819131,0.500694865653385
0.6393808802772109,0.7696834880567818,0.5587041762519607,0.49709030388642167,0.5072796185039986,0.506940843819142,0.5105312170837707,0.49643442965071033,0.4983588549074279,0.5080436061380119,0.488387987917663,0.4945321222621449,0.5114988673176907,0.496464879278991
0.41696769847255893,0.9093540683397685,0.7263004641927865,0.4981845841187697,0.502500225222648,0.5038032517262413,0.49060304010261624,0.4952227581716563,0.5087721375410819,0.5084729638415836,0.5010886194903046,0.49452153531699794,0.5088344592102643,0.4995102142340898
0.8696710169197964,0.4946104699706285,0.3292034627243915,0.48915294195113335,0.5029578525673806,0.5023575216298888,0.4917423962127606,0.4956797840365196,0.5032515070871111,0.5050513680380765,0.510944517617205,0.5083415147152419,0.5051907068977588,0.4964975270147903
0.8186494448229047,0.5753582049449354,0.3900009049987201,0.4920349064352441,0.5013387810257446,0.5046322419032491,0.5149401458638005,0.5115254325219794,0.49850323481612274,0.5075828545155923,0.4989061737287579,0.4945236201760264,0.5088156655076417,0.5006497655516448
0.8268858082943645,0.5631567843461089,0.3806345999023515,0.4920349064352441,0.5013387810257446,0.5002648968204546,0.5153065530687639,0.5010748404780153,0.4933731016526615,0.507702323217773,0.49903783464004703,0.4945236201760264,0.5027244290987187,0.5006497655516448
0.7863883336189509,0.6184300599287494,0.42424614521097637,0.4964262550350209,0.5064159603794599,0.48764284322026713,0.5037844875599143,0.495891746139038,0.5035027510132111,0.5086440554210517,0.5043122671923796,0.5032965729000713,0.5086852792032055,0.5011664161892291
0.9085792110693066,0.4186887853323871,0.27490061858253717,0.49730538195623814,0.5074884703470016,0.5057295490814082,0.48811073346005335,0.49984317313082294,0.5038537771836331,0.5095114942906099,0.49986696730084407,0.4946900254066607,0.4977150485387726,0.4943557299064686
0.615345244905666,0.7888494511034514,0.5782649127467115,0.48916933166380316,0.5059689443591143,0.5026879247998997,0.49153707391166884,0.49652643482786174,0.49835649935963283,0.508477334920352,0.5008020688094952,0.49444040560409647,0.49807644961140496,0.4893772642078198
0.6541558868000018,0.7570051595761971,0.5463166945218938,0.49725836064782375,0.5014232662287184,0.5024252843716979,0.4901217359173734,0.4994407160264569,0.5047152394314125,0.5086664604669247,0.4990436161753508,0.4947150136695488,0.5108654210444433,0.48856814037563057
0.7649444553557165,0.6446017813946433,0.44577887175850517,0.4978860932790479,0.4973477088099197,0.502417549773595,0.5024894342456534,0.5010774093957165,0.5005910955065989,0.5077273713510658,0.5009362286017515,0.4942459760555592,0.5140354140870331,0.4968473144942907
0.746056929271402,0.6665964024634229,0.46422838393841626,0.49586142575350484,0.5060436339921681,0.5002066898422115,0.5096980057819872,0.5001614208605906,0.4932828885943992,0.5077088347437371,0.5007287710453353,0.48840764630827077,0.5083702782765348,0.49570522052085375
0.3170816481366237,0.9490046031683479,0.7947164760516736,0.49782540324460806,0.4976134896475546,0.5069763178993907,0.5105993705203224,0.4955482644436846,0.5005391616740708,0.5115585871159514,0.48966311006819374,0.4944591547525406,0.50951204722018,0.49531940239019906
0.9296813728385264,0.3697289358431555,0.240971458658311,0.4919021782905681,0.5025374538703493,0.5002932740642237,0.490643942916478,0.495409475788139,0.49322358488538914,0.5016991560323898,0.485245630027469,0.49303842185584856,0.5027432228013413,0.49961464177780107
0.6968486858818869,0.7179112824668539,0.5094771376098722,0.5071907271154021,0.5064439299476751,0.5027453886507599,0.5100554940844649,0.495891746139038,0.5099143348521995,0.5086440554210517,0.5043122671923796,0.5031721162070258,0.5086852792032055,0.5011671347272404
0.3455702918429815,0.9387393601271568,0.7754471761114532,0.4992425814339256,0.5059862321986897,0.5026848252658159,0.5085022054789021,0.49652643482786174,0.5034000783583908,0.5084810554059694,0.5001085576826156,0.5083588946900964,0.49807644961140496,0.49366662157429086
0.8898765269106986,0.45747912130438545,0.3023041106745702,0.49124668084608303,0.5010961948092181,0.5032308759788089,0.4882078623674389,0.498542736845811,0.5036116733071981,0.5080032316401502,0.49895266705509134,0.49273883380289235,0.507909470667712,0.4873270544876173
6.156546450656064E-7,1.0001406279059837,0.9999996081171897,0.49632923812164786,0.5025352696631304,0.49755756176638305,0.49710517244009106,0.4952829549806525,0.5032924236078082,0.4994048553287454,0.5003166798074883,0.4984503375780408,0.5083026783129022,0.49877553317046164
0.6662171468276336,0.7466668132470359,0.5362100547996789,0.49196562361341006,0.5058100537085214,0.5094086023517009,0.5107925106406532,0.49547381184695544,0.5151063482089513,0.5006300202220448,0.4981591181672588,0.5052720367901122,0.5097068176061142,0.500529029006877
0.9694537143457226,0.24791520084653706,0.15938488713150795,0.4908050574767835,0.5011992819626279,0.504125911467883,0.49436922122340526,0.4962951582667522,0.5038732835598951,0.5114621124502762,0.48481284522118195,0.49462380781369214,0.5080302458883849,0.4943296028603913
0.726898686584025,0.6877131446628918,0.48236978331589125,0.4919650740905357,0.501044996324069,0.5037553767059227,0.5077232000276751,0.49561661659057443,0.5205540874667227,0.5018155510063035,0.49896154126281744,0.5012685767821692,0.5088335569631286,0.4995409740761268
0.3716218394188273,0.9291030152892932,0.7577735565790487,0.49641940653086536,0.5072423623794969,0.5088125754927615,0.5106202581439262,0.4957156462601817,0.5037576436146832,0.5115610439190603,0.48838336911848174,0.49515487179476997,0.501581162426922,0.49080212077035945
0.14346965588732158,0.9899103744209546,0.908371451640616,0.4971592542374521,0.5007523444737876,0.50306131318964,0.49134957204340324,0.49556505138233986,0.5016119067004471,0.5082796091653046,0.5010809516684595,0.4961068735337652,0.5070960873035043,0.4983635163359559
0.5598273653867606,0.8291457573952506,0.6219260095813959,0.49643854832952217,0.5025001831444352,0.507277741532108,0.49079529636938474,0.4873398337952069,0.4994123399313056,0.5010989670697561,0.5006539727928888,0.49435082217299786,0.5096841599207146,0.4999771099831905
0.5761735988748171,0.8180690224670629,0.609362313558795,0.5106369140300866,0.50605022900561,0.5039359438753739,0.4906412891168258,0.495449649724472,0.5147937636430051,0.5085193564834546,0.5008245750182593,0.49531242163348843,0.49892970335552017,0.49581416214061164
0.4570414891179774,0.8899844218846921,0.6979749403036257,0.4892094018439688,0.5053977255533945,0.50384956992317,0.49755745129391954,0.4928367159073243,0.5040021558720184,0.5071536941681309,0.5010499276013719,0.4983336419969029,0.5087892464607653,0.48934687036006386
0.5130687687744986,0.8587360193151478,0.6571440142589651,0.4982991248292376,0.5062265701786511,0.5074709785485223,0.4915349311948585,0.4999769885502792,0.4994123399313056,0.5010989670697561,0.5005082663634172,0.49435082217299786,0.5114295142323886,0.5000745881655527
0.7570846551991365,0.6536994655519057,0.4534304258048856,0.4971435227753025,0.5010427644917055,0.5035347146835673,0.4918656974409818,0.49996060485224814,0.5029573875146398,0.49850588382670286,0.5010856765762909,0.49492036440038023,0.5105956518636455,0.49654822862839326
0.7374441282665739,0.6758995229712539,0.47229564373555677,0.49813416674837196,0.5063927055386693,0.49494961163586076,0.49055384777569644,0.4956413877234678,0.5029697575732871,0.5075736333828405,0.5033559382563696,0.49761930057746634,0.5084079112481245,0.5002539685841196
0.7052614082678649,0.709612748071601,0.5019578703939198,0.4919580228022786,0.506208401586569,0.5064785093636804,0.4925877651003479,0.5004836817686166,0.5039517100653856,0.5088325781532239,0.4988256857584861,0.5080524024729496,0.5097746458425955,0.5040104284087318
0.9495966742432759,0.3145073952347388,0.20361026354081846,0.4919575669631707,0.49695541914270436,0.5027870333153459,0.49256756191251644,0.5000757999477804,0.5016119067004471,0.5116661593664156,0.5010809516684595,0.4967572909701867,0.5058563001226739,0.4983635163359559
0.6879811674851792,0.7264449113870919,0.5173079009762703,0.4966754352840463,0.5052746238326192,0.5040613119412728,0.4905594492111048,0.49542249426357027,0.5148962161658753,0.5084156469564212,0.49809459874811973,0.495102229452052,0.49416942356657717,0.5004816006747804
0.5296527032268223,0.8484608551905236,0.6447275445740707,0.4966625813011331,0.5053359905573735,0.5004789241883667,0.49154682652240256,0.4999986105544318,0.5002137176790037,0.49599042018170025,0.5000120750569391,0.4942128010002394,0.4956656562569573,0.49459767024160967
0.9397421051350506,0.3438337994433644,0.223295708713864,0.4908930548593944,0.486668598077573,0.4874815301670083,0.4906269468688373,0.492578058933518,0.5016197690143601,0.5082835279871664,0.5011059759108375,0.49490033491209745,0.5025960607967158,0.498355098145267
0.2831962918151406,0.9594914198296683,0.8172878109758372,0.4873628693439124,0.5024881463716014,0.5063723278768579,0.49248631550759875,0.4952813471555842,0.5009440328991092,0.50062501499144,0.49822298106259716,0.49505151919827856,0.5098745355631875,0.4995223051787763
0.979808044507372,0.20163413690178955,0.1292058466016918,0.5040247855196176,0.5014252106945454,0.5021899414429157,0.5064307057833463,0.5005514522985915,0.5039879226163863,0.5076728731903537,0.4902288780294143,0.49437269859041066,0.5085399238840907,0.5006889273809746
0.675254137688374,0.7382628514666466,0.5283590908160847,0.500099491869364,0.5062077191166265,0.5064785093636804,0.4907462547643931,0.5086923647649568,0.5026188419352593,0.5083430467927654,0.4988256857584861,0.5082762814933703,0.5097746458425955,0.5040471097632295
0.797540265876017,0.6037226202635755,0.4125002213993865,0.4963326623986055,0.5056421762734526,0.49813047639932423,0.49247364000120586,0.5057600711953317,0.5008820531140756,0.4949666252329057,0.49822298106259716,0.5060562785575231,0.508302797995862,0.5014873326762033
0.9595751305713093,0.2837641844906723,0.1830436304835838,0.49961709744228566,0.5015292080824734,0.5026316001278477,0.5070319245265631,0.5197304820273033,0.5086413612217754,0.5083397777994478,0.5011388306724701,0.49469089139788247,0.5037298837891636,0.49584215825457445
0.5890641458933209,0.809246798229173,0.5994278517154839,0.5059152616008311,0.5025431527650217,0.5152818410919129,0.4881241063588974,0.4955906225973061,0.5005990407351835,0.47943330949988994,0.4998957088319839,0.49886658582739923,0.508816249564758,0.500439108195417
