1.2510458823909124E-7,1.000236787922878,0.9999999203747999,0.4972733663187562,0.49940618474875415,0.4947287532212585,0.4991673325755913,0.5082732608475283,0.49915322444776133,0.4964686133111934,0.502840910528979,0.5012896025672258,0.5015091768348842,0.5103380544345757
1.000806555404166,4.6139747018364937E-7,2.934980300170496E-7,0.4909602880979843,0.48147304483356473,0.4947409805471657,0.49919362179778476,0.5015184594648734,0.4990507600795614,0.4965166739619648,0.5034651867694144,0.4856103063108712,0.503651073470566,0.5102733605353797
0.5633538758976825,0.8278033252169591,0.6195901993307072,0.46536790488091134,0.49924318305570564,0.49393058909749304,0.49853759096386485,0.5017167730487481,0.5033556496209469,0.4968967240762161,0.5035059515354134,0.49609414434835525,0.5040704953967865,0.4977150433650188
0.5986802474795264,0.8018402305133304,0.5917085943223285,0.49806109223401746,0.49962398292512183,0.4962440550417882,0.4946847156386548,0.5081085865076057,0.5103510502095813,0.48426485607425207,0.5033563776384542,0.4957567948459266,0.508717132176282,0.5105193742280593
0.9412490671107007,0.33922251318740326,0.22021073296894672,0.4967662338524045,0.49162801224848024,0.4961265458708485,0.4948071705028903,0.5016491905908773,0.49899135771741815,0.4970337957209687,0.5038307413845238,0.49488646709614736,0.512579669592448,0.5132893371969885
0.9667045353434689,0.2568248114695392,0.16531237193929393,0.49624375016041616,0.493581778974604,0.49470451309856883,0.5036086834655316,0.4977168817566812,0.5007460908875676,0.4970497327727981,0.4976984973931984,0.5080907089704393,0.501648263808475,0.4926529965507499
0.7688545810978196,0.6402741148755758,0.4420700116889099,0.4979840662518395,0.49958318286096626,0.4964165754763421,0.4978453545533713,0.500939031651777,0.49755022237584967,0.4947527233545674,0.5031541244749892,0.49747845688919085,0.48060894756972194,0.5097749017311116
0.9969758777351548,0.08331526203725795,0.053077700889508195,0.4967703965067712,0.499573164300907,0.4925064353667872,0.5002151811230368,0.4892478209952365,0.4935456835932768,0.4969113642345074,0.5047224674127117,0.5119312184513728,0.5031218401889815,0.49343920865715307
0.646582253381511,0.7631661080664257,0.5525278720999718,0.4960149851856688,0.4934338764683364,0.49185801329403767,0.4941629396258725,0.49777314308872445,0.5007457995720185,0.49716115443202297,0.503553610765826,0.501693906804042,0.5017343735665207,0.4926452678252615
0.994697780253135,0.1055745971713795,0.06731711846257923,0.49205806057629264,0.49287490065547745,0.4939823869944666,0.49871087121932656,0.49577908132147636,0.4928430848287265,0.49704454355796157,0.4975933293158163,0.5013143347074206,0.50140332099304,0.49323109113723235
0.3475689393374291,0.9380170155030739,0.7740947294546386,0.4983099518428611,0.4999495129188016,0.49322110090770255,0.4987111035237213,0.5018901910704227,0.49747586265647376,0.4971862393012642,0.4929770898907745,0.4903635810657662,0.5111550371564814,0.4977560932784764
0.4196211643904441,0.9084764026120021,0.7245333025092064,0.49828520359932804,0.48787586500974023,0.4979550691441665,0.4985883934316637,0.4845606846835364,0.493101751528591,0.4970362729530259,0.4922471103631963,0.5098333383420809,0.5039145008561235,0.5090786774030513
0.23052728017798818,0.9741937932634532,0.8520751636796149,0.4725936777040639,0.5122051790910536,0.494715307377663,0.5037741600771092,0.5031830541220417,0.5010576204964684,0.5038942417306632,0.5024585124092152,0.5081353755336843,0.501648263808475,0.4926529965507499
0.26231318606370957,0.9657784605262635,0.8311620716211783,0.49649184410167513,0.4995812828360382,0.4960970298481846,0.4949992543230747,0.5180835057064576,0.49307255344411466,0.49703401753518106,0.5048645658457042,0.5117237842062567,0.4992583695049547,0.5130246852785008
0.6931745368571343,0.7234336443966384,0.513596291112577,0.4980387176274101,0.49962398292512183,0.49672233717817166,0.4946847156386548,0.5081085865076057,0.5102547476693713,0.5082275550257144,0.5370449880864532,0.4973486030493969,0.508717132176282,0.5135943805911211
0.8921109108602284,0.4541605989370569,0.29977753277661684,0.49676441512759806,0.49144430184757826,0.4960123066137278,0.4946748322028535,0.5016500743948324,0.4990099987114054,0.4747691311680866,0.5038446088735129,0.495842936835442,0.4908898408144401,0.5133422411639119
0.8776384793660914,0.4815313903140573,0.3194681027951655,0.4967993999411462,0.49144430184757826,0.4960123066137278,0.4946748322028535,0.5016500743948324,0.4990099987114054,0.4747691311680866,0.5038521313475521,0.4958430435907181,0.4908898408144401,0.5133120733910924
0.7869400067627966,0.6210001109193084,0.42531251630615674,0.4964730809586278,0.4995812828360382,0.4962056635096586,0.4948037941285319,0.5183069984727137,0.5067625628850473,0.4970340162976205,0.5062120101674384,0.47753166960977045,0.49921621793358806,0.46169691807646485
0.9730651288537073,0.23230560902569,0.14919147048216538,0.503189127889508,0.5001177005360716,0.4926771711929777,0.4980135728953652,0.5055997966650354,0.501373339864426,0.49730304135902464,0.5101871286535585,0.5108598403163949,0.4988247526484208,0.5089089691961878
0.8589308022421288,0.5141209404169317,0.3433668716274402,0.4963062247351106,0.49144430184757826,0.49145438099694483,0.4946748322028535,0.5014941773242012,0.49732800664637516,0.4747691311680866,0.4976901989553106,0.49583964752452825,0.4908898408144401,0.48995738300772324
0.8839683770436823,0.46908783898207845,0.3105907078890385,0.49220175008327816,0.5176907732754014,0.5103180827378224,0.4991891137941892,0.4995391551943994,0.49903535594138654,0.49498688314959227,0.5075695132580694,0.510644028764496,0.49986608331866855,0.49338907889746575
0.49359224963236914,0.8744412692506064,0.6728528349979424,0.5015536458135352,0.5110112080611272,0.5182895932446157,0.49464714143543453,0.5012812607726648,0.557694636296999,0.49722135046482474,0.5079094997541675,0.49512661465189023,0.5122619791275501,0.5083882226512311
0.24646886582157568,0.969418215626557,0.8415013431244935,0.4964730809586278,0.4995812828360382,0.4961272357757423,0.49856060537128866,0.5006186301462908,0.4991693585014688,0.49703401753518106,0.5049038060101544,0.4950638771347384,0.49809142151000496,0.5129478199276395
0.9813164473709541,0.19392367918390627,0.12420582635617056,0.49212244962659796,0.4913902786905154,0.5062849819114212,0.4997463930137382,0.4959205855076886,0.5007436157226125,0.49703456833798215,0.4974029956698506,0.5018568384459812,0.5013938765373149,0.5089591515539049
0.16904049145354036,0.9858086582970164,0.8918877381683006,0.4987819431949331,0.49953564841969034,0.49179197581664563,0.4949191105581982,0.5018379583893395,0.49923041782618943,0.4972490385272903,0.5089786521557956,0.5014776882894644,0.5024965791449665,0.4988942261088176
0.8000934001036453,0.6006975189615973,0.40998493910694533,0.4963746920904206,0.514690395507741,0.5067278248555678,0.4949795122496092,0.5086836976049657,0.5006483160560651,0.4972465027507829,0.5046059341318646,0.4973484477206282,0.5064961196542543,0.4936687844040033
0.7610428674067717,0.6499830413300742,0.44999566010154823,0.4965003833996862,0.5176907732754014,0.5103180827378224,0.4991891137941892,0.5077254567375513,0.5014528294210769,0.49498688314959227,0.5076619628638634,0.510644028764496,0.5098383401151345,0.49338907889746575
0.9986643529250716,0.056599641835431404,0.03604208491437755,0.49621121974055415,0.49386197654548475,0.49304037839108233,0.4982586838152442,0.5023298364109539,0.5009663599402405,0.49491240599114383,0.5063177056743011,0.49599974575063166,0.4913222401061069,0.5000757147224617
0.44290561035418147,0.8983967640569285,0.7084100850959165,0.49676441512759806,0.49268463063128465,0.4966388458811483,0.4949862742439187,0.4754861139496641,0.49966586058080303,0.4747691311680866,0.5048459703313106,0.495842936835442,0.4908898408144401,0.5133379643346007
0.3853252954839956,0.9231316607140371,0.7482645221949054,0.49212244962659796,0.49122438324683076,0.5063179503435464,0.49924182635509684,0.4959205855076886,0.49942964592683103,0.4970537525089727,0.4974083541849247,0.505471910676303,0.5012806473724108,0.5089591515539049
0.8495475153606901,0.5282541032002986,0.3541512705566856,0.5026195657770195,0.4926865299906989,0.49934736011814473,0.49871892772610554,0.48981056776817206,0.49309029907691776,0.4970267482894888,0.5048867254235225,0.5058848141112007,0.5039420975345019,0.5097332672254761
0.5444935546251344,0.8390547373568628,0.6335441584431519,0.4968769242335565,0.49958318286096626,0.49638459409632507,0.5004684883678634,0.500995938433685,0.49747953197259753,0.4969077571786138,0.5031541244749892,0.4973005426551665,0.5055483478472083,0.5124445889500738
0.06870943924278887,0.9980825937649951,0.9562432166133835,0.49621121974055415,0.4938641651080434,0.4931159130521583,0.4982586838152442,0.4919258527872078,0.49916676076362787,0.4970678979264772,0.5034615353617032,0.49599974575063166,0.5154896109157218,0.4999311390252411
0.37173268769019907,0.929223254279897,0.7577364929634516,0.4854483681788129,0.510432739873648,0.49646240206917996,0.49853759096386485,0.4849539564804254,0.5033556496209469,0.4973228783013016,0.4922964811939735,0.4931158722790224,0.5113301766575448,0.4977588076952439
0.08624610056825013,0.9968324212975491,0.9450563806870413,0.4963050137361476,0.49987642532478344,0.49477592647736907,0.49855111792396933,0.5013798270911018,0.5010661016562405,0.49729278137300104,0.5119253361666984,0.5120417563487549,0.5061696408706421,0.5133329756472925
0.9787884787654615,0.22130962733005455,0.14156296658806444,0.44429876003425056,0.5119339905284491,0.49624289040391895,0.4990634324690059,0.48973142170670264,0.501466027055701,0.49723300161932654,0.49725405902399594,0.49712734652067386,0.49319407480725813,0.4923251632839246
0.6647122301755607,0.7476572905177354,0.537344252813347,0.49621425212137327,0.49566346659596927,0.49649690041983585,0.4948157427605605,0.5001803287363156,0.5011496362551748,0.4972937699207515,0.5118783561530763,0.49601069093160516,0.5026045217963779,0.5131165039614372
0.7070567913612122,0.7085327844005715,0.5006637842128161,0.503377728226615,0.49330914346534793,0.4930986807909369,0.49809636512262756,0.5046314637676601,0.5005186532912861,0.4970051353896889,0.5027357391264217,0.47213548268225264,0.502180620247235,0.4931630053932211
0.611171517455555,0.7934914730150543,0.5821714499791832,0.4957634129249289,0.49958362076277585,0.4918319653378853,0.4984663480417128,0.5019012154248775,0.4978602891857478,0.46537382423259693,0.5031593128067802,0.4973261144205697,0.48688767097504504,0.5097470503479352
0.5256574700808561,0.8537492157606155,0.6486577159636818,0.49641981357786097,0.49965261067002964,0.4960970298481846,0.4836032750422656,0.5180835057064576,0.49307255344411466,0.49703401753518106,0.5048645658457042,0.4804905842240361,0.4687183174345629,0.4768758791808362
0.7488614673000004,0.6636647229465451,0.4616486373848171,0.49798869430857107,0.49939766944186925,0.49643392008622417,0.49873353628151357,0.5009896128288869,0.5011553818546426,0.4970057161317039,0.5073902451649742,0.5081117867072992,0.48060894756972194,0.5097749017311116
0.2093228348858852,0.9781693009358714,0.8657910841023266,0.5032520284999858,0.5112469730219166,0.494715307377663,0.49927757755558033,0.5014566575165652,0.5010576204964684,0.5038942417306632,0.5024263666418846,0.5083118054218733,0.5016395552415083,0.4926529965507499
0.9924006234623017,0.12812720153989077,0.08174074839015302,0.4965005895326978,0.499573164300907,0.4921791988640788,0.5006898111166738,0.4892478209952365,0.4935374639292442,0.4969113642345074,0.5047224674127117,0.5012702616119968,0.483511823716511,0.48995869008271065
0.9603988282752891,0.2816118091673374,0.18158215144466175,0.4959927195263582,0.4825522983867206,0.48843920969793425,0.49458082199596765,0.5014400438216153,0.48539985254746953,0.49721602659348363,0.49817041021644265,0.49132164743927753,0.49925408727551424,0.4929639968781471
0.28241284939710903,0.9597756449244146,0.8178171413679497,0.4999223902508706,0.5105323998796866,0.4968480483951549,0.4990213844875504,0.5015816510617304,0.5038353428743706,0.49733276757809364,0.49249543306096805,0.5081349741184046,0.4864142776075013,0.4968659773043443
0.5113549086933655,0.8676854220476111,0.6609754239251336,0.5303372778304211,0.5104479788289107,0.48068971212627026,0.49903609565449597,0.5087619890612939,0.46831310395741177,0.4975864161446781,0.4480009986764313,0.48296010764458924,0.45987659538770365,0.49217747179636273
0.8683799612267659,0.4980047543796015,0.3314857472813268,0.5023455471075201,0.5119136249617839,0.4960123066137278,0.4990718349439948,0.5016500743948324,0.4990099987114054,0.4747691311680866,0.5038446088735129,0.49715858296781695,0.49364936370310886,0.5133422411639119
0.8189163206858235,0.5748868472642995,0.3896578975743423,0.4968742824722607,0.49958318286096626,0.4964165754763421,0.49783384989650614,0.5009539813319499,0.49747098335049084,0.49478274108741194,0.5031541244749892,0.4973256395477915,0.4803886474728943,0.5097749017311116
0.9088416848482389,0.41812077432658196,0.274502434150207,0.49770840299000996,0.5049138495692215,0.4933070109538476,0.4946378279293806,0.5014893213396963,0.4853993881660141,0.4970901170439436,0.4975635479279191,0.4947556619272772,0.5014434582364804,0.49316781628322254
0.7348366157896659,0.6789449160437809,0.47484530610264675,0.4918252422308107,0.49144245391411917,0.49702571316500405,0.49929798079805016,0.5060891174427983,0.4974363623809298,0.49703403555617437,0.5034231795274597,0.507706648465201,0.5099966516757755,0.489874546198226
0.6229345801024435,0.7827566171464867,0.5720718887275861,0.4980503130902155,0.4913991162029354,0.4932178543653975,0.49854625457303486,0.5014414859337594,0.4974734235214695,0.49718565541382825,0.49791223551180275,0.49082359814651144,0.5121159913320055,0.4999420066495357
0.9014391326967277,0.43421511323546913,0.2857744233075818,0.5114986035363001,0.4937776721009262,0.4933070109538476,0.4946736507605845,0.5014881314214726,0.48539985254746953,0.503577051237271,0.5034623497233861,0.4948725020019093,0.5032092457013695,0.49317194003112624
0.30450127383593323,0.9535179755756277,0.8032152606877545,0.4964004305353048,0.4931511737790856,0.49356969884712043,0.49871525627676216,0.5231995322081276,0.5035015540914842,0.4949716775648089,0.5033922177907788,0.5120630647689525,0.5014199601315948,0.5109841589149335
0.67999653591806,0.734061389784129,0.5243285636472902,0.4967662338524045,0.5103276132227829,0.4955871142038923,0.4948071705028903,0.508503344605108,0.49899135771741815,0.49717928686468577,0.5038307413845238,0.49488646709614736,0.512579669592448,0.5132893371969885
0.9528913759872462,0.3055678865773904,0.19755240773961205,0.4965150325946415,0.49321885216799016,0.4924731202705362,0.4885943884591167,0.48961723481927716,0.5074391316733196,0.4968974939431143,0.5048889170957106,0.5119608918535162,0.4990122248742388,0.48994817880294267
0.4704881304487343,0.8828197978709947,0.6882795018219723,0.4959755696718536,0.5119339905284491,0.49624289040391895,0.4990634324690059,0.5009089903348265,0.5071427015565492,0.49725065402899793,0.5049219457555296,0.49712734652067386,0.4936377458492852,0.4923251632839246
0.05190767009331593,0.9989985362114286,0.9669511443908041,0.4923700977007218,0.4999495129188016,0.4924627810431384,0.5001946911663416,0.5018901910704227,0.5019454391445484,0.4972717968588816,0.5052114792444242,0.5012918738418322,0.510392734614007,0.5089150039727189
0.9845864618304087,0.17698476472472857,0.11322666876720253,0.49207910972486457,0.4926140301406329,0.4939294809144522,0.5034704976352864,0.49577908132147636,0.4928430848287265,0.49704591148903476,0.4975933293158163,0.5081947659518304,0.50140332099304,0.4930632758071105
0.5464003499887797,0.8379362309011007,0.6321387385860902,0.496404176097071,0.49621971936452525,0.49304155148438045,0.500450333492118,0.5002334607388059,0.49737376996283694,0.4969909248447877,0.4979205118189076,0.4920147213008229,0.5056702707087408,0.5123727472212137
0.15348863234955676,0.9887365599431908,0.901955548172023,0.4906119695738015,0.49970260232841784,0.49253105408861875,0.500450333492118,0.5121798287188514,0.49737376996283694,0.4971788687123958,0.4979205118189076,0.49139339359610146,0.5056702707087408,0.5126980058656806
0.921893908730382,0.38870379029492735,0.2540227369792276,0.49650378190967426,0.5048244004420273,0.4931150779047045,0.49460093794233945,0.5081187740532013,0.4993411026613786,0.49707860409061566,0.5033201266013952,0.5080356631622072,0.514918664221222,0.4979281021904488
0.8987562711063448,0.4392950233666796,0.28942786390939984,0.5119062828958473,0.4937784036138724,0.4946977210550693,0.5036086834655316,0.4977168817566812,0.5007460908875676,0.4970497327727981,0.503549823851966,0.5080907089704393,0.5032504469831739,0.49316603658289904
0.8405743605293525,0.542314514891059,0.3647661080872754,0.5026468086448815,0.4933205578613692,0.49424370958804775,0.49880807094331625,0.4956005955657318,0.49763534109304147,0.4971540983061775,0.504998367082354,0.5014128267770722,0.5059905483061494,0.5123693213775522
0.3378393708876993,0.9415773653748357,0.780688193315562,0.49635416661210896,0.5000597694750932,0.49658191784547817,0.4987111035237213,0.5018901910704227,0.4929106631092279,0.49725560838760235,0.513548127458024,0.4958885439226382,0.4923747955052746,0.4977588076952439
0.11266556073223451,0.9941040160057717,0.9281560324950597,0.5028593674742843,0.4932024079756088,0.49398463584705027,0.4992473262546039,0.5013798663862052,0.5011717311251702,0.49708468497994407,0.5073440621047,0.5120299158365824,0.5018859457894957,0.5127644328408926
0.9469701401250533,0.3225936324394398,0.2090206361795988,0.49650336031736114,0.49320269411962797,0.4939841882177236,0.4992473262546039,0.5013798663862052,0.5011240226239727,0.49707853251072076,0.5074490412367245,0.5081041128481142,0.5018859457894957,0.5133362180105593
0.2880715905243668,0.9585810093432238,0.8141498921614371,0.4964004305353048,0.49376321944037693,0.49343095694625416,0.49871525627676216,0.5231995322081276,0.5032590868460242,0.4970131634199694,0.5024927361563816,0.5121542912650354,0.5014199601315948,0.5109812498444217
0.721456478275782,0.6933288123380983,0.48734488569544654,0.49662635506511343,0.4871865734898199,0.49939788810762836,0.4983780606300271,0.4884953217124144,0.4925942092730428,0.4968778175772875,0.49696168847783523,0.5056048348296892,0.5117839294885449,0.4931481126893649
1.0001144655271639,0.023669141728398492,0.015063707047863417,0.4903248227612703,0.4926007932079286,0.491336659785294,0.4946935939912509,0.5018536667261198,0.500886757988333,0.49491307718046246,0.5025068396265203,0.5057230187799914,0.49140942684949207,0.5000730141769713
0.04018858856399223,0.9997883769897176,0.9744235040327818,0.5028597890665973,0.4926991206460772,0.49311552553403115,0.49460093794233945,0.5081187740532013,0.49938881116257594,0.49708475655983897,0.5032151474693707,0.5119614661506753,0.514918664221222,0.4973563170207821
0.79108692190618,0.6131489253424541,0.41975826154485457,0.4963162567999705,0.4933265664966092,0.49709358631323847,0.4992504357180935,0.5014558643427066,0.4974645866597082,0.4760185267573148,0.4980954744052439,0.4907969252964787,0.5100050582623349,0.49325668255115496
0.6678054642173861,0.7450327413204716,0.5347637358072874,0.49633386029001936,0.49566346659596927,0.49649690041983585,0.4994141874169583,0.5001222285573803,0.5011496362551748,0.4973589544103212,0.5118783561530763,0.5120820018353217,0.5025561090585767,0.5131168110030192
0.999308157373041,0.04814400566249629,0.03064694875105764,0.49205806057629264,0.49287490065547745,0.4939823869944666,0.49866831402827494,0.49577908132147636,0.4928430848287265,0.49704454355796157,0.4975933293158163,0.5013143347074206,0.50140332099304,0.5151037259124318
0.8103264595579421,0.5865729279947915,0.39888600028914045,0.49637317261918334,0.4901255717518091,0.49343443947052334,0.4949795122496092,0.5014737494089953,0.4928937887028424,0.49724485629654874,0.5046059341318646,0.4976345789573781,0.5064961196542543,0.4936687844040033
0.4113750126913765,0.9128974874503455,0.7304716861478013,0.503189127889508,0.5111100312889448,0.5270633395345286,0.49859286493639815,0.5036142542783898,0.5010347151578993,0.5080140366613669,0.5074162982738875,0.510841995268701,0.5101709102188011,0.5090772745263421
0.987675323154164,0.15776848625913326,0.10083993985692433,0.4963162567999705,0.4933265664966092,0.49470943951563606,0.4992504357180935,0.5014558643427066,0.4977866077925964,0.4970882940523879,0.4974376726928106,0.5013619342085213,0.5063440702423103,0.49322656510896257
0.6352327029447989,0.7728521013333923,0.562023152928116,0.49649753632508226,0.49992378905161083,0.49212376379277833,0.4936043055292084,0.48961723481927716,0.5074391316733196,0.4969033865671031,0.5048114378548627,0.5012489565592707,0.4990122248742388,0.490163110110661
0.1873770554066679,0.9829372875139845,0.8800801556427533,0.49621096588250785,0.5107704831293906,0.49676415342175256,0.49477665261068715,0.5011704004062791,0.5006421914538981,0.4972936948818656,0.5046680772172751,0.49585163722013625,0.5156303020169967,0.5133118746253247
0.7509495477659597,0.6611830954923956,0.45958573034111916,0.4979840662518395,0.49958318286096626,0.4964165754763421,0.4978453545533713,0.500939031651777,0.49755022237584967,0.4947527233545674,0.5031541244749892,0.49747845688919085,0.48060894756972194,0.5097749017311116
0.9908885791197583,0.1373385869771788,0.08767782580659102,0.496423891202998,0.5056553314875101,0.4921426541639662,0.5001585173675333,0.4892478209952365,0.4935456835932768,0.496919510839091,0.5048413390291224,0.4976427754007281,0.5029359207479341,0.49292464176861467
0.32635585207430784,0.9456161779061518,0.7884351331535123,0.4900120346273884,0.4999495129188016,0.4924627810431384,0.4987111035237213,0.5018901910704227,0.4929106631092279,0.49725560838760235,0.4929770898907745,0.4958885439226382,0.4923747955052746,0.4977588076952439
0.8659028908535652,0.5023481083020187,0.3346654857418295,0.5031119921747266,0.49144430184757826,0.4934237511629801,0.49797537742809406,0.5014941773242012,0.5003473745127426,0.4747691311680866,0.497913082591907,0.48915713305695585,0.508842443806524,0.48995738300772324
0.8317704187789989,0.5560968164656387,0.3751722515949967,0.49212244962659796,0.4913902786905154,0.5062362672066795,0.49923778775312333,0.4959205855076886,0.49894663254628535,0.4969566069229333,0.5149715135351187,0.4945903599454198,0.5013938765373149,0.5092021898332227
0.9999200109295641,0.030513717720565155,0.019421162926922156,0.4903248227612703,0.4926047387389522,0.49159729020018933,0.4951134648013274,0.5018536667261198,0.500743498363657,0.49491307718046246,0.49755674393376004,0.5057499722055534,0.49140942684949207,0.5000730141769713
0.728383497858206,0.6857704068091207,0.48082236330043715,0.5007467431989674,0.4913009624128799,0.4969891684648914,0.510005182529834,0.5060754496221138,0.4974445820449624,0.4970909231863918,0.5035204521362351,0.4957626611578414,0.5099946598629274,0.49335506477266844
0.8076132802099037,0.5904784009598097,0.4019114720477358,0.4920237494247256,0.510432739873648,0.4964587818492391,0.49461919445257774,0.501573851723605,0.49757622606879187,0.49703117402416336,0.49179945379376716,0.4931158722790224,0.5100543239101689,0.4977588076952439
0.6859022746352776,0.7319856871516245,0.5206837837079314,0.47324161590462493,0.46840942913208,0.49665935190979954,0.49469909560906405,0.533432583142499,0.4996667964500273,0.4974167272587093,0.5048104375907816,0.49614129414919467,0.5063858230646173,0.513077918048704
0.7148890359670239,0.7002799468057606,0.4934282726852784,0.503195125021374,0.496287581916319,0.4934644507646243,0.49799199295830576,0.5046819996464854,0.5005249447013561,0.5038353563625024,0.49791330598382694,0.48186606023068257,0.5103167021644806,0.5134770824384753
0.4447141370101151,0.8960578723302508,0.7067195961669537,0.4964051701167073,0.49621971936452525,0.49304155148438045,0.5004028807248947,0.5002334607388059,0.49737376996283694,0.4969909248447877,0.4979205118189076,0.4920147213008229,0.5056702707087408,0.5123727472212137
0.9524213217426312,0.3059939872949298,0.19790196374939234,0.49650336031736114,0.49320269411962797,0.4939841882177236,0.49871471805771916,0.495794409702288,0.5011240226239727,0.49707853251072076,0.5074490412367245,0.5081296480067355,0.5018670631406038,0.5109752675921392
0.9452883459209247,0.32736315862404824,0.21223889179097144,0.4967662338524045,0.49121022913335083,0.4961265458708485,0.4948055638288311,0.4960636106607253,0.49899135771741815,0.49703545188052795,0.5038307413845238,0.49553705740506115,0.5014409544365005,0.5132893371969885
0.9874540311729432,0.15992022054550425,0.10221441080172314,0.49219344365350465,0.4913902786905154,0.5063179503435464,0.4992504357180935,0.4959205855076886,0.4994014064941007,0.49703456833798215,0.49733467570569767,0.4945903599454198,0.5013938765373149,0.5089591515539049
0.39985897437933354,0.9169725910450077,0.738218940687309,0.496578512262038,0.5104593694048515,0.5062951557352728,0.4990877814477467,0.500978178931988,0.49761537054021937,0.49729973927265503,0.5049316144938332,0.5100006784436399,0.5028201432883668,0.49257626794257325
0.7566555283390072,0.6547027642181146,0.45409202520056335,0.49741030573033973,0.49376299943003404,0.4926229552549815,0.49664097463623313,0.4957728013978511,0.502968268240838,0.4958276086211936,0.5036041590804268,0.4844334092005043,0.5058193189720056,0.5117007507695319
0.9290957506548085,0.3724280648437338,0.2427042546310228,0.49635604954851625,0.4841507644853538,0.49629455713966253,0.49896538373852595,0.5028315641050594,0.4932502822492455,0.4972611750168641,0.506784136581263,0.5129691766642324,0.5156065550359035,0.512735147064306
0.617686383027627,0.7870244488468077,0.576376041817378,0.49845738885918933,0.4957254117848634,0.5045319970912624,0.4982805803102403,0.5070497131385628,0.5019823554832826,0.4970264580622441,0.5059174736535123,0.5119488144052627,0.5051670715745037,0.512679018811985
0.8393567558156336,0.5454448304882414,0.36685877695870067,0.49635604954851625,0.4842358209718763,0.4924823303439446,0.5002220866209942,0.5014082881318291,0.4933141521265048,0.4970520774455209,0.5130838258328576,0.5128995224208032,0.5120970803531075,0.5125199364096299
0.679379837007252,0.7350571467958609,0.5250467050159481,0.4847556293757654,0.4924181487061489,0.49293538077949384,0.49970180171570794,0.504945502088115,0.5018697573547181,0.49647039020788114,0.5086936391050079,0.50250264540255,0.5166474956823374,0.5139026709711081
0.736983738562994,0.6766465529693183,0.4728439996359696,0.49624774661273,0.4910071041293883,0.4955644564589851,0.49870861397738103,0.5078180656939358,0.4989401058557412,0.49696171192541505,0.498013435803691,0.49503231618567667,0.4867719587275912,0.5103099473786467
0.31563167021003496,0.9496541408266324,0.7957222879683231,0.5033661529382392,0.4902141274068672,0.4963871829648713,0.5034145823449814,0.5016751972699607,0.500701805968452,0.4972648208883912,0.5058674782968754,0.5116311283144784,0.5154984812036167,0.5134313493674263
0.14798425993795494,0.9899233065330637,0.9055308777457737,0.5039762165287907,0.48998526175012536,0.5073725561016256,0.4997510757106514,0.5229120983908316,0.509634415309024,0.508789098695705,0.5034422460087331,0.5056236580257403,0.5037798409179001,0.5000516184149496
0.8092675524884433,0.5890295433785145,0.40054658650811004,0.49648483796981935,0.4867683375564036,0.4964341535734808,0.4989392612421862,0.48205688548373293,0.5004029615116055,0.4969937069528598,0.49835179241941396,0.49470595518256,0.4855905272155558,0.5127923813656666
0.7795260951685106,0.6267803964677572,0.43112367243109667,0.4963517701244525,0.4923857480623161,0.5067750070331307,0.5003472917496863,0.5010867751257342,0.4982034162269338,0.4970601422897994,0.5034019332420491,0.5027815836848325,0.5103640023098818,0.49957113446651136
0.6971668340598562,0.7185209485095861,0.5096019904703656,0.4847556293757654,0.4924181487061489,0.49293538077949384,0.49468686994642097,0.5208411404209004,0.4975037554414511,0.49590476910860964,0.5031731365282812,0.48623652100756803,0.5089917668096133,0.4928878518224285
0.45796357073659383,0.889974564016898,0.6974503572577597,0.4906119695738015,0.4996986041918101,0.48111192943444037,0.4941784420443105,0.5069398332229594,0.5016939950812063,0.4944883406328428,0.5028927938996499,0.5113354427182957,0.5058219765842467,0.5126980058656806
0.9795371506214908,0.20534446253965263,0.13155225250103803,0.49109856138954466,0.49564128980479,0.4803582200276671,0.4941784420443105,0.5066482705360928,0.5016575667860406,0.4944702392704213,0.5034801519881734,0.5059395381292907,0.5050266029504356,0.5126980058656806
0.7968606688589054,0.6051628802718766,0.4134918095864972,0.5030183993161136,0.5107597607012758,0.49309180914071266,0.494771458588828,0.5013867920558139,0.5008624637437139,0.4970790861609731,0.5033704244672417,0.4961452919840632,0.5178449091904036,0.49303336652137425
0.6886072511631399,0.72562505569127,0.5166598417527023,0.4913703012803329,0.4926058006328082,0.5009615231076822,0.5004052299729349,0.5047154019542108,0.5005936557298581,0.4961813946593737,0.5087558472508003,0.5028925516518893,0.5101653863666541,0.4999974570936356
0.8497692466781734,0.5279337276919749,0.35390363023648996,0.4965038372798289,0.49550836524794944,0.49610688344200815,0.4992473262546039,0.50638554943193,0.5034787191424348,0.4973782896192818,0.5074490412367245,0.5081041128481142,0.5018861706411402,0.5133498662667
0.8995752756933156,0.4382407275201621,0.28859643076222075,0.5027921549044287,0.5081645284485579,0.4877139622056369,0.5001645313368578,0.496809996515476,0.4994461481143156,0.4971109921551333,0.5061549332679978,0.49467486717513376,0.5122665740273179,0.5135694547202014
0.5283715736533404,0.8495275897897677,0.6457785541018559,0.4963884571394405,0.5097647909140911,0.49332952236461036,0.4947176949808463,0.4994068144946101,0.5032604717227174,0.4969810923549388,0.5033626458085416,0.505581583957027,0.5123476723939236,0.49360373278599745
0.5657807413250682,0.8252353755930124,0.6173943850031163,0.5130244979918716,0.5105493220966081,0.4926636640078765,0.5019506578374481,0.508845404497249,0.49994513633429877,0.4969810196552196,0.5033626424484322,0.5068369398898721,0.49403523693160106,0.4936016764249003
0.7644566311443811,0.6463404934267883,0.4468243105746619,0.5014289344977982,0.5074584930718187,0.48106420090960894,0.49392525391706826,0.5010546414550244,0.49669259349134254,0.49472570195488497,0.5030100127618032,0.5120134446191671,0.5182337827956858,0.5097749017311116
0.34656666897650684,0.9385001404017569,0.7747995925484646,0.4920817664794639,0.49124548466700174,0.49329022228342917,0.49948421216477457,0.5120489388340578,0.49351533885375753,0.503577051237271,0.49817041021644265,0.5011554578159361,0.503070920625134,0.49317194003112624
0.8791701956614367,0.4782182175613004,0.317151752330153,0.4958082153163572,0.4959074786989591,0.5181081044776477,0.5009984560760743,0.48790596829860894,0.4989290521630116,0.4949764490034234,0.498424095250332,0.4869849561683654,0.49583146439038267,0.4904608715221732
0.6053943482647174,0.7967315346471927,0.5863412253403385,0.503536447702712,0.5027482304010323,0.4966129181217009,0.4945744722886364,0.5060857743060144,0.5072118887700948,0.5036048408097942,0.5060462058505384,0.48694676928055025,0.5099921145509815,0.5131043987746923
0.9498061478032354,0.3146247514192427,0.2036392423412739,0.49669432532353724,0.4838439873575288,0.4961265458708485,0.49433509126174924,0.5015935043854969,0.49885414329456135,0.49478886430092706,0.49810231065719823,0.49488646709614736,0.5019158322838239,0.5132891821724712
0.889153592441437,0.4583016368922749,0.3029800152610143,0.4963458949157259,0.49135633497959813,0.4991585280580671,0.49871761071880844,0.5012306166691048,0.5029530322199549,0.49707769077147634,0.49766586956324743,0.49452987654799263,0.5038546508946401,0.512561006076033
0.3953164707943833,0.9193803221752856,0.7414799208494637,0.49622731420352334,0.4938856713625397,0.4932888674758431,0.49830185041740405,0.5000848063977015,0.49755323305454713,0.49736450631711043,0.5137725816233455,0.5084052395615618,0.4846951847766622,0.512660953020432
0.4383905843229062,0.8991695825082341,0.7112047597849114,0.4962368951920231,0.4999495129188016,0.49393058909749304,0.49853759096386485,0.5015970788904786,0.5033288461413185,0.49725656108635435,0.5035059515354134,0.4960593567768918,0.5115224713010847,0.5105439767582135
0.9394862300506434,0.34457318333255293,0.22379338789030367,0.5130244979918716,0.5105845509447967,0.49159112847744524,0.4946687528854469,0.4937367888940112,0.49256397007010244,0.49707120554997747,0.5035154885606968,0.49408501518524695,0.4970044734826132,0.48808051419618415
0.7179112995028789,0.6967536288257359,0.49047945059331577,0.4913838919208486,0.49996062727176976,0.49254168839641654,0.49820351556372605,0.5014010205524082,0.4927699551807166,0.49475912937173816,0.5040796750180493,0.5112855247614068,0.5057259136379257,0.4937194705728112
0.7460516733121784,0.6668176964991066,0.4643356015839296,0.49574517788071976,0.49962122030992545,0.4949385043805569,0.4977364835384116,0.5008841154773178,0.49242717971158284,0.4947527233545674,0.5030100127618032,0.49747845688919085,0.48060894756972194,0.5096537233829186
0.4163332184154261,0.9098396890095678,0.7267962027997189,0.49649234762214006,0.4995863196219294,0.4950597192079705,0.494773554053697,0.5014048946372051,0.4930672005163883,0.4970782243120585,0.5048193001924484,0.49615848871592805,0.4839497562791577,0.5123400626012585
0.024562489671422293,0.9999360221189636,0.984365177074884,0.5036752786107127,0.49272376835035825,0.496811080238709,0.49881618393822597,0.49554004187698575,0.5011368257970955,0.49734938057226835,0.5024969702733973,0.4974487244753533,0.5013228453935438,0.5108133646803755
0.6564563059977967,0.7549305491853522,0.5443458995746407,0.4963593702363606,0.49748221381728336,0.49159942267096735,0.49923400746261987,0.488162715735989,0.4926614121878686,0.49706365069000663,0.4986843667202393,0.49540548834847925,0.49589996244259466,0.49028312721816436
0.8257978003350958,0.5647912213631969,0.3818839218926276,0.4963335961503676,0.495785294626108,0.4948392259852894,0.49896224992590144,0.5001222285573803,0.4932622173431888,0.49737031107627344,0.5119783080363604,0.5120612964738573,0.5025868678573047,0.4923471739792164
0.47615941188198485,0.8799097174480103,0.6842239092129712,0.49802366886146354,0.4995816848445454,0.49625153673594885,0.4946886743768274,0.5011042433456172,0.4974734235214695,0.49704428779882703,0.5046623598566877,0.4828837606838311,0.5005109351760546,0.48967113776112453
0.9184384720657379,0.3966265496102019,0.25952270334008387,0.5028784860081091,0.48717255562399503,0.49366618899881726,0.4992896317936048,0.5016463001407493,0.4926393290192326,0.49692650817649364,0.5036144326393119,0.49408906541750264,0.5033786401278977,0.5090349019301817
0.9599309731431073,0.2825705242763486,0.18225119696707168,0.4960802278707843,0.5067954095668395,0.5065346032787194,0.4946349878335632,0.5029656698648232,0.49332058674301155,0.49721149539380977,0.5076951841745987,0.5104109149637934,0.48476187910000335,0.4920907525249315
1.0003673887511313,3.442633073808289E-4,2.1908433060876913E-4,0.49032418369781544,0.4926047387389522,0.49167902521324963,0.49847069375643316,0.5017158139265887,0.5010019020387184,0.49491307718046246,0.5034976195649369,0.5056229035329979,0.49140942684949207,0.500293829956727
0.9884749777328906,0.15330161431011485,0.09795237391967061,0.49205806057629264,0.49339027289537946,0.4929203552347502,0.49358644088701553,0.4954126196930714,0.4977626011512954,0.49705781040516595,0.497567429671963,0.501160740514421,0.5013482377737752,0.4929124281200041
0.8698992509315321,0.49450021343473893,0.32907070068674593,0.49802366886146354,0.4911834608375309,0.49625153673594885,0.5005534783720104,0.4897167154824948,0.5015624492113698,0.49704428779882703,0.5033964699254272,0.4855358906685959,0.5096184258795855,0.48993975381166405
0.5150465641720802,0.8589815213628401,0.656144856769664,0.5091620473044949,0.4996847274028292,0.4918300022507473,0.49468861361108046,0.5302139803350587,0.5108749123609624,0.5055373301766372,0.5035490598914721,0.512115815574944,0.4926358125784655,0.5102693429583239
0.8187339526512558,0.5751530295934407,0.38986318202615533,0.4968742824722607,0.49958318286096626,0.4964165754763421,0.4978453545533713,0.5009539813319499,0.49747098335049084,0.49478274108741194,0.5031541244749892,0.4973413108467037,0.4802903841886385,0.5097749017311116
0.5732745479429101,0.8195062341421826,0.6113978413099722,0.4980378908490036,0.4986061734106952,0.4933390223520413,0.49913805071331596,0.49548255831720617,0.5028464691514215,0.4969187765504729,0.4976991765244796,0.4971432652205609,0.503836257246499,0.5000361114659668
0.857298741939945,0.5154324775518245,0.34461651413815236,0.4980504482167287,0.4907136298547432,0.4962700081272672,0.4946886743768274,0.5010734067959033,0.4974734235214695,0.49704428779882703,0.4976329539928471,0.4971806362469069,0.5124005222599728,0.5002809072296955
0.6270395475331375,0.7795286130582929,0.5687488120881725,0.49006356405714757,0.4999495129188016,0.49245570892212087,0.4987111035237213,0.5018901910704227,0.4929250263759511,0.49718517038965626,0.49269967640659645,0.4907095832492329,0.4923747955052746,0.4977588076952439
0.5874702446157343,0.8098877129285634,0.6004878061136739,0.4979638212260116,0.4986096576929162,0.4937225238758256,0.4800603370016665,0.49522492134395296,0.5029277087900509,0.49691630714352897,0.497516895269841,0.49747313630350426,0.5038033073245668,0.4970692999447914
0.20241163189488298,0.9796430849678651,0.8702883458494283,0.5032520284999858,0.5112469730219166,0.494715307377663,0.5037741600771092,0.5033424844558696,0.5010576204964684,0.5038942417306632,0.5024263666418846,0.5081353755336843,0.501648263808475,0.4926529965507499
0.9683657149320987,0.25132562546546205,0.1616589313374759,0.495836070800869,0.49358104746165776,0.4933138029973471,0.4946736507605845,0.5014881314214726,0.48539985254746953,0.503577051237271,0.4976110232646185,0.4948725020019093,0.5016070625266705,0.49265889999897705
0.4962808381282691,0.8691481943970905,0.6697085701211168,0.4968695055704287,0.5150227287630271,0.48901646567520296,0.4946997783808786,0.5014859381901768,0.4974879323558555,0.49718235166747615,0.5079021924263291,0.511305641613908,0.5122231853934025,0.4892333087583485
0.7098516662572396,0.7049914583579108,0.49781311989836174,0.4964899197183747,0.4995812828360382,0.4960970298481846,0.494986084022042,0.48836757919686663,0.49307255344411466,0.49703401753518106,0.5048645658457042,0.5117237842062567,0.4992583695049547,0.49333358722884685
0.37378227219718435,0.9279996311233775,0.75623636536458,0.49212244962659796,0.4916421663619602,0.5063179503435464,0.49924343302915597,0.5015061654378405,0.49942964592683103,0.49705209634941344,0.4974083541849247,0.5048213203673894,0.5124193625283585,0.5089591515539049
0.7884010974643724,0.6167187935570373,0.4225992861637383,0.47276457144279915,0.4933205578613692,0.49423287807541155,0.4949673469430504,0.4956005955657318,0.49763534109304147,0.4971540983061775,0.504809218995942,0.5014128267770722,0.49268082175882505,0.4985824460131865
