0.9962234050550619,0.09036579095825217,0.05758913245256819,0.4984302497076836,0.5038976000467668,0.4985585683426311,0.4874701969905595,0.4966919347766433,0.49982834869600484,0.49980386983562075,0.4943460847225285,0.5073230376966505,0.49447920874852935,0.4968915837665654
0.9487273434347839,0.31669113573448376,0.20510369897732916,0.49896827595592785,0.4968618919543303,0.5071164835277225,0.5022385042488933,0.49869381024732945,0.4984859472506019,0.49920893586357357,0.494311523473314,0.5061284824775275,0.494371456995924,0.49604818727445776
0.8138503338182157,0.5815107849112072,0.3949610321563398,0.5013957201176464,0.4944025186012972,0.4980219777079345,0.4997771275484574,0.4976964935782244,0.5032013046201199,0.489831627974673,0.49407248108346,0.4951627813933947,0.4945446023999645,0.4969901192925931
0.7073795866038867,0.7072866485998772,0.49995817658653374,0.5007644052846704,0.49250965374335826,0.4978064622422145,0.49959267357856146,0.49640002369397324,0.5015273042601694,0.49022334467950757,0.49428758124552374,0.49385781884632557,0.4922213848242777,0.4959155645011668
0.3155520407288078,0.9493631134467716,0.7957119632051417,0.5080944627980769,0.5153547964826608,0.498273450789967,0.4997351296482775,0.4965173457396128,0.5016229757716284,0.5046308840766001,0.49507435515902043,0.5072892792654797,0.4964607943938331,0.4989314259566866
0.9810407361877027,0.1956120115531253,0.12529390556307118,0.5006143435678183,0.5036225051886858,0.49109542834730985,0.48840978064164675,0.4965019328768018,0.5017011347039813,0.49934591631427894,0.494335437958711,0.5083543036748255,0.49866606111824124,0.4975328739556967
1.000195739277999,1.4699439222860491E-6,9.356122291359625E-7,0.5009933545169549,0.5099851578105864,0.4993031758596248,0.5005487423184498,0.4986218011908187,0.5017071085542298,0.5019937428338614,0.49422022650833475,0.49520666549782555,0.495519147917146,0.49699767878944734
0.09024229582462084,0.9961778664577282,0.9424865271376415,0.49888228049685734,0.5102108988956704,0.4980140934468706,0.49930099591002874,0.4977252046738019,0.5048007168036688,0.5018648552305985,0.49740526352855163,0.5098172437011884,0.49904086582942625,0.49663853375942424
0.4476580884827595,0.8944384716415057,0.7045829297862177,0.49872153476892983,0.4963602318912058,0.4977277606938439,0.4969440178808657,0.4975772774084295,0.49681543779175946,0.501524448464478,0.49405653882193373,0.5099217647524905,0.49655911119809953,0.49604718731968384
0.8949426867031512,0.44691343243116594,0.29484965904611904,0.5003339917357054,0.48917984818328086,0.4986273323867111,0.4969322311547424,0.49779645560128416,0.4971321462824893,0.4997980988935697,0.4899838146027587,0.5073724258602635,0.4953359355697021,0.49701217655302854
1.3784910803240462E-8,1.0001725101754142,0.9999999912257669,0.500630328008392,0.5085445658894643,0.49864933370095893,0.5003660725904336,0.49636691584079207,0.500979254039045,0.49975585875936956,0.49796076263332045,0.508238528632987,0.49909611877522825,0.4968253726336532
0.19588523974562722,0.9812869425361146,0.874566249824431,0.5082665893856553,0.515335346810935,0.49829260924285246,0.4903339007040345,0.4977315216976091,0.5016719337199586,0.504549367070446,0.49507435515902043,0.5124699275968533,0.4938140822635729,0.49909828941329937
0.5814705584084795,0.8143640360712157,0.6052497928105951,0.5007957002479271,0.49635084900504667,0.4978064622422145,0.49959267357856146,0.49736692669111804,0.5230619009967841,0.5017177491075777,0.49428758124552374,0.4938352833058021,0.4997051287909014,0.4959009379302543
0.8000476703353644,0.6002572541276037,0.40977831741115917,0.4985735954970613,0.5032026055969158,0.4970871214072128,0.5028716116819885,0.5000317432949442,0.49580004293017854,0.5020240574091052,0.49501702244001217,0.5099072836890106,0.4991040004873575,0.4957623699809719
0.3078632939492443,0.9533441546446534,0.8011464728892717,0.507916581570336,0.5103908779723744,0.49904987584959515,0.4999635568385375,0.5317184770839773,0.5222320306599363,0.5042386641726178,0.49561496535758,0.5099448987337387,0.496554565664686,0.49902718475029023
0.9340008882897257,0.36134080586895057,0.235001845895661,0.5010258377278156,0.5105865479079277,0.5095908501424805,0.5004892097240319,0.49785867809816076,0.504895694082752,0.5331348512917374,0.5008980792322708,0.49552622608149827,0.49326799642953856,0.5079616134626846
0.4970640352458371,0.8754619998846683,0.6712582469903209,0.508231217672301,0.508949979275528,0.5360940104446967,0.4888586766634559,0.5077868331476618,0.49662044664605376,0.4992213196416308,0.5706193323517323,0.5072021737398619,0.49452360638318293,0.4962373407547845
0.9701314232703024,0.2474127565189279,0.15896859451516687,0.5160401465080997,0.5153547964826608,0.4758638351661699,0.4997946877024784,0.49652675714473316,0.5007405540134405,0.5020237652680963,0.49507435515902043,0.5062698297642974,0.49575741343658364,0.49693524927691024
0.7357270067363895,0.677540108706935,0.4738039470182124,0.5068011356851545,0.49441455368947806,0.49801611029772824,0.499876750349871,0.49649633905018986,0.49688252460761057,0.49672489869873215,0.4956350615041677,0.4976819940224098,0.49540362993298453,0.49579034039087105
0.026292747868271977,0.9998837302761326,0.9832634273301532,0.5006169389920343,0.5097235178199127,0.4989338837798702,0.5004584932528929,0.49656283013421715,0.5015912843066008,0.501834267504169,0.5045393863552665,0.5083279586179099,0.4954529008018653,0.4978221799637159
0.23092650191672917,0.9754706914992903,0.8520151771497217,0.5012993235015635,0.4640660029557808,0.4982704724249473,0.5006788702107907,0.5001820286844065,0.5048557089778923,0.5044805808405514,0.4951179800413475,0.5099430658908392,0.46886616752533816,0.5000932925117263
0.08735835428645299,0.9965135091107455,0.9443336751540333,0.5011708376683982,0.5076164977141846,0.49888992775116336,0.507744368755,0.4965055771036176,0.510486503618146,0.5020144719329188,0.49759727292682976,0.5078366705810801,0.5033873463475934,0.4968717613388115
0.9991996765016609,0.04458715330373611,0.02838896610573549,0.5007523255390827,0.5098168997815126,0.4990567334345642,0.49918319504450503,0.4986218011908187,0.5017071085542298,0.5019937428338614,0.49394474725740506,0.4954261921571496,0.495519147917146,0.4969936522690919
0.9965261846282367,0.0871146393781149,0.05551110987650171,0.500649508348555,0.5083638639198176,0.49864933370095893,0.48751921253615954,0.49636691584079207,0.4984227002435671,0.4997541156983602,0.49796076263332045,0.508238528632987,0.49909611877522825,0.4968253726336532
0.5757739420362927,0.8177727778942916,0.6094617172673855,0.498567306294747,0.5038884702962199,0.503864847274792,0.49915179888393535,0.4974456110843201,0.49880798040500274,0.5018121292915384,0.49437234917161677,0.5076056479193665,0.4995884415953128,0.49953023348332914
0.9973498036804542,0.07987472353394538,0.0508763615060131,0.508209972848828,0.5073130072060673,0.5133104706993192,0.4990941976978333,0.49768009154612036,0.5013661510194996,0.48974246082019285,0.49408655097080684,0.5076236109336764,0.49455319569615575,0.4969901192925931
0.9655508554504455,0.2624430046784238,0.168955594953278,0.5011388811046225,0.5083638008837649,0.498694370478206,0.5001971065173869,0.4977855552374877,0.5121236863654058,0.4896397620704528,0.4949833259147348,0.5142678665691458,0.4953882512773466,0.5000052853402451
0.8766819675203086,0.48166260153528334,0.31983414185548364,0.504945622780392,0.5084014121041478,0.49892176886020295,0.4992066364906035,0.49782567968699293,0.49660358674288235,0.4995350582853599,0.48917235158985367,0.5072950749429973,0.4989644038879466,0.5004282498880973
0.9767549613572148,0.216295605324969,0.13873620778295553,0.5010974644578535,0.49465999959111007,0.49864945418262624,0.4874617421378601,0.4964900427790924,0.5107484193860337,0.5019803689064464,0.4979408473446274,0.5084037770488178,0.5034477333797245,0.4968915837665654
0.10733467094589669,0.994639833782029,0.9315652113786643,0.5010677090573198,0.5102073654916532,0.4986553644072467,0.4874701969905595,0.49779975437677837,0.4984861237850384,0.5018481271119867,0.49793530276817777,0.5097915750076298,0.49452967345712623,0.49688003452078366
0.016456717647227705,1.000090568787095,0.9895252222970328,0.49855962454389546,0.503352521682588,0.5046437111953044,0.5028716116819885,0.5027520098417598,0.49580004293017854,0.5020240574091052,0.49623955791987484,0.5109828772751861,0.4991040004873575,0.4957623699809719
0.8533678692137359,0.5226898833211611,0.3498618901013362,0.4989462662647448,0.49075547277886566,0.4972468548333799,0.5003870617938949,0.4789728176880464,0.5015283588533304,0.4992777398757349,0.4904630081571229,0.4969659065882749,0.4964094885454735,0.4917474411198478
0.3247089062006556,0.9463638225118121,0.7895809299536274,0.5068955567606005,0.5015450968619994,0.498456543532219,0.48972935346764745,0.48742626981791404,0.5094667730269986,0.4992375754430997,0.49754793392473695,0.5079118761047356,0.4941309898978299,0.49670090773384407
0.6417950578009166,0.7692070286115529,0.5573305955434515,0.49864794132327905,0.5103908779723744,0.49801611029772824,0.499876750349871,0.5393463511453207,0.5062154494895706,0.501115100427801,0.4956520753633883,0.5057335712825674,0.49571577643052867,0.4959156206081718
0.5067063691662859,0.8681083350367274,0.6636478600700858,0.5081906005619329,0.5084715020907085,0.498456543532219,0.5003688244785433,0.5079263439599573,0.5066115278437145,0.4992376821899311,0.5689124584281318,0.5128502977328944,0.4976724768567501,0.5006257998559104
0.999838177658659,0.025171156126613133,0.016023664565553986,0.5008025114739888,0.5041532004142633,0.4984284317056964,0.499575467666026,0.4964348710861917,0.4995593266561062,0.49957894115896784,0.49526298793950474,0.5072929462954937,0.4939048884881479,0.4970724105270404
0.9917609007552692,0.13172581700384328,0.08406389949436943,0.4903068583996255,0.5090195761319508,0.4982728667953315,0.49909913683699,0.515049311878746,0.4987040973917131,0.4993138005666981,0.4998794228121512,0.5056869560236615,0.49539965004465264,0.49694691877575475
0.9376056262269061,0.35183013098032767,0.22853622668207102,0.5010274959693461,0.510472657717926,0.5095908501424805,0.5004892097240319,0.49785867809816076,0.5048490105313688,0.5331348512917374,0.4945704883480934,0.49552622608149827,0.49905583632827155,0.5079984888853966
0.12947949715713894,0.9918120099252394,0.9173576637681279,0.5007523255390827,0.5098168997815126,0.5067497519697383,0.5004239937884052,0.4986218011908187,0.5017071085542298,0.502010227263965,0.49486106638858823,0.4954261921571496,0.495519147917146,0.4969936522690919
0.8142722206595395,0.5807820637064897,0.39442751683280675,0.5068011356851545,0.49431843943268927,0.49801611029772824,0.499876750349871,0.4978291972634921,0.49838509023862426,0.4992382919090807,0.4956350615041677,0.5072133066098723,0.49893082660348737,0.4966988393011293
0.9865515532134224,0.16517514839111033,0.1056076791011249,0.5038887052038609,0.5038884702962199,0.4990635584688188,0.49902436676843276,0.4976866706266093,0.4987978664670735,0.4893546773555534,0.4940933573759918,0.5075734913880724,0.49457141499627905,0.4969255906973952
1.0001440083914845,0.0011472472637628413,7.302548087505384E-4,0.500804405284811,0.4927488435934463,0.4993031758596248,0.49923697221135926,0.4986218011908187,0.5017071085542298,0.4997494476602996,0.49422022650833475,0.49520666549782555,0.4955166893587641,0.49699767878944734
0.3014428312307871,0.9539475351299327,0.8051523830594713,0.5082791363181393,0.5154778798677052,0.4981609281834255,0.49981437938824275,0.49650650080370734,0.5016229757716284,0.504554136525863,0.49472662057679345,0.5072892792654797,0.4964447368459485,0.4989722338105561
0.8729358988361391,0.4944927463845466,0.3281143264930553,0.5007352586711414,0.5106581015592232,0.4973023127339245,0.5535178204277674,0.496444565719551,0.5015827370455334,0.4990937092379822,0.48656350813640836,0.507292890937906,0.49547803484093716,0.49699351923913354
0.23269471974266395,0.9747335749240174,0.8508142187667509,0.5196621898605972,0.4655092776012315,0.5060040802113155,0.5138449769197763,0.49769709519735866,0.5061098039791576,0.4896952353723632,0.4940778085890693,0.5072902764970096,0.4964240828010994,0.5083760894605915
0.4752499482356773,0.8825748131264929,0.6855374526379695,0.49864794132327905,0.5103908779723744,0.4990641317047282,0.4999660080255654,0.5405692973574601,0.5222320306599363,0.501115100427801,0.4956520753633883,0.509953043740744,0.4965529941610693,0.49604606082703084
0.04334381382795245,0.9993595041080038,0.9724060798302143,0.5012717673436649,0.508246145092679,0.4978078387430159,0.4881672811753516,0.4965026434385917,0.4968395494695793,0.4968099709557378,0.49761392857774894,0.4971732966650598,0.4954276990399482,0.49580634359441966
0.5827088590167079,0.8130628088807181,0.6041272009706067,0.508080985991783,0.5107857246768792,0.4961718774194182,0.4997620122346447,0.49605445901277107,0.5016380771677964,0.49941862165973844,0.49424240907194494,0.5073208689009219,0.49723934603012193,0.4989878233096753
0.7016486033842363,0.7130624855904489,0.5051361337972199,0.5006113530408765,0.5146814227588505,0.4981531377038169,0.4997946877024784,0.4965173457396128,0.5016229757716284,0.504554136525863,0.4942761390074542,0.4937250074395298,0.49368192295200825,0.49582491411650426
0.1620436430660839,0.9872915131767432,0.896435298512664,0.5081264346804631,0.5081728729048375,0.49804560323499486,0.5003948568374121,0.49885448013147776,0.5121306962938005,0.5018922938293668,0.4942610440358859,0.5127907420882405,0.4960277158760252,0.49980862851399555
0.0513766967498405,0.9989798861982414,0.9672879999614807,0.5084946433256183,0.5097235178199127,0.4989338837798702,0.5004584932528929,0.49656283013421715,0.5015912843066008,0.5017795617465313,0.5045393863552665,0.5082878957761615,0.4954529008018653,0.4978536418582316
0.2718006964286714,0.9625921159132887,0.8248029690310182,0.5052669353140576,0.5104922036332067,0.4981475110437431,0.502314649017102,0.4966240273225137,0.49844106457382964,0.49971686089076445,0.5037333806146521,0.5072736938358379,0.49897278955772745,0.498927650446916
0.9702114437755044,0.24440129683029554,0.15709928290703085,0.5013286311881856,0.4945915912950199,0.498694370478206,0.5001971065173869,0.4977856891051005,0.5108548685043525,0.4895927408119376,0.4949833259147348,0.5142678665691458,0.49537044391120494,0.4973523267229969
1.0001454364530935,0.001037089181067742,6.601352340133565E-4,0.5008060635263416,0.49263495340344465,0.4993031758596248,0.49923697221135926,0.4986218011908187,0.5016604250028465,0.4997494476602996,0.49422504086998087,0.49520666549782555,0.49550851586671263,0.4970345542121594
0.033445548308034645,0.9996255597109458,0.9787078697813998,0.5049827395271111,0.4941285691141067,0.4980676286286043,0.49980695559726335,0.4964821177622686,0.5011591688622739,0.4985644488805974,0.4976391244615814,0.5073251804818101,0.49408315268562514,0.496561789828394
0.9413680025150172,0.33790748000475446,0.2193976164604944,0.5007902361292822,0.4940291998276266,0.49782087136012537,0.5004849459615635,0.49640002449949133,0.5016764758822716,0.49949572520635854,0.5009899326972446,0.4954744647887784,0.49362590991240746,0.5076290225114886
0.8026594415097299,0.5967811398501457,0.40701088188640727,0.5010578225940919,0.5083638008837649,0.49866011837972,0.5003148444106483,0.5000863955107037,0.4984861237850384,0.49980386983562075,0.49793530276817777,0.5098650018915102,0.49571220808414534,0.4968915837665654
0.8944053701517142,0.4483932021585616,0.295844783211133,0.4828311916215832,0.4890806119426933,0.49885017810566085,0.4997942924820475,0.4999188528941447,0.5017142593291377,0.5006703119840457,0.5037199407833316,0.5072885582186917,0.49533821719708954,0.4989358808799867
0.5535665527657956,0.8330411805984342,0.626616135090909,0.4989462662647448,0.5107530017978116,0.4972279824308619,0.500421221182646,0.4962944168471741,0.5015283588533304,0.4992777398757349,0.494288936582278,0.4969659065882749,0.4964094885454735,0.4990793681480901
0.6553260969313559,0.7581761705342647,0.546240607496273,0.5006143435678183,0.5190416946654011,0.49109542834730985,0.4602597201010823,0.49793525191769517,0.5017011347039813,0.49934591631427894,0.494335437958711,0.5083738771148777,0.49865955716973354,0.4974949312988916
0.44085628649264963,0.8978273593451861,0.709419737027147,0.49855962454389546,0.503352521682588,0.5046437111953044,0.49649754110036437,0.5027520098417598,0.49581058387510607,0.5029658082744703,0.49623955791987484,0.5099328006136337,0.496498002155556,0.4957621261259344
0.9984899210720978,0.05923749402217079,0.037724575521128456,0.49830704517006696,0.5082538979442496,0.4961455570224035,0.5004942778817332,0.49763291660371917,0.5017136164708718,0.4994889634066678,0.4953346875554043,0.5097975441526386,0.49427880471965374,0.4995668045137208
0.9550597238207057,0.29720735750998545,0.19206384890738182,0.49838201726781084,0.4924655390236578,0.49964001502368677,0.49649377015645213,0.49638180441688645,0.4958048908292652,0.4995946165523065,0.5072658597547975,0.5072308450461659,0.4963862135423485,0.49615086506013856
0.2701764644126118,0.9632425179702782,0.825910134371348,0.5082665893856553,0.5153547964826608,0.4981494050834424,0.50048038908155,0.4977315216976091,0.5016229757716284,0.504526157569952,0.49507435515902043,0.5072892792654797,0.49895909869154526,0.4989314259566866
0.1322547585096811,0.9918096415691237,0.9156065767666025,0.5010938782951674,0.515229336946291,0.5038276134364622,0.5004373494241089,0.5077122628183771,0.4902192467770873,0.5064817941653965,0.49506086653151987,0.5108980384229681,0.4995343600522973,0.4995952757290535
0.9928997807384,0.13052550004612626,0.08321217387948064,0.49830704517006696,0.5086249074507894,0.4961750439731846,0.5004942778817332,0.497624297153268,0.501747986834289,0.4994944399651604,0.4955022984981559,0.5083279202470238,0.5353768723716821,0.4995431550863615
0.3913979211253554,0.9204994262038307,0.7440524464397557,0.5010499191975722,0.5083308781538668,0.5067990241250888,0.5003605628118829,0.49781113331263466,0.5061029203489795,0.4992472396839127,0.4948880355249187,0.5073011928520175,0.4970536912514945,0.49714621281456123
1.0000067168547517,0.013074682806315538,0.00832307144292796,0.49855873273028933,0.5034330163637233,0.4989770654393731,0.5004562850976371,0.5028359847313907,0.5012364514062866,0.5017759378463952,0.4942909636178871,0.49568972554220614,0.4963712647225837,0.5000631724297039
0.981526403671354,0.1923887330610382,0.12322147589805743,0.5007680033954615,0.49322053639039526,0.49776528737215114,0.5003583177938825,0.49656563820306415,0.5015341583971458,0.49914558763371353,0.48995387141631147,0.496042134351967,0.49647820122119984,0.49713855897419584
0.24876151796430743,0.9692450749452848,0.8400605859428747,0.5056692167533225,0.5104373502138995,0.5050081650041816,0.4889685638563415,0.50253257641343,0.500727408576526,0.5020020002755667,0.5128153051768202,0.512343021044307,0.49416347874302513,0.4969200489672469
0.8072217049131819,0.5917235629839026,0.40269781932421334,0.5242683790655215,0.5101171252595632,0.4977008907758901,0.4992772485602924,0.4934500858083984,0.496568287106549,0.5012249005827296,0.4939965022835965,0.507146510286878,0.49560959347936406,0.49657059297691497
0.8743401810631967,0.4858427175434812,0.3228835539725253,0.5052669353140576,0.5104727539614808,0.4982907152031531,0.5022394964169962,0.49662697234592396,0.49848598372366293,0.49919613972197296,0.4933883308181766,0.507224333199124,0.4992794417418004,0.49909451390352877
0.7189159982932041,0.6959582896405151,0.4896711326709702,0.5037877619784743,0.5132461713615722,0.4997036257339565,0.4996669094107526,0.49780435059506145,0.5017434123149502,0.49953754035307735,0.4890762012761309,0.4843530503846629,0.49476366823309637,0.49696016035820106
0.6459259454537359,0.7639957119250145,0.5531877623986128,0.4989295157063523,0.5191459105397301,0.4974573865331199,0.4992055105425688,0.4979457223286292,0.5015262691926016,0.49928267368427964,0.4969681770046174,0.5057312064176367,0.49640643430730225,0.49576212511481943
0.04148405006073445,0.9994108109934564,0.9735900248738902,0.5086082174019468,0.4970229169359669,0.5071164835277225,0.5022385042488933,0.4977296661553106,0.5017201525571557,0.504422750570065,0.4973761569755665,0.5075301967447345,0.494371456995924,0.4968618008638573
0.9962146427297669,0.09287251574237383,0.05917809456899534,0.5010578225940919,0.5083638008837649,0.49732166589208104,0.48690707045288906,0.4964900427790924,0.4985352312565938,0.49980386983562075,0.4866898355337267,0.5073066283942689,0.49452967345712623,0.49689025358098377
0.46161766663173237,0.8875987146442943,0.6946910874247272,0.5009677037173964,0.5041060773456726,0.5045656882605026,0.4992672943462019,0.5027520098417598,0.4966056228569741,0.5031162215630923,0.49704508069437114,0.5188182865551881,0.496498002155556,0.4957621261259344
0.1050150796475842,0.9947887235718845,0.9330430886414297,0.5048639254709847,0.49465113292169294,0.49894336013198193,0.5023041697725374,0.5018487089609431,0.5018134355293684,0.5085670518971085,0.5034399634742784,0.5108605091502363,0.5060147045411314,0.49659697936999186
0.8183729393279825,0.5749884572214072,0.38990955551150946,0.5068196709946933,0.4937582370489594,0.49780767926569364,0.499876750349871,0.49773030592839507,0.5016761474736686,0.4992382919090807,0.4956350615041677,0.5072730395524694,0.4989373076163655,0.4989643100994187
0.9997106669707647,0.03050415195662848,0.019419141434184994,0.5007902361292822,0.4940291998276266,0.49782087136012537,0.49926354175499427,0.49640002449949133,0.5016764758822716,0.49949572520635854,0.4952463830654194,0.4938103370922885,0.4936253604146532,0.4959000520055258
0.7112353364145473,0.7033891431127428,0.4964690342593858,0.5008069093596448,0.4944126408472944,0.4986543415068535,0.4994660510683387,0.4964592524072287,0.49871338122439474,0.49909470784028637,0.48691245226436336,0.507356830867269,0.49554047098040827,0.4965828782838679
0.875041251138248,0.4846348527450987,0.3219948711287545,0.5046930442897364,0.5091436957751492,0.5071164835277225,0.5022385042488933,0.49869381024732945,0.4984859472506019,0.49920893586357357,0.494311523473314,0.5072894494717183,0.49541171275151574,0.4965989789122169
0.5286607719535197,0.8552269121157553,0.6475289632271999,0.5081906005619329,0.5179404697415065,0.49847808000631444,0.5022713969831091,0.5084557178727315,0.5063006144352092,0.4992376821899311,0.5689124584281318,0.5128543012085749,0.4992697588955292,0.5031607346082706
0.9616949009250325,0.27503816322100655,0.1773351910703882,0.5007900964413118,0.4932190946867424,0.4995619920888851,0.49926352340228963,0.49638180441688645,0.4965999298111333,0.4997450298409286,0.48998989055693604,0.5071674006053839,0.4963862135423485,0.49615086506013856
0.968418933223643,0.25032892208686625,0.1610364025916998,0.5007900964413118,0.4932190946867424,0.49894281011300684,0.49926352340228963,0.49638180441688645,0.4965735548496032,0.49980451259943787,0.48994963805682107,0.5069172528118424,0.4963862135423485,0.49615086506013856
0.025682938421787163,0.9998853220289172,0.9836514531231244,0.5006169389920343,0.5104809692371759,0.498879741446346,0.5004584932528929,0.5019087876500008,0.49948718847446316,0.5031895841691534,0.49484200094801817,0.5073002175903212,0.4992405173201243,0.49702329586679916
0.46874400227226676,0.8837698855644862,0.6895433628081691,0.4990104960710823,0.5154778798677052,0.49817518403855854,0.49981683057527065,0.4974852353552644,0.5048301011529075,0.5014305727810462,0.4947637305826017,0.507297424272485,0.49644316534233174,0.4959911098872967
0.9987642740713438,0.058258091240438376,0.037092110995160896,0.49855873273028933,0.5186369606951167,0.49893980238490476,0.5004562850976371,0.5028453445550507,0.5017182782618856,0.5017886937030905,0.49190909727503934,0.49568972554220614,0.49640908619843926,0.5000631724297039
0.19752883377395827,0.9806335354369319,0.8734590844841013,0.5052669353140576,0.5104727539614808,0.4982907152031531,0.502314649017102,0.4966240273225137,0.4984900225221597,0.49974007039125845,0.5037333806146521,0.5124543421672114,0.4992794417418004,0.49909451390352877
0.8983268630683223,0.43990523255554187,0.28989680158462583,0.5048639254709847,0.49465113292169294,0.49894336013198193,0.5004931080588202,0.4965636749999214,0.5018134355293684,0.508567849856037,0.503519608668293,0.5073069429326944,0.5058479988301238,0.4965736058594322
0.8104859245585517,0.5861187835535129,0.3985923371747528,0.500727921303867,0.5062085876931539,0.49780555709431124,0.5006074753717242,0.5000662498408419,0.5048929505014834,0.4992475126683449,0.4950350288504626,0.5099740880859992,0.49571101193052663,0.5000861826868913
0.7055300573854956,0.7112931612511051,0.5025895154655085,0.5085857081178684,0.49554007352809726,0.4994036082112581,0.5009344328669976,0.49798586987166626,0.5339032619505338,0.49921770703425833,0.4956308455065542,0.5071962922768259,0.5229569559777942,0.4973996840252981
0.08152743368932379,0.9969660710549116,0.9480556599138326,0.5012030974902694,0.510472657717926,0.4980564057363199,0.5023002714377492,0.5019753615503769,0.5048490105313688,0.5032099486956454,0.5067241727063782,0.4954516208658271,0.49922254203927907,0.5083410547301097
0.9743804152373742,0.22603980732770423,0.14511814714034807,0.5007900964413118,0.4932190946867424,0.49773129306584796,0.49926352340228963,0.49647372822425306,0.4966357443337501,0.4997450298409286,0.48998989055693604,0.5071674006053839,0.4963862135423485,0.49615086506013856
0.039021237600400216,0.9994835125850196,0.9751580880287614,0.5011704051896725,0.5072514492348649,0.49889694681254293,0.507744368755,0.49650571041241115,0.5012868867655745,0.4985644488805974,0.49759727292682976,0.5078366705810801,0.49405395805177044,0.49663395524357273
0.9097082859104101,0.41848479236876834,0.27448241001335616,0.4959886588362775,0.5187727964257514,0.49778678417544514,0.5252653760339795,0.5007216277178347,0.5109628759211078,0.5009992780215574,0.4900511763772607,0.49449315674642536,0.5087740137276131,0.49705104512218484
0.5646568382801544,0.82623044281691,0.6183420116644565,0.5067848377398579,0.5139131544155799,0.4982616607752219,0.49781393121247725,0.5031917756342308,0.5065634051951634,0.4994722290637815,0.5042037316656756,0.5197389984862689,0.49445490920653046,0.49721366304577064
0.6869202811642777,0.7274617068814002,0.518242885224602,0.5067895760991027,0.5136731798807491,0.4981600722095231,0.48758086640694714,0.5031883722162801,0.5065634051951634,0.4994725897022954,0.4960549761048537,0.49449216275258034,0.4944266847649152,0.4970494831164067
0.6663404893756586,0.7464374057473426,0.5360543242753546,0.5050825641181903,0.5099608453089644,0.5017371955445691,0.4924929555665271,0.5017049395552159,0.5110606950877481,0.5013985133355617,0.49559343959635804,0.4847284543708578,0.5035674614569551,0.4965272500892751
0.9394376455073545,0.3448362443246481,0.22396114454613236,0.5008543950963126,0.5130665126943539,0.5013488212673476,0.48978654040159647,0.49238446536235525,0.4841894530238784,0.49921410916549597,0.5070708992955639,0.4929380306603358,0.5054019579291981,0.49652685575280775
0.39757090914527937,0.9195134545127429,0.7401971840307634,0.5049720777417087,0.520291326191414,0.4997483928168626,0.4832031348402407,0.49609349140456743,0.5108438648921213,0.5039794159002607,0.48667376760200626,0.48036696959677194,0.501025496513686,0.4812708026547048
0.7799411501102672,0.6265762702516039,0.4308569462958953,0.5038015363724994,0.5006256352967925,0.4981600722095231,0.4977327701810258,0.5008709755362656,0.5065509293604681,0.5075886798924615,0.501507709544893,0.5162175574144443,0.5006726037295364,0.4920916105359627
0.6168127998213012,0.7879434415228268,0.5771742141536204,0.497679818681175,0.5122397335771961,0.4945341448736909,0.4873607790418274,0.503150460315223,0.5032903198121514,0.49915414270921915,0.5071891727213158,0.4849941663365627,0.4964738934585585,0.499191509367062
0.47776682893228645,0.8793410772149706,0.683152435545093,0.5010319092925792,0.5202406389447097,0.48774734563779476,0.4992140207895932,0.502995334158219,0.5015899667648265,0.4983382495864928,0.502967221314434,0.5108924182947499,0.4969701700004186,0.5061863255411708
0.5473273650145064,0.8378500612768515,0.6316148407633486,0.5007186709557095,0.514715393749912,0.4994088993441038,0.5046867098994327,0.5177685816825234,0.5014502128789733,0.5076263706784184,0.4898420831276725,0.5067217810753463,0.5027171117130683,0.49707229074059667
0.9692478595720917,0.24925798908229935,0.16024487462728443,0.498788001703254,0.5093673154828474,0.49923379584160316,0.49632448962655923,0.4965862041787191,0.4974859842848668,0.49207913744519527,0.5096016334961132,0.5169233063515147,0.48668625819501543,0.4932695284779824
0.35312320705997025,0.9363605960816237,0.7704153567337869,0.49899275922164615,0.5105707029350386,0.49913565834403056,0.49996554487579165,0.515361986262455,0.499928223712723,0.4993349101977512,0.49534949905844106,0.5124839085493713,0.485971183289565,0.4969849977720355
0.7693477166505203,0.6395841476996339,0.44153183938686835,0.5006329737003085,0.5132146618471547,0.5108305885169514,0.496655038722342,0.4966016589158366,0.503101606265377,0.5015455001372708,0.494043425374729,0.5092911460993469,0.4950357086605044,0.49712710608777577
0.4974510301183229,0.8684150635160778,0.6688309107692854,0.4910541543464204,0.5132024555071093,0.5070688110905036,0.4882845845308416,0.4964382875719863,0.5104568518311129,0.49939489459453745,0.4885643289552633,0.5035742501368305,0.49618413808153045,0.4911262219118171
0.6752294389450638,0.7388142725064971,0.5286073986865869,0.5048886361758353,0.5105249460194468,0.483062775500535,0.4990188530098691,0.49647665803611163,0.4906651035362695,0.4990205290065176,0.4894760220434782,0.5154223562644906,0.49677821916853765,0.4971253129031843
0.8455280689825183,0.5351654460133246,0.35923562803247544,0.5004807990743573,0.5101804004309504,0.49774321611378053,0.48873343193861185,0.4976139912150311,0.502710257287111,0.49797048622336415,0.4900087269938109,0.4969024168525893,0.5171936793112212,0.5012515857066485
0.3729475065990553,0.9286072837000682,0.7568733941477312,0.5026362242492415,0.5132204450801425,0.5107501968209781,0.496655038722342,0.4978100575390638,0.5104540601214965,0.48806974916264895,0.494043425374729,0.5092911460993469,0.49658382021917324,0.4985703831809086
0.6566848168359323,0.7549227809031561,0.5442329428133535,0.5001406744074003,0.509820548601406,0.4977830737847378,0.4967661947409046,0.49790077896507207,0.5049024053669453,0.48888863282916445,0.49403558590995356,0.5156691417197804,0.4957208279110979,0.49710724712194165
0.2834250168276047,0.9596906885643547,0.8171841363916211,0.504873226192026,0.507204843548417,0.4965127109244097,0.49958547390368807,0.4965289573893463,0.5060800005391749,0.5017714899984993,0.5175148064417031,0.5147472451966836,0.4981682201744137,0.5000839479032658
0.45834287989435596,0.8895181291944402,0.6971029166137027,0.49674674114541,0.5134978081528895,0.5024732536360321,0.5008715264671477,0.4974552786672565,0.5053179471067747,0.48943957152892914,0.5025164875036094,0.5169830934414996,0.4957685917810241,0.5012402039864823
0.4442612322139,0.8961617803485977,0.707007205241462,0.5049668154283955,0.5084743460222639,0.49842354712354675,0.49979324185302804,0.495519791320231,0.5016057380641263,0.4985644488805974,0.4974867488914148,0.5078399009225103,0.4944026130149931,0.49624141134296074
0.7550342256653348,0.6559915037021896,0.45538755440985845,0.4985356950395705,0.503460242627202,0.5051988154797605,0.5030100312954162,0.5028693096949296,0.5094091235560074,0.501774417718166,0.4942612135765578,0.4959739288963292,0.49878157204648343,0.4999646178991897
0.8265260196904683,0.5639415861160516,0.38117616106795515,0.5179599286506018,0.5068659479081529,0.49750388806805873,0.49920496098439354,0.4979749026324225,0.5048921235663015,0.5051185547684687,0.48801900594591263,0.5007768401705424,0.49645812528294314,0.4998409681299498
0.7974284748884977,0.6041410086796332,0.4127554331863493,0.5049827395271111,0.5072514492348649,0.4988970339678827,0.4995873615928617,0.49650571041241115,0.5012701016157565,0.4848090774547351,0.49782000501033974,0.5078366705810801,0.4938123000710166,0.49663395524357273
0.31404060874736595,0.9497796657578207,0.7967083473814573,0.500959735516572,0.5102164424845641,0.4981611011268188,0.4994779874868221,0.5021071689747978,0.49992715560020135,0.4915524757622119,0.49477995141483777,0.5108639199581336,0.4955181314684634,0.4988689842561169
0.24715810435815244,0.9692807342409635,0.8410546552866967,0.4985586894791676,0.5037663759148845,0.503736129333902,0.5028217259846164,0.5028693096949296,0.5094534294554727,0.501946612242127,0.4942612135765578,0.5110475332155466,0.49876199191468595,0.5000605986160841
0.9286962169559346,0.3735938693518431,0.2434869792454606,0.4910114869433665,0.5083548317581952,0.48760349576853523,0.4880206727337711,0.49002520459437693,0.49639095342196093,0.49905177401352324,0.4886654193493876,0.5091311830959823,0.4876142129767163,0.4901236139359476
0.5181817637348634,0.8557799754882903,0.6533861372983585,0.49770219973274354,0.5135451121661191,0.49725855054368306,0.5000164585198926,0.4974552786672565,0.4999084370919952,0.5019460648456077,0.49489573271680615,0.5075071873364536,0.49565382019287474,0.4886897920105948
0.8180086332187523,0.5754867403250773,0.39030237971772097,0.49857697554930824,0.4941751996198632,0.4972924642388724,0.4992820607077694,0.5026685683762496,0.5048393487834635,0.4992807855134503,0.49742520651398214,0.507299829777011,0.4957103958758754,0.49710724712194165
0.8561114664602537,0.5172145023360535,0.34597795483637017,0.49896827595592785,0.5104604561335576,0.4978914151355376,0.5032475256093705,0.4999561325769669,0.4996625418071557,0.5015963497784065,0.5039603481070253,0.4927615408023895,0.4964360917935888,0.49685438402138926
0.7159416562816735,0.6987329342411641,0.4922562598783926,0.503897325226101,0.48897186031944706,0.4988870309669103,0.500563190448208,0.4965892357947884,0.5021415445590443,0.4992010984404878,0.4885968598117603,0.5090465780411062,0.4951920037626684,0.4968706830107832
0.20469684194886292,0.97914604916923,0.868800068876991,0.5006958697600533,0.5094667127225591,0.49936235165482146,0.500379777222758,0.5033117178056374,0.5009868716372919,0.507747792278418,0.4997446391101763,0.5115148093973385,0.49909570615482385,0.495787527204316
0.8899912223312343,0.45691163241319505,0.301949574978957,0.49240448860337604,0.5075670804594341,0.49793071170581,0.49637937308855656,0.49647543411070066,0.4987292817449137,0.49170510808492846,0.4941677950018103,0.5097786229583069,0.4939766402545507,0.4932832939195924
0.9192828526640245,0.3953489188341838,0.2585635372539895,0.5186948064574572,0.5074082844253544,0.49921309631483607,0.48875479649588555,0.4977943756965915,0.5017011347039813,0.4996572235797987,0.49816726436180453,0.5071551291465627,0.509817127171514,0.4993935911951964
0.7290459680540364,0.6847430420515297,0.48005721356584985,0.4967070234019723,0.4951721589031729,0.4978181596846421,0.4984776394453991,0.49657440284471155,0.4965163424011496,0.4992010984404878,0.4945805329302852,0.507074716244274,0.49437241108912094,0.496301369658193
0.9599271033141288,0.2827830768628388,0.18238160768804224,0.49896827595592785,0.4890966414119622,0.49725707765689736,0.500310118450202,0.4965683884937482,0.4985512863127741,0.4992085475560106,0.48920597999346305,0.507344596948311,0.48733853712071057,0.4845059113163206
0.6278480408750104,0.7786410370149599,0.5679937763213916,0.5006155598276473,0.510045458535569,0.49773129306584796,0.49925802886149145,0.49646864321521067,0.4965285857925429,0.5011538609484449,0.4949638927597773,0.507146510286878,0.4963884301636029,0.49610557326566346
0.9490067565959892,0.315853467454586,0.2045416441188014,0.49890344025278843,0.4968618919543303,0.5071164835277225,0.5022385042488933,0.4986722923774723,0.4984859472506019,0.49920893586357357,0.49431152647703547,0.5061284824775275,0.494371456995924,0.49604818727445776
0.9999277409943435,0.02179622260410198,0.013874711787427885,0.498567306294747,0.5038884702962199,0.503864847274792,0.5004503179378694,0.4987502594086369,0.49877658143606973,0.5018123641508254,0.49437234917161677,0.5076056479193665,0.4945253191657,0.4973310615711162
0.14515294099115125,0.9896824078178075,0.907290395030254,0.5000943101195277,0.48935999517143536,0.5067990241250888,0.5003521079591835,0.4978274102652025,0.5001145873277417,0.49906716428245795,0.4944514491695681,0.5073810800399814,0.4963078699099611,0.49750712306126116
0.8096371920125482,0.5871726248763487,0.3994524770925001,0.500761117953184,0.5041366771989919,0.4988105553695056,0.500335162398883,0.49777032900858204,0.5048267212489452,0.49949073816605216,0.4950350288504626,0.5071460236852325,0.49569199082344717,0.5000699688666181
0.8390366329783951,0.5445244565871243,0.3664786126248056,0.5007665767577524,0.4892921028106055,0.4974001110573063,0.5003526755247151,0.4978074672295323,0.5001171389463935,0.499209848343053,0.4943273852977298,0.5061235272828819,0.49434084962407204,0.4960795623167175
0.9891416527072603,0.14869347433736133,0.09498909891831031,0.5010717631000066,0.4949624373812843,0.5047977562637217,0.4886239409396534,0.4975158599709369,0.5017011347039813,0.4996569831715021,0.49466323193578676,0.4955152331153908,0.49594996543209086,0.5015192800666577
0.7457345102459849,0.6668385829584277,0.46448001355388113,0.5000943101195277,0.48952816659060727,0.5067990241250888,0.5003521079591835,0.49780882199408305,0.5001512038161366,0.49906896752432783,0.4943480035614631,0.5128502977328944,0.49439290622051807,0.4974456933908333
0.9797177999612031,0.20174974953330216,0.12928949446552218,0.5087190382692256,0.49322053639039526,0.49776528737215114,0.5003583177938825,0.4965822293983055,0.5015340428731715,0.4991850388810795,0.4900589757508075,0.4962975495222732,0.49647820122119984,0.49713855897419584
0.8690416507996271,0.49515065202762676,0.3297003669543793,0.500804405284811,0.4927488435934463,0.4993031758596248,0.49922990401967415,0.4986236239026723,0.5017071085542298,0.4997494476602996,0.4889894139843152,0.49641933966506535,0.4987694173718092,0.49699767878944734
0.532849044175889,0.8479176012938647,0.6428210235228239,0.500804405284811,0.4927488435934463,0.49930211536703406,0.5003665567401785,0.4986236239026723,0.5017071085542298,0.4997494476602996,0.5370773742544779,0.501076067856058,0.4987694173718092,0.49699767878944734
0.6042508557903409,0.797063257339243,0.5870484645268708,0.5006155598276473,0.510045458535569,0.49773129306584796,0.49925802886149145,0.4974306400770446,0.5006347078124743,0.5011538609484449,0.49496348212492974,0.507146510286878,0.49637188698929474,0.4969149424199174
0.5888162507848127,0.8084992854413836,0.5992754099100088,0.49991933279870693,0.5076514365139173,0.5037509622115228,0.5004495284371113,0.4987258972207067,0.504256992223395,0.4998241294984353,0.49437234917161677,0.5073868045314026,0.4998940836923655,0.49700456176033747
0.6993231549557724,0.7154510661640134,0.5072569193659918,0.5007644052846704,0.5147327634967479,0.4978064622422145,0.49959267357856146,0.49640002369397324,0.5015273042601694,0.49022334467950757,0.49428758124552374,0.4938352833058021,0.4936348059487917,0.4959009379302543
0.7868436557129954,0.6177795791619323,0.4237416451475141,0.5007287891525554,0.49687323314657245,0.497403089422326,0.4997505178298953,0.4825074786936306,0.5016071195009898,0.49882836334003794,0.49503166236116564,0.4988237249911883,0.49425671627711076,0.49895723737587594
0.4160368517302497,0.9095992999715194,0.7269040645046494,0.5009933545169549,0.5099851578105864,0.5068715995071137,0.5023948168153825,0.49865119712959216,0.5017071085542298,0.5019937428338614,0.4948727977644483,0.49520666549782555,0.4971509224497283,0.49699767878944734
0.6384532012618083,0.7698777780482674,0.5592374048568093,0.49866605505420974,0.496017869613998,0.49801611029772824,0.499876750349871,0.5008356198530813,0.5060322995068508,0.501115100427801,0.49426343883288987,0.49374306558096875,0.49571577643052867,0.495901507591961
