1.000622168193209,1.8035866450262262E-5,1.1474849906141157E-5,0.4928121171210689,0.4959443013175208,0.5011276460322721,0.49786287255452305,0.492485501106207,0.499293729887826,0.4844479859008304,0.4964567546181536,0.5027995418093065,0.5009912525775984,0.48490003818249866
5.420402793733404E-6,1.0001354865303063,0.9999965497318722,0.5028117433605976,0.49761936752923286,0.4963715068587508,0.4974185421049313,0.5076935889548299,0.49966627510894546,0.4969879847956388,0.49989989036758425,0.5056632242528066,0.498980908670671,0.5007666479334962
1.000076505514952,0.008582491035509473,0.00546323139593935,0.49538899254674396,0.5032189129193895,0.49616819856165884,0.5013286351286876,0.4959215855848971,0.49891880332996735,0.501895981967317,0.49985585896252893,0.5063585139036938,0.4990235486785982,0.49843197541788037
0.9999124071132196,0.01795318179278676,0.011429123681503572,0.5049436579461566,0.49594427089072296,0.5011276483562151,0.5011200790607809,0.49603234996148843,0.49903934925513826,0.5005804531343006,0.501071768803725,0.5029170698196853,0.5011044493834279,0.49849270586256605
0.9996409919678995,0.029425042181177002,0.01873388177165933,0.5049436579461566,0.49594427089072296,0.5011318804829366,0.5011932947726988,0.4960035633435414,0.49903934925513826,0.5005764572130367,0.5010717890266669,0.5029170698196853,0.5011044493834279,0.49849270586256605
0.9992433362668183,0.041375822713681024,0.026345562886002705,0.4979404716642759,0.5029717261662999,0.4989062018174202,0.5012269221716587,0.4960031055030137,0.4997894688717723,0.49625661886877287,0.5009926027871903,0.49402908636335635,0.500761310502364,0.495928964638943
0.9988902559371629,0.04890320964081448,0.03114247265868636,0.5056832498667223,0.49625917135066694,0.4988894899518542,0.5012281156744154,0.4960035633435414,0.49903934925513826,0.4972245899296323,0.5009984895402352,0.5029170698196853,0.5011044493834279,0.49849270586256605
0.9982095501735222,0.06234075947687576,0.03970697600889989,0.5054022104987962,0.496337842430584,0.5011288037296341,0.5012059397272208,0.490863873045015,0.4989568517196958,0.4972251019554626,0.5014160049047368,0.4962504171969377,0.5008251534117399,0.50001221879786
0.9975315136297167,0.07437249883201241,0.047376514082194565,0.49530688370267484,0.4970514573076054,0.4981982948326579,0.4988709232720019,0.49229618045818696,0.49841789324937374,0.49766709918444574,0.5013665334091674,0.49460079918772165,0.49784910466620574,0.4872732592158849
0.996436135179212,0.08559923056003235,0.0545551293933087,0.5054022073187542,0.4965260996501752,0.49819140577111026,0.501986258759584,0.49892057958263103,0.4984098811421748,0.49872926607699436,0.5013924750120794,0.49518383123931375,0.4959153206276636,0.4967598265025039
0.995247131132735,0.09856596029997297,0.06284377334556024,0.5054022073187542,0.49656814052784176,0.498191336589591,0.5019881204304045,0.4988483698365408,0.4998277944299378,0.4987186454912207,0.5014170504427624,0.5059379519625048,0.49584115158712344,0.49679109760830714
0.9939305996629124,0.11058593168397023,0.07054097065231532,0.4988674714341004,0.4970448368583872,0.4981982948326579,0.4988709232720019,0.5004193968800991,0.49841789324937374,0.49766709918444574,0.5013948420871375,0.49477785257687557,0.49783599894044755,0.49733854646919357
0.9923702791235046,0.12392219310518954,0.07908846517236834,0.5005744596446228,0.5040171384676341,0.502532860563064,0.502032548775941,0.49884945601111036,0.4994877917153998,0.49871851583322335,0.5014397521682746,0.5061347703167693,0.49781347231159545,0.4982662627576601
0.9907984198198753,0.13598270687366695,0.08683077208922443,0.50052775288018,0.5040171384676341,0.49772193581479723,0.5020325487741041,0.5003842913599221,0.4993843448174236,0.4975664187141021,0.5014397523218208,0.5061347603278677,0.4978109762816459,0.49688341046627404
0.9894453722114905,0.145431619565915,0.09290702218472183,0.5005494705307881,0.5040171384676341,0.502532860563064,0.502032548775941,0.5003842914201049,0.4994825350674767,0.49879197334026487,0.5014397521682746,0.5061347703167693,0.4978384032303453,0.4982662627576601
0.986824466351037,0.1623785816356612,0.10382324676421933,0.500518977234767,0.5039810199802188,0.4976971955587553,0.502032572675419,0.5003842907641253,0.49937454693359784,0.49747192754727304,0.5031688823788687,0.5061350660413286,0.49781172627812925,0.49688398175259585
0.9846641885271491,0.17493170235892413,0.11193161788487978,0.5005488401442624,0.5051161444100827,0.5022422860013093,0.5008586156115157,0.5006493224146089,0.5013416979151154,0.4954033176689003,0.5031688823788687,0.5015336459788929,0.4978355460553917,0.49689231503696096
0.9825316601551422,0.18645621845721919,0.11939238213645942,0.5005488401442624,0.5051161444100827,0.5022422860013093,0.5008614453300061,0.5005316861000426,0.5013416979151154,0.4976626854733946,0.5031688823788687,0.5017360068844009,0.4978355533084063,0.49689231503696096
0.9794916401082432,0.2017508160778867,0.1293191974100285,0.5013063419514745,0.5039608073490706,0.5022527953500509,0.5007767091751357,0.5002195770449701,0.49852524713958,0.4976626783060626,0.5029331263571009,0.5016727285324901,0.4980905304680159,0.49720275473926967
0.9764342003245665,0.21610304160808647,0.13866067187989514,0.5013051704151676,0.5052987845146996,0.5023762068859032,0.5008714030003354,0.5005293605635723,0.49841789324937374,0.49766268560640325,0.502933322943641,0.5016738571149221,0.49783598475455165,0.4987302000240981
0.9730960688127913,0.23058706968773204,0.14812279150374205,0.501317132032396,0.49709990102442314,0.5024365165325066,0.498950797844105,0.5005301586262613,0.49841789324937374,0.4976660048120467,0.502933322943641,0.5016668401272643,0.49783599866398054,0.49869737291638544
0.970302517022042,0.24266487794229322,0.15601337152241748,0.5028346402490885,0.49834641093495696,0.49970159042920137,0.49574571761360087,0.5003369839293226,0.4999353068382858,0.4955781424080835,0.5029151321514476,0.49820493226768575,0.5109787058159463,0.4976102232582819
0.9657519381989575,0.2597107298879816,0.16724360316481296,0.502847317565344,0.49834290808405945,0.49970228491034774,0.4957452034839925,0.4986602653323248,0.4998993460891569,0.4955781424080835,0.49989697029250596,0.49855424977980145,0.49900292459903406,0.49687994130199814
0.9615448546902685,0.27529439503626746,0.17751825861560355,0.5008447894785442,0.5029570712339049,0.4958805609240299,0.5022298513544683,0.49868767344130877,0.49108986858074094,0.5070540050602514,0.4987061705819813,0.49856189660310885,0.49894076708280016,0.4967435804033568
0.961378258558313,0.28792494082482073,0.18525032167417288,0.5581621344820856,0.5029570712339049,0.4958805609240299,0.503634581321014,0.49868767344130877,0.49108986858074094,0.5070540050602514,0.4987061705819813,0.49856189660310885,0.49894076708280016,0.4967435804033568
0.9527614708785518,0.3048900362095057,0.1971668763060377,0.48493296410874515,0.49844124085399266,0.49970016965094993,0.4959002454196696,0.4975908660802728,0.5004970734660547,0.49557332249843006,0.5023179336095376,0.4921007753200352,0.5039330011100278,0.49905917921510545
0.9478497485007555,0.31986270258703237,0.20719503601413694,0.49135449428477573,0.48851980700234804,0.49610982319356567,0.5080644662983071,0.4987120182844352,0.49872158743025413,0.4948383325203234,0.4998561980225553,0.5057370946228599,0.50381525202087,0.4987981372508904
0.9421997229079506,0.3356595409361764,0.21787210310302416,0.4913533298283094,0.5052845739311433,0.496199008453077,0.5023143256593828,0.4994990720326757,0.4984664939109059,0.4997039736176838,0.49985751084099805,0.5057464512654734,0.5066452675846933,0.49881054112709594
0.9366747556884949,0.35082933739028643,0.22814799897268603,0.4975847875088224,0.5061514742949866,0.5070564644787072,0.5053861354072207,0.4999221147266004,0.5009024272342857,0.49970554248965476,0.49990462973649386,0.5072612893470188,0.5065267535307142,0.49870865789016394
0.9305651250545236,0.36659960597302105,0.2389127286708144,0.49757544537706977,0.5061514742949866,0.5066472625913406,0.5053447514585657,0.4999221147266004,0.5009074312919398,0.5012362216340326,0.5000193200565931,0.507265583948612,0.5002460701132464,0.49870865789016394
0.9265382908091423,0.3766722271731483,0.24581742538705714,0.49757544537706977,0.5061514742949866,0.5066485699966365,0.5054451430251742,0.4999221147266004,0.5009151550878989,0.49959904916832915,0.49990462973649386,0.5072550355976927,0.4978364243990893,0.49870865789016394
0.9172005218572593,0.3987529546011848,0.26107773118464683,0.4962612223226317,0.5062903479576005,0.4965825667057316,0.49828778144742214,0.5002595355823153,0.49831316551442056,0.4964829919946991,0.499888662825437,0.4969851844229348,0.4978372645992337,0.4942440442058649
0.9103043118649827,0.414746695726496,0.27216264398998413,0.5013895212909919,0.505256543852453,0.49820472867723076,0.49830936665955106,0.5100509946939379,0.4964913971859661,0.5125741583173251,0.4970324888003157,0.49645526343533775,0.49773188314473565,0.5008508107677343
0.9052843643621723,0.42553982119544703,0.27973818060922867,0.5013894635995579,0.5052558844188403,0.498215994848909,0.4983048311847451,0.5102407922762738,0.5004762390464694,0.5125743249252898,0.5030781876912785,0.5004491281626132,0.5016385927664035,0.5008507793424611
0.8948634892128811,0.4464078549406321,0.29458423984456755,0.5014097585420114,0.4986463736976887,0.49618315773430743,0.5018304245512197,0.5000620467118875,0.4989524847071596,0.5018107180662311,0.4980758515185282,0.500450332852505,0.5002409642974698,0.49951351382523207
0.8864558116345955,0.4634275862946063,0.30666649027735426,0.5013990057670801,0.49864211960632926,0.4982550902733589,0.49830884819048865,0.5102778437683964,0.500254780531885,0.5125743249252898,0.5031650544275865,0.5004491281626132,0.5008377461791523,0.4998079103855447
0.8778846653553071,0.47961991160774575,0.3183262683341853,0.5062852658908712,0.4986468898043566,0.5028514874495293,0.49953654142351545,0.49459123602579674,0.49850552646497026,0.4852743775337269,0.5032892160821515,0.506783198476306,0.4981518711747173,0.4997791907196511
0.8684380196709945,0.4965150351861727,0.3306449606376065,0.5062900892051997,0.49865140923584444,0.5028398367656033,0.4998005398427101,0.4942472554964609,0.49848723476806234,0.48527309801246155,0.5032921714704134,0.5062950750311113,0.4981143180725191,0.4997784663410112
0.8592037672384463,0.5125076860552814,0.34239682663400567,0.5062900501490618,0.5025293393535875,0.5015128558958082,0.4997488065102708,0.494600975806995,0.49845323470063396,0.48549113715528186,0.5032885047163178,0.5062998425870934,0.4983011077932441,0.510186713573499
0.849412684587885,0.528846531211745,0.35451666298747936,0.5002943100995562,0.5025279045404643,0.5015318338441783,0.5031431623512851,0.4946009527624082,0.4984507136077504,0.4815540953645535,0.5032887012255491,0.4937346549347226,0.4982999778661848,0.4878903938016301
0.8388682125395652,0.54524945148806,0.36692391963788173,0.5002880054515871,0.502614230409193,0.5019089714476591,0.5030011726443957,0.5041854215689634,0.49847197718792097,0.48102182968682444,0.5022816359736253,0.4939261450191903,0.4982997287024656,0.49267083795225886
0.828310537490477,0.5606274495230336,0.37879352107868186,0.500336691254213,0.5026142693611604,0.4993641023122015,0.5026157952938844,0.4974776118886777,0.49847197718792097,0.5057674908391935,0.492577458572335,0.494181474596717,0.4982072925393616,0.49276102409045996
0.8182685342781689,0.5755995076076823,0.3902659073931749,0.500336691254213,0.5026207517893493,0.4994640635051861,0.5122396059146826,0.5041592034975511,0.49847197718792097,0.5057674908391935,0.5022004529268354,0.494181474596717,0.511744047498154,0.49276102409045996
0.813149534601929,0.5827571170029163,0.39586561098752754,0.4981198088390244,0.5029748200779139,0.49938550772174356,0.5122396059146826,0.5041733347570168,0.4984724903729413,0.5059253645318936,0.5004412624942034,0.4941828385471055,0.5117441841913932,0.49557984314191683
0.7957993495225986,0.6079580475091486,0.4153149215141093,0.4981402120901657,0.5029645737599451,0.4992418950586948,0.534793337183294,0.504469849822545,0.4997832279314242,0.49512054793548244,0.5005541003773211,0.49450335473231066,0.5117169496237167,0.4956758529556562
0.7811517917651085,0.6248792604328449,0.42953246720347815,0.5002822801293393,0.5029651271830191,0.4993483570522345,0.49976718460604713,0.5042115543036977,0.4997894688717723,0.5127702574695634,0.5005528970950944,0.4978048972095585,0.5118321155102649,0.4991545041306719
0.7685717892870959,0.6404800183304288,0.4422858475146334,0.49812853540294333,0.5029717011750058,0.4990221809041568,0.5025717463748252,0.5031601269817142,0.4997894688717723,0.486563400075267,0.5036500203394576,0.49419333683659417,0.5141649876983102,0.4994031235499248
0.7552381004909348,0.6555647438137552,0.4550973622019264,0.49812853540294333,0.502971701890452,0.498878294232059,0.49974331622263674,0.5031794532868652,0.4997894688717723,0.49956247345383104,0.5002088149887718,0.4941933320738446,0.5003477820186626,0.49588005415339625
0.7417373675296544,0.6710235730984266,0.468161449328982,0.4980845073551802,0.4996982526348126,0.49882227946206564,0.4986455641558819,0.5040698063298458,0.4996562234804203,0.4996571512914627,0.5033322467451038,0.4944380337431845,0.5117730474915795,0.495637737406927
0.7274005317547232,0.6864352497006898,0.481559375940644,0.503063864237799,0.5029717261662999,0.498878294232059,0.4998338183981854,0.49199528342845045,0.4997894688717723,0.4996606587851887,0.5034507124933821,0.5060069798505274,0.4989995784986942,0.4955615423779583
0.7143871069004301,0.7001922726894818,0.4936119464506828,0.49540460151584476,0.49971921285156007,0.4962100285882471,0.4998457382053523,0.49223515273203133,0.4988969202029209,0.49971859347338815,0.5033078354208605,0.5062033634079246,0.49899998523805095,0.4872943197314135
0.699829424641446,0.7144390232494573,0.5065761408602136,0.4953621305127114,0.4996517508964076,0.4962824213515098,0.5014754696290351,0.5009558647861014,0.49891875630182847,0.49971859581941414,0.5033102502559655,0.5063516624623099,0.4990277932363424,0.5003598548325124
0.6850319072950831,0.7286911325883759,0.519654129051281,0.4953621305127114,0.49965175122709465,0.4962833241201634,0.5014754696290351,0.5062130267115645,0.49891875630182847,0.49971859581941414,0.5033102284572895,0.5063516624623099,0.4990277932363424,0.5001172817224582
0.6674494480188707,0.7449215671376683,0.5348852436542786,0.49792834310623196,0.5032189129193895,0.49962783570070846,0.5013286351286876,0.5091998612893577,0.49891880332996735,0.49971859581941414,0.5032204013322222,0.505841876832584,0.4990235486785982,0.5071090932198399
0.6556247630051897,0.7553967504333844,0.5449399809016161,0.4955288275348475,0.5032189129193895,0.49628423358554485,0.5013286351286876,0.5090709803368728,0.49891880332996735,0.49971859581941414,0.5032465085637413,0.5063585139036938,0.4990235486785982,0.5072548622721488
0.6403432692183989,0.7684083681491065,0.5577144282889395,0.4944371132712069,0.5007935541745662,0.49616875599485083,0.4944173059535241,0.5092016304702269,0.4989196716199647,0.4939991524840289,0.5000097776765203,0.5057862007792507,0.49866709233143997,0.4966974650302713
0.6250334525084063,0.7809417891202536,0.5703074091355541,0.49449898220886607,0.5028738987095297,0.49611221583878534,0.49441738513252587,0.509274588216223,0.4989992414290478,0.49357201229132797,0.4998619814552041,0.5062973016425347,0.49866709233143997,0.49628245014419703
0.609190866355153,0.7936699213200875,0.5832391789098481,0.4820945088705156,0.5029064857722413,0.5026419905625582,0.4982527693355688,0.509542602097769,0.49899917371307434,0.49357097845163206,0.4999789291432239,0.5062419234614444,0.49904853213992306,0.49950333021385795
0.5906349069095034,0.807353572151507,0.5979105746510092,0.494882659453446,0.49902500133460354,0.49627449931694556,0.4943307942060023,0.49974644810303775,0.5126267210624486,0.4939632393290179,0.49989004149856625,0.5048392925501295,0.4967218072710271,0.494399948000647
0.5774783485861807,0.8168351618920303,0.608231298614057,0.4838181506969687,0.5024185665339603,0.5026095886462018,0.49820256933864254,0.5006782304414906,0.5000102555211079,0.4933728797071375,0.4999789323292339,0.5052072484666023,0.499062660573015,0.4994658909150658
0.5622361711102047,0.8273970862757992,0.6200327960334739,0.4945017567192118,0.49902500133460354,0.49627449931694556,0.4943337774344155,0.5009446933596063,0.5126267210624486,0.4939636466105412,0.49989004149856625,0.5063200077229301,0.4967218072710271,0.4952007456770251
0.5412079813952053,0.8413058281016462,0.6360779861190892,0.48380843124515277,0.5024185665339603,0.5026095886462018,0.4981940674985981,0.5006716938167374,0.5000102555211079,0.4933728797071375,0.4999789323292339,0.5052072484666023,0.4990686593709716,0.4994658909150658
0.530569029240273,0.8481225122490526,0.6441188840602932,0.4843389439959699,0.5035844556729824,0.49578366943975927,0.49442127372382866,0.500789918783447,0.5003434600856095,0.4941908616889805,0.49662904760706417,0.503133216305046,0.49627417898938325,0.4944326421128824
0.5122807578459373,0.8596287099273029,0.6578656467703476,0.48387683583975694,0.5174457753977088,0.5032319775945591,0.49792222873144415,0.5007570610064054,0.5000117811253362,0.4933728797071375,0.5034328670367166,0.5054310493917358,0.4990543657091212,0.49447161329473754
0.49354687181218454,0.8699013203233861,0.6714574916219802,0.5012869023724092,0.5028965778390715,0.49599436028211663,0.5019734121080796,0.5007303719773074,0.5000162648521657,0.5086886191160408,0.4965914793517215,0.5031876748108145,0.4991223636440736,0.4945376545353201
0.47997832370034466,0.8775141847516426,0.6813604783957908,0.5010302273766272,0.5029769935471319,0.5055005913370949,0.4989421852491601,0.5007293377476514,0.5000217700293481,0.5086886191160408,0.4965982324168278,0.5012201422664581,0.4933341905854531,0.494492808527706
0.4622113032125337,0.8870323350414774,0.6941895486565407,0.5062243480660709,0.5031050299658789,0.5055005913370949,0.5060583630230114,0.5008059235918128,0.5006050243220529,0.5086886191160408,0.49697877093676296,0.5052781067089787,0.4982816691622247,0.49899577775525406
0.44714495680898525,0.8946212509543858,0.7049270846244756,0.49605455854429115,0.5030611696085769,0.5054981375736353,0.5034245383816593,0.5045252599083154,0.5006048540467127,0.4952080435507602,0.5001636390860807,0.5052738518654912,0.49826134113224085,0.4988497064190826
0.43108749749499314,0.9026021935336079,0.7163401850934826,0.5059403352606145,0.5030550661433613,0.5055353786019054,0.5042360579184821,0.5005324020498662,0.5005238639259251,0.5107900343285585,0.50017180986395,0.5063842368695245,0.5033332661915897,0.4987944281421297
0.41478050509123476,0.9099914815735952,0.7277352050999805,0.4962565675802168,0.4995556998477365,0.49679867298155206,0.5034347945693829,0.4988264174295902,0.4984484933724544,0.496225403842368,0.5001261604410553,0.49766086135938364,0.4983974515773824,0.4988444686355415
0.3985758972331341,0.9172746265738734,0.7390444342763417,0.5063691492949068,0.4995556998477365,0.5046288244114089,0.5046007885514863,0.4988548109414292,0.5023022736332989,0.496225403842368,0.5019199547656303,0.4979035640545585,0.5037719162214785,0.4988999129438978
0.376067736662814,0.9266745547418966,0.7545717118059067,0.4962565675802168,0.4995556998477365,0.49679867298155206,0.5045856121373662,0.4988264174295902,0.4984527262018445,0.496225403842368,0.5018929126043492,0.49766086135938364,0.49839942410086135,0.49889950583871584
0.3666917254506186,0.9304123721783238,0.7609970695996959,0.5023654690563888,0.498815280467009,0.5002811796692375,0.5020573187243598,0.4988606211575564,0.49845348679906093,0.5014173434973627,0.5020151484958185,0.5063040140189233,0.49827398632779335,0.49890005457220715
0.3508769200743515,0.9364909989485296,0.7717826058789199,0.5023654690563888,0.498815280467009,0.5002811796692375,0.5020573187243598,0.49886060578249897,0.49845348679906093,0.5014173434973627,0.5020151484958185,0.5063040140189233,0.49827398632779335,0.49889999413097685
0.3349872518211663,0.9422918713036178,0.7825507285906895,0.5023654690563888,0.49881560186648505,0.5002811796692375,0.5021086115847256,0.4988606211575564,0.49845348679906093,0.5014173434973627,0.5020151484958185,0.5063040140189233,0.49827398632779335,0.49890007245804313
0.30774291862226383,0.9515338566969734,0.8008652564129902,0.5023654690563888,0.49881891579680754,0.5002811796692375,0.5021086115847256,0.49950445475492805,0.49845348679906093,0.5014173434973627,0.5020175879959635,0.5063040140189233,0.5000859956471959,0.49890007245804313
0.29408639423286126,0.9558309801411493,0.8099790759319206,0.5021610094195738,0.498817548729302,0.4974739929945709,0.5021094648149875,0.4995464758272586,0.49845771355506224,0.5044701050924361,0.5020182897477751,0.49776059995665467,0.5002639253132428,0.4988996574164431
0.2893394958952271,0.9573332665789815,0.8131483591079196,0.5023659019533443,0.49881891599078687,0.5037669751696396,0.502109110377122,0.4995480247180446,0.4984667151964172,0.504469079594993,0.5020175879959635,0.5069308459790337,0.5008260928524829,0.49890007245804313
0.27437202890056284,0.9619138046991236,0.8231107313183434,0.5021610094195738,0.49881737749996097,0.5035444161321587,0.5024451007327635,0.4995464758427303,0.49845756864005225,0.5045162120978718,0.5151713221918144,0.5001079698258847,0.5002600982111893,0.49889964304223144
0.259318692836749,0.965897688798553,0.8330214818935194,0.5021610094195738,0.49881737613444094,0.5035420396276152,0.5024451007327635,0.49954647694760035,0.49845756816543335,0.5045162120978718,0.49269644692884557,0.5002112412991391,0.500297054876774,0.49889964281371935
0.24467954110005632,0.9697085649865914,0.8426507702131845,0.5021610094195738,0.49881737613444094,0.5035420396276152,0.5024451007327635,0.4995466354118214,0.49845756816543335,0.5045162120978718,0.49274022223542424,0.5002112412991391,0.5002970493265672,0.49901353331766174
0.23108292839287123,0.9730366250477781,0.8515613469199007,0.5018862337859424,0.49594688792623054,0.4960742286510039,0.5031429548415285,0.5002356129661584,0.4989256275686929,0.5012581468814798,0.49687270640273873,0.5057465201607335,0.5002392612991435,0.4970227712945291
0.2126982408119679,0.977163942381269,0.8635559729610239,0.5022324643689757,0.5026849291831134,0.5017522834722803,0.49995321099381407,0.5002528870064745,0.5008452106731154,0.5017927617311001,0.5017030851841915,0.5034148502648061,0.503300132289286,0.4995054029635843
0.19990900881399234,0.9798774685895872,0.871878704589953,0.5034741163888851,0.4988496218612844,0.4965080064964303,0.4996211012164396,0.5002528859658742,0.5008544787307962,0.5016299286030587,0.4986659510799071,0.5055237887157099,0.500226087523239,0.49954559034776613
0.17744073647569197,0.9841867376926535,0.8864426264712321,0.5022427718712635,0.49882122738046264,0.4963007475223599,0.4999520294033834,0.5002528867398046,0.500835112410444,0.5017891301743248,0.49867805686181604,0.5053197341698005,0.5002259329971557,0.49954555035813186
0.17498395205645376,0.9855273438590515,0.8881316895098877,0.5034741163888851,0.49607186899884026,0.4961339918780161,0.5031330727982548,0.5002527955636518,0.4989556499660468,0.4998280029343234,0.4980521014855503,0.49455703898024644,0.5268651473547687,0.5115203797460576
0.16239347042714197,0.9868025511436445,0.8961651361475044,0.500382475764619,0.49633811056657173,0.49644285289302537,0.5021163791062287,0.5002558606751768,0.5009221702842368,0.49973388383063616,0.4987170939992694,0.5056162271703636,0.5002279454286473,0.496753514094686
0.14063721845232036,0.9901466382668713,0.9101774158314668,0.5003833969826351,0.49633813040715374,0.49644285289302537,0.5021484115579322,0.5002560480898853,0.5009224823193257,0.49974230357475846,0.49874302878684545,0.49369813994335005,0.5006689134339468,0.4966768071039042
0.1351319434279434,0.9909055869109703,0.9137150451617775,0.5003833969826351,0.4963381098709632,0.49644285289302537,0.5025066323324904,0.500255859055333,0.5009221702842368,0.49973388383063616,0.4987170939992694,0.5056162271703636,0.5002280983903122,0.496753514094686
0.12019263068918057,0.9928310469024246,0.923303711813699,0.5003997070723892,0.49633813031500773,0.49597251582594903,0.5022515695893183,0.5002558383316139,0.5021896854821883,0.49967831248294664,0.4987172162371869,0.4938250306769558,0.5002261341172108,0.4995255873406773
0.10969296097246725,0.9940421869770895,0.9300318376587726,0.5006833362627188,0.4965341068522752,0.4960042080655438,0.5021478313209752,0.4992488401003452,0.4996443834603643,0.4975779832297938,0.4999164284163792,0.49488905244365206,0.4990509187898191,0.49690817289978195
0.09902357539100251,0.9951388634737051,0.9368595410815936,0.5008447894785442,0.503332866244179,0.4958805609240299,0.5022298513544683,0.5002422824432802,0.49969040643015866,0.497605865102876,0.49873724043375894,0.4992646836380353,0.49894076708280016,0.4967435804033568
0.08301366128595256,0.9966563826939547,0.94709667997589,0.5009063034532844,0.503332866244179,0.5086998767436308,0.5022298513544683,0.5002422824432802,0.5009233615235559,0.500557147587299,0.498758255117414,0.4992527856818648,0.4989378697952473,0.4967501989699191
0.07248260949102928,0.9974214530571399,0.9538180263197997,0.5008287839365073,0.49776511508791094,0.49611442921677074,0.4973937993079206,0.5016223542682077,0.5003114268686638,0.4998294329026641,0.49991594427574393,0.5016696850474036,0.49879287587197874,0.5041302305171976
0.0546489536635659,0.9985399823993844,0.965193250295683,0.5013861698256148,0.49761763039937673,0.4981887248074517,0.4973351413306188,0.5016280865047825,0.4996486685786868,0.4969727285000037,0.4999252393042215,0.501669081079657,0.4987920053149076,0.5003649926687436
0.04755360683325644,0.9989191155430602,0.9697165387496394,0.5028117433605976,0.4976272485629448,0.4963715068587508,0.4974185421049313,0.5017694544446554,0.4996855929526112,0.4969879831028882,0.49989989036758425,0.5017601586776177,0.4987919230702965,0.5003684522028286
0.0410821425348451,0.9992746631016829,0.9738420424543736,0.5073507560299811,0.4977670882301746,0.4981887248074517,0.49826579018942035,0.5016280865047825,0.5002796143805999,0.4997970698745558,0.49988309255630964,0.5054770519151132,0.4987838636541752,0.5043842703755075
0.013935452056204242,1.0000093679600943,0.9911290729868014,0.5028117433605976,0.49761936752923286,0.4963715068587508,0.4974185421049313,0.5076935889548299,0.49966627510894546,0.4969879831028882,0.49989989036758425,0.5017501194492984,0.49878594734122855,0.5003684522028286
0.004187187686616004,1.0001263524278787,0.9973347058688893,0.5028117433605976,0.49761936752923286,0.4963715068587508,0.4974185421049313,0.5076935889548299,0.49966627510894546,0.49698798312026504,0.49989989036758425,0.5056632242528066,0.498940995637555,0.5003685148523134
