0.09047017386888757,0.9964172085192156,0.942355861168129,0.4832420669826941,0.49628672704104126,0.5000931019800676,0.4965933346317054,0.4960829025865973,0.4924115709937366,0.4895612138686435,0.4970775963272921,0.4970459387865553,0.502622478985828,0.4980898748221434
1.0001769491246397,1.402928927751183E-6,8.929742836144561E-7,0.49596222303403165,0.5003597674785936,0.502062593113446,0.49761859187281804,0.4978645307322643,0.4928270597941667,0.5027110409775444,0.5066376782991706,0.49810524765178016,0.5062616444203663,0.4993896220393918
0.9813914680044465,0.19549413127914392,0.12517672687436804,0.5001802937490594,0.5091607112094398,0.5102837825940532,0.4988565484718846,0.5058453667333521,0.5103293930248455,0.5003528467707837,0.4971921489082922,0.5180256683545188,0.500790666333184,0.49718577942782166
4.178366721204055E-8,1.00156776198199,0.999999973441329,0.49061038240865434,0.49661752486122207,0.5084808642807203,0.49587791416106425,0.4963500851446227,0.5081485263134332,0.5024097957161116,0.48778357163504343,0.4923729819267976,0.486604846081222,0.5301142677926068
0.8142753257816009,0.5819280062985591,0.39501980311556234,0.48297019587416273,0.5043092879548193,0.5029365601672297,0.495944333400421,0.497157895042362,0.48750005291442833,0.49288439312525556,0.5057543062342967,0.499640335188268,0.4841143277850423,0.49722676020097145
0.9490956134688089,0.31589556382288214,0.20454920610873667,0.49569254623170655,0.49941976851653097,0.5092022816437464,0.4977293286701911,0.4975797722916789,0.5080161489761671,0.491788839011319,0.497217580928539,0.5037075657003772,0.5035757518125086,0.5023795890202728
0.9960336375529907,0.09152356594201476,0.058333923901195794,0.5056799291111896,0.49669063446035694,0.5029546269843983,0.4959881696899003,0.49740617824698735,0.5052077427904105,0.500322412567249,0.50571743423441,0.4986363980095244,0.5094981173771955,0.5017336357379573
0.5815598562181706,0.8148743525605174,0.6053921528042502,0.49499688478490017,0.496815382323821,0.5058980470404012,0.4976635765557288,0.4976776260820415,0.5166955554489833,0.502648046606876,0.4868376805540694,0.4975063332478754,0.49743074798454295,0.523723075785524
0.7078694403576246,0.7078056969510916,0.49997133501051194,0.4862034006137231,0.5054527233873932,0.5143961999713337,0.5064048667231956,0.49747651071164845,0.5112654184129618,0.49975043868823654,0.48515507858615037,0.5025702261659155,0.4863453354106965,0.5042862307679066
0.3160222966619839,0.9490577301025711,0.7953666502252563,0.4900942938265411,0.5004169612639402,0.5001259459372245,0.4975756194905187,0.49730298722772986,0.5109595657427246,0.503450334284467,0.5061551163931672,0.4995182708264627,0.49866296346839734,0.4973722471815791
0.44716163232761047,0.8948904747875713,0.7049941891275134,0.49616124941369716,0.5001365636417512,0.5088888420962734,0.4964132766745478,0.4984155792094277,0.5084929657152832,0.5011997785888844,0.5131495749843504,0.49662226845356133,0.5042660257921608,0.4975634670426634
0.1947013457481938,0.9811455869200949,0.87528754150795,0.49589935540501784,0.49709960556971267,0.4954089618624715,0.49907585742541627,0.49807171261657796,0.511211487500442,0.5026318200309557,0.5067701690438625,0.4995938069051271,0.5065295150525146,0.4976625570403759
0.8947312376287059,0.4477307919191673,0.2953750639350877,0.495902012659094,0.49668078285251216,0.4880779086489617,0.5114523263984531,0.49755027418207765,0.5068306935207229,0.5005391371327087,0.48799845485423204,0.49958394363383674,0.5012136091645494,0.49811262726767047
0.4734156585941519,0.8810777150081931,0.6861136200465037,0.49583608299148113,0.4975556763722043,0.49141377300957745,0.496145445941477,0.49707584834258395,0.4975483598300761,0.4921730957486083,0.49711299593948477,0.4970510575518056,0.49840476771118325,0.5016880483084983
0.09784757320429596,0.9953929198462852,0.937620398212328,0.4958433725946206,0.4973134654655948,0.5000139724671369,0.5004752091499034,0.4988649452301583,0.5082736624821252,0.5027835894059963,0.505303146929837,0.49652060022720407,0.5065077916957361,0.49759253703984746
0.999543539735502,0.03803969570883024,0.024216194902699495,0.4960635647626835,0.49865713202575657,0.4995224797940645,0.4964625700296138,0.49752761102187476,0.49294515799768873,0.5011997785888844,0.4880034260157734,0.4969558703613903,0.5040643640588375,0.496829720848971
0.82036793592376,0.5732560485034195,0.3882783235030927,0.48267032661533177,0.5091781722734177,0.5082177208967009,0.4959846894823124,0.4972876715953526,0.4873365998273227,0.5023180008262942,0.4888880902349932,0.49748969855383673,0.5060049741252531,0.4976428875961539
0.9885563033630144,0.1543367933490129,0.0985953277041634,0.4901877665196172,0.4970575303808731,0.5001259459372245,0.4975756194905187,0.49730298722772986,0.5109595657427246,0.4918247619292656,0.4852954289470836,0.49875347913738904,0.49866296346839734,0.49736444203616337
0.8745500723688467,0.48572930019737715,0.3227555867830395,0.498246259863256,0.49685981786633276,0.5015838345037773,0.49508971259175877,0.505264484354233,0.5043126293865648,0.4929714267224158,0.5134914605824918,0.5043382268218897,0.5064154300398152,0.4971628949559908
0.3191138244506729,0.9486307339328071,0.7934151328091888,0.48992490787721177,0.5049577769108176,0.5143659370182595,0.5063302072751563,0.5058004417374189,0.5137484715535593,0.5025083124229117,0.48478203951902293,0.5036666922405497,0.498688371565285,0.5042811716051443
0.5287282906910705,0.8501922732520223,0.6458091632034613,0.5059010790731789,0.49647106697819726,0.5093608441633701,0.4958784703195383,0.49806113679595976,0.4823809808124862,0.5003429289200276,0.48904451893427253,0.4774917424140097,0.5061133789994204,0.5077028020245128
0.9651022813751574,0.26722816125140336,0.1719659176030941,0.505082139486829,0.4944583364742177,0.4687199904599375,0.5089993769139596,0.4971616610242168,0.5120850945732677,0.500861150094981,0.5066647314807977,0.4970414843543411,0.5042617850634735,0.49142665062645796
0.1551760325716337,0.9881804011662755,0.9008400401697197,0.49561663113059806,0.5014260762098904,0.5080936893126613,0.5004959403511056,0.4967102337831608,0.5031259849561351,0.5025818401343349,0.5027890661728688,0.5034600761395462,0.5068231071669165,0.4895384664816982
0.001594500887702514,1.0002396238393572,0.9989851532491592,0.49583608299148113,0.4975556763722043,0.49141377300957745,0.4961961415558507,0.49706189057218203,0.4975483598300761,0.49220154005061023,0.49711299593948477,0.4970510575518056,0.505835206036558,0.5016880483084983
0.9982982117973184,0.07133051856180468,0.045410654149519905,0.48037517664327695,0.49671937499464275,0.4908675589795617,0.4964318258665279,0.49758758876844833,0.4929787792126925,0.49124430014941756,0.49610300016513825,0.496602184534913,0.48623164090741694,0.4982063662177858
0.7362390120988228,0.6774991000262938,0.4735640622141263,0.4868480003627779,0.5053380527396589,0.508344415717367,0.5059830993187991,0.4975894746334306,0.5113452945481425,0.49971905169080266,0.5059148922462375,0.5037303916945112,0.5042299835844324,0.504245205741683
0.838508219910722,0.5460989042737927,0.3675018514758477,0.48297019587416273,0.4972704026820237,0.5029365601672297,0.49628870559642063,0.49711051969224745,0.4873501195313617,0.502687611014993,0.505592025655903,0.4971185193282808,0.5063361761752468,0.5091995501930415
0.9999798446161313,0.023805613543507454,0.015152567699139197,0.4956131814804392,0.49646245946450795,0.4986575975611852,0.4964132766745478,0.49785904176814677,0.49273091603090113,0.5010032817374434,0.4889905097409336,0.49662108362681523,0.5042245919016874,0.497200745642155
0.6139768278142492,0.7911319024226325,0.5798432685709163,0.49499688478490017,0.496815382323821,0.5058980470404012,0.4976705873329659,0.497478380695319,0.5166955554489833,0.49997016921639814,0.5221733879266668,0.4975371900211806,0.49743074798454295,0.523723075785524
0.8845551219880676,0.4673765989563919,0.30945380395978084,0.498246259863256,0.5002496088213017,0.507833311845043,0.49508971259175877,0.5054298864740221,0.5043032668391536,0.4929714267224158,0.5134914605824918,0.5043382268218897,0.5068187739022589,0.5024249668122918
0.12543759242432473,0.9925880675648647,0.9199718702505121,0.4959001846082125,0.49662654301785863,0.5065740404343045,0.5105999659910686,0.4959133712495285,0.5079988305991495,0.502720296915911,0.5134180991702866,0.49637839947024265,0.49910628085937464,0.5041117260143287
0.20428207934553763,0.9797404560901816,0.8691356905548885,0.49637961248451895,0.48873869871804104,0.5001239437068837,0.49889993752119893,0.4980307971644559,0.4925717735912012,0.5020296740359831,0.5026597309717818,0.49634966342791953,0.5241155956745631,0.49784379134941587
0.3384931298557108,0.9418748176184947,0.7803606817541828,0.4867400100884249,0.5012219686953401,0.514258596780757,0.5142621016843006,0.497549946210192,0.5069970637410274,0.49565051702071405,0.5059032260216031,0.5038213667934682,0.48796495357549513,0.49944007381700833
0.9603618026545562,0.28128457070693125,0.18138901098338223,0.49589578584715255,0.4969469692133412,0.5093525925701983,0.4952531466664653,0.49706110241169454,0.49177777007433926,0.49025063518296913,0.5183571335732062,0.4933464626411092,0.503750368303368,0.4977932320111903
0.7532074071081108,0.6588244961581545,0.4575103215975253,0.48315450098013374,0.505372931207081,0.5105389385067659,0.49649442031457974,0.5054768403025485,0.4919740351484255,0.492240884480532,0.5059916415616449,0.5046121296924042,0.5061131727756323,0.5004085346486803
0.4560902688615039,0.891276286337972,0.698888237628688,0.4990262042754737,0.5003563209823967,0.510427657191786,0.497842676289144,0.4984200373278204,0.5078550703061331,0.502912457389838,0.5137050653759165,0.5278232079639877,0.5025018781253762,0.5063084473903408
0.042042820303817785,0.9997941506847631,0.9732449616769454,0.4900942938265411,0.4968183690798045,0.5001259459372245,0.4975756194905187,0.5053806382394683,0.5109595657427246,0.49307664508568033,0.5145989374371405,0.4995182708264627,0.48790228782183187,0.4973750368607902
0.9860347288280636,0.18004596333820544,0.1149775360019557,0.49810658099425925,0.501501728125134,0.4641202649210684,0.5004696321570644,0.4978981238620377,0.46934799242410646,0.5028861624516883,0.5057281457342889,0.49886849438429093,0.5035657117280354,0.5067282430502501
0.9982140757588979,0.07264294616179305,0.0462471502842835,0.47994664521618974,0.49672005691925414,0.49138742598570306,0.4964318258665279,0.4970802280631623,0.4929787792126925,0.49124430014941756,0.49610300016513825,0.496602184534913,0.48623164090741694,0.4982063662177858
0.4480536804175983,0.8942561143786665,0.7043058230052751,0.4962174918661855,0.49731200187265184,0.5000139724671369,0.5005125888247123,0.49704260754873225,0.5084026711316222,0.49186493936330106,0.5056189452330162,0.49652060022720407,0.4975076805042332,0.4975899964952409
0.3529385463586453,0.9360450283930651,0.7704544495073794,0.495946608618509,0.49657810034738425,0.5065740404343045,0.49770257932296375,0.4959133712495285,0.5079988305991495,0.50272001847707,0.5134180991702866,0.4963217433473548,0.4991291448095328,0.5037198951366174
0.7581886487797426,0.6531378361252587,0.4527010056771885,0.4826810648520291,0.4964779884769831,0.5000181248265201,0.49649442031457974,0.5054768403025485,0.49158962381345284,0.4895398695809401,0.5033544077486388,0.4881699556526117,0.5057693148865247,0.49998116010564014
0.5451267306321781,0.8387447278191398,0.6330987359038331,0.5013742212292835,0.49650747737094986,0.5000025399929778,0.4960900354806104,0.5018944406426173,0.4917150930665647,0.4923880623589055,0.504917826275223,0.488019723989862,0.49953241665726966,0.4993621748390765
0.99566868077813,0.10477150810569764,0.06674414316881433,0.4950420882996515,0.4963930661246334,0.5058980470404012,0.4976635765557288,0.4972826146296756,0.5079849433632052,0.5026155836130399,0.46894213978315163,0.49748540734637986,0.5060196877974777,0.5017157339589657
0.7924117918511451,0.6109099006612075,0.4181158645503308,0.49637961248451895,0.48840391964232727,0.48469075036886233,0.4975116457694339,0.4980307971644559,0.5084026711316222,0.5020296740359831,0.5026597309717818,0.49652060022720407,0.5023066148287226,0.491498581291952
0.9896567290199246,0.15265356496970633,0.0974300982582178,0.5012384878080138,0.49659370988658263,0.4997601571043109,0.4973184463902593,0.5052657424988852,0.5194679466054012,0.500282676321462,0.4884890885008498,0.5280928790046944,0.5030215676039159,0.5016779513629956
0.1179838857386437,0.9947923328529705,0.9248469887796795,0.5048248811275668,0.497555049035012,0.5044261356151708,0.5001325219080553,0.5018621205114988,0.5044642756029821,0.4939807577789695,0.5174387080682092,0.5295537073700879,0.49963993862349687,0.4781303645929014
0.2221474380083419,0.9758165568379624,0.8575002770386012,0.505082139486829,0.49469796639313307,0.5086212734015941,0.4988917055985676,0.49851032992534594,0.4987058029093371,0.5024091029095807,0.5068407377549743,0.4997274413624647,0.5243449246711159,0.49783805931382574
1.0000266721422975,0.020658668733926876,0.013149495874422143,0.49562620200599855,0.4964070513289497,0.5085426619378219,0.49594044695846734,0.497370479060399,0.5079578676984761,0.49490732988711056,0.49754364751800184,0.4969824855580084,0.5025882176118983,0.4992773002299547
0.019885638257216325,1.0001101145703026,0.9873434711014311,0.5012384878080138,0.49659370988658263,0.5093312446543781,0.4973184463902593,0.5052657424988852,0.5043989172417331,0.5002924586068763,0.4884890885008498,0.4970396527697547,0.5030246882874316,0.5016779513629956
0.03836379902511818,0.9998528652808875,0.975585229532646,0.506118559379071,0.5083554754097992,0.5093965490328216,0.49660669378234107,0.505382236402185,0.49152168222864095,0.4930378012975823,0.5135412688625256,0.505245655920796,0.5036759322525572,0.4972044455228476
0.5825521035708673,0.8143651063074062,0.6046905499989187,0.48650762261458047,0.49717032972971476,0.5092509125191321,0.49897228866397747,0.497675756098371,0.5112654184129618,0.5025704824312452,0.48687740783485484,0.5025393693926102,0.4863453354106965,0.4777016447734266
1.0000075891784341,0.021294826683490545,0.013554556251218056,0.4955280699642377,0.49660731540458347,0.5085426619378219,0.4958714778063744,0.49737716538061705,0.5043758561174542,0.5028006284934801,0.5078078542408199,0.5038531916427225,0.49827843774849845,0.4996507184447093
0.7065368028555028,0.7095411912607686,0.5013506672660768,0.48650762261458047,0.49717032972971476,0.5092509125191321,0.49897929944121455,0.49747651071164845,0.5112654184129618,0.4998926050407673,0.48515507858615037,0.5025702261659155,0.4863453354106965,0.4777016447734266
0.8783519056422411,0.47942974941268107,0.31807758325298763,0.49648762205703256,0.496643291619637,0.5021138716680934,0.5117923672691818,0.49757014572104535,0.5044400556333107,0.4887409786840869,0.4874150116924164,0.4860323235635157,0.5008366194642905,0.49811487738755383
0.12247001716503403,0.9932142884674389,0.9218947499712002,0.5048248811275668,0.497555049035012,0.501882341513292,0.5001325219080553,0.5018621205114988,0.5044646676344088,0.4930472339764764,0.517444477105902,0.5179879991882897,0.49963993862349687,0.4980187203987781
0.924375371733725,0.3829514957993389,0.25003684526989467,0.5083045721214301,0.5007252034327712,0.5020761261174413,0.49748112176219844,0.49390605463458,0.5081885050060174,0.4924601140627381,0.4967237617487186,0.49879683611235986,0.4866491165358423,0.48863915317619183
0.4699051582175253,0.8831127766477324,0.6886946012517684,0.5011901369717856,0.4966069629928938,0.5043174120047524,0.4975847264161147,0.4976567779075631,0.5044191598357679,0.49398206279842893,0.5132675452100055,0.5081261693333441,0.498398675287985,0.4975117548711544
0.9734838035553247,0.23207485670762273,0.14898684834780113,0.49649185275996993,0.496189269297917,0.5018540633546459,0.5117923672691818,0.49647702982807557,0.5036014925022635,0.48707415478226523,0.48783952058132846,0.49702914296957673,0.5008366194642905,0.4843396582954817
0.30235689022653084,0.9542031198545382,0.8046470303110002,0.4955131096364042,0.5000926370460705,0.5081477685459653,0.5006568371063314,0.48219027491397726,0.5138222417969245,0.49342304318477936,0.48478203951902293,0.4994932353830967,0.5025364243465033,0.49081046139525814
0.1781218342602518,0.9845790170947507,0.8860604309225729,0.4963243172742398,0.4970321971131707,0.5088327255640569,0.496443677247494,0.49756846311698055,0.49177777007433926,0.5026355093590846,0.5183571335732062,0.496522788691472,0.503750368303368,0.4977932320111903
0.9966324984461411,0.0862790116790637,0.05497545258357617,0.49606584334622916,0.49669063446035694,0.5086667726551684,0.497620076548982,0.49740617824698735,0.5052077427904105,0.5013023413670618,0.513354872177007,0.4986363980095244,0.5058429266947524,0.5017420340063171
0.8187234192428811,0.5755176463523206,0.3900568281831779,0.48290500066793424,0.4964723347976059,0.49998101586496857,0.4962840448469311,0.49669659980844005,0.4873501195313617,0.5003340251668609,0.4962965560060562,0.4971185193282808,0.4841356930127527,0.4991184597689614
0.8939319124675642,0.4494444424313481,0.29657772554050715,0.4962196807884464,0.48846042384263,0.49279937278621466,0.5114987324707585,0.49791307721830846,0.5068515034514189,0.5006809567825692,0.48800516120751175,0.5048901222882914,0.5015788856636169,0.4981123058553837
0.7131797823935467,0.702777098257325,0.49532299651854295,0.48650762261458047,0.4977943735367284,0.5086581220458573,0.49194787907919185,0.49747651071164845,0.5045177598074806,0.49975683196152987,0.4853169806533358,0.5025702261659155,0.48633352094840626,0.4777016447734266
0.09424258961322071,0.9962879521855303,0.9399584218056035,0.47818299483949106,0.4964713139904435,0.49959141346604874,0.49659297907969974,0.4960829025865973,0.49190696641446885,0.4895612138686435,0.5057008053194176,0.49954985550726094,0.5025205289208776,0.4974836093089461
0.9882590293626368,0.15651641488975884,0.09999469716149706,0.49559652198105264,0.49660852092838065,0.5080303745944759,0.49758469411918954,0.4848214528537379,0.5031656907585277,0.5025818401343349,0.5028044051347774,0.498799730114214,0.4981450627437388,0.4853218811949318
0.5634477755400811,0.8265753773609893,0.6191011337444006,0.514437664613856,0.4975588464168827,0.4998266041328752,0.4970156857087974,0.5054563540398004,0.5089178602051333,0.5010037678451945,0.4991875609891137,0.4971299697698342,0.4983790952441823,0.4977886187901191
0.8002934560203834,0.6033784903169165,0.4112704549215485,0.5418922922974941,0.49729697477463514,0.5096039273913678,0.4962901199944376,0.4985205386369739,0.5080007917553887,0.48275778542432646,0.49661576420320896,0.49973506353838354,0.5040178895656172,0.5023691143500295
0.17768938745058663,0.9846729127690868,0.8863418166160022,0.49589578584715255,0.49703287903778204,0.5093525925701983,0.496443677247494,0.49706110241169454,0.49177777007433926,0.5026355093590846,0.5183571335732062,0.496522788691472,0.503750368303368,0.4977932320111903
3.0760602993314224E-7,1.000763762888022,0.9999998043213714,0.4957510342602933,0.5091781722734177,0.5082177208967009,0.4959862506470234,0.4972876715953526,0.5109598059618176,0.5023180008262942,0.48900246060111485,0.5168070062951468,0.5060049741252531,0.4976545866631544
0.4076839825844833,0.9133728624877047,0.7327378231160315,0.5004880046638822,0.49731200187265184,0.5000139724671369,0.5004748153174297,0.49704260754873225,0.5084026711316222,0.5002240358553389,0.5063574643603231,0.49652060022720407,0.4978019176021846,0.5091452866600205
0.9272379323087397,0.3755099442935982,0.24496456079395584,0.498070550579712,0.5002309164849291,0.507833311845043,0.49508971259175877,0.5054298864740221,0.5039483731945,0.5010340792888227,0.5134914605824918,0.5043690952485645,0.5068187739022589,0.5024249668122918
0.3169461185759181,0.9489857441941932,0.7947944650651522,0.49022912987806916,0.49670947964549006,0.5092206495660578,0.4964955189033841,0.4974864847926119,0.49316342971949845,0.5026504787754426,0.4847923579416464,0.5036666922405497,0.498688371565285,0.5020352123360657
0.9999057810609243,0.027612761389611933,0.017576019320620695,0.49557489328998655,0.5053643236933919,0.5087816858152986,0.4964132766745478,0.5052747452747355,0.4924382300154259,0.5011997785888844,0.5057245730872599,0.4966244569178292,0.5042245919016874,0.5004260433340043
0.9906445032202581,0.14011778020963708,0.08945080186621007,0.49561663113059806,0.5003183516612417,0.5080303745944759,0.497635805795537,0.4848214528537379,0.5031656907585277,0.5025818401343349,0.5027720473658283,0.498799730114214,0.5068231071669165,0.48939398090384406
0.9563506136540616,0.2939269581228162,0.1898267273447538,0.4956094778512172,0.49617735391459633,0.49452951481335183,0.49628516467086436,0.493902546070145,0.5064214014871795,0.4827967512892556,0.4967237617487186,0.4959539780204417,0.5040106725641251,0.49788304524058563
0.7441133736148674,0.6691016874804773,0.4662406996911027,0.4829049068251755,0.4964779884769831,0.49998037905793086,0.49649442031457974,0.5054768403025485,0.49225929734828444,0.4895398695809401,0.4970705241639455,0.48806885098633723,0.5057693148865247,0.49959867214999537
0.9871220097625142,0.1636938827617388,0.1046182487421926,0.4799486234915913,0.4987256692993399,0.49998819325267285,0.49756232881916485,0.4974058114688371,0.510850276596012,0.5013919853839438,0.49675680159036345,0.49586499370833415,0.5057825308117679,0.49765075919752383
0.09020222146118963,0.9965542481484596,0.9425335232906764,0.48503330501534436,0.49709960556971267,0.5098861824163553,0.5005998362589243,0.5052137162648037,0.5105652575256466,0.5026318200309557,0.5066696577073541,0.5045452769199541,0.5068131818768603,0.5063560876443928
0.3353959914149639,0.9433398187420134,0.782529045178222,0.49889523604982955,0.5001171596813281,0.5092772056355066,0.4977572830614211,0.5280512750054194,0.516709114036091,0.4997312243625625,0.4973138199284574,0.49956881647008206,0.5025018781253762,0.5041716486297313
0.5843112471581354,0.813724994268375,0.6035446521531418,0.499147094586095,0.49702353072216576,0.5059205593942703,0.49760703584691934,0.49728183321552416,0.5079849433632052,0.5026155836130399,0.49397938106198885,0.49518485944819446,0.539359959464832,0.5067391723689476
0.7698468579662707,0.6389118535052638,0.44099981391322296,0.49870871688916835,0.5003596863477219,0.5020761261174413,0.49748112176219844,0.49390605463458,0.5081885050060174,0.49973993533331856,0.4967237617487186,0.49880853366125516,0.4866491165358423,0.48863915317619183
0.8657562058281361,0.5055242794522911,0.3364567922155806,0.49649185275996993,0.49619337654110607,0.5018570429698029,0.5117923672691818,0.4965062669755681,0.5036014925022635,0.48707415478226523,0.48783362718893547,0.4549621818573241,0.5008366194642905,0.49845469586752567
0.9958613970110287,0.09224525688656472,0.05880141442151704,0.4991721173429041,0.49638056670256214,0.4999627996306901,0.497620076548982,0.49711680379050094,0.4971780677464236,0.5003259486785668,0.5069884620743327,0.49844984840069595,0.505871126058611,0.5017325752336614
0.19192466948906498,0.9819880943526006,0.8771247784938611,0.47958967550571463,0.4965793448769938,0.49500507362718726,0.49905784380943025,0.49798210189391817,0.5068961639850953,0.5026370364206834,0.5026603979398979,0.499638637427912,0.5065255652311161,0.49772106567031765
0.45556215484055784,0.89331232312331,0.6997755481031562,0.5011361305665856,0.44852029436384055,0.5043972170985671,0.5004482047558573,0.49789041787325233,0.5044433471890382,0.5026522478695353,0.49726025644431465,0.497027639306497,0.5025825296876175,0.5065448254744349
0.7604224098269693,0.6520696188513103,0.4512601129607978,0.49585253750949265,0.4972535420944577,0.5000139724671369,0.4974253288785768,0.46255135952114074,0.5082615051108438,0.5027520399520179,0.5056189452330162,0.49652984474409984,0.5065077916957361,0.48897846920267585
0.8748932416894077,0.4851861933811331,0.32234742187043175,0.49649337768575447,0.49619337123518487,0.5016968884604979,0.5117923672691818,0.4965067192416612,0.5044400556333107,0.4929456182732534,0.4874150116924164,0.49703670103828246,0.5008366194642905,0.4981148622357469
0.5545212589372308,0.8332742977941875,0.6261924514521452,0.4829049068251755,0.505372931207081,0.5094177555436672,0.49649442031457974,0.5054768403025485,0.4820693541956611,0.4923243816965214,0.5057785822805989,0.504009133525711,0.5061133789994204,0.5004085346486803
0.944058252179769,0.33205438463627224,0.21531494266367074,0.4962197256619207,0.48862938621755375,0.5000007181205405,0.4988799196169184,0.49647702982807557,0.5032536913313345,0.4870440446014288,0.48712815467381654,0.49702914296957673,0.5008366194642905,0.48444799820433954
0.0512974110368267,0.9993154427514862,0.9673493413725426,0.4900942938265411,0.49681884061254916,0.5003199915167298,0.4975756194905187,0.5054737824664279,0.5109595657427246,0.5005862030419426,0.5145989374371405,0.4995814439763941,0.48790228782183187,0.4973750368607902
0.3276961516647819,0.9460415416590103,0.7877177545131877,0.4868448635023093,0.5014501392169722,0.500723517540685,0.4975297550300184,0.49704497400965125,0.48935017539236414,0.4918247619292656,0.4852954289470836,0.5037358643258832,0.4758786986675636,0.4975127304895553
0.43635138373908217,0.9007399148535117,0.7128083744990206,0.4962175246328752,0.4890876970032495,0.49341786044164976,0.5196919169787912,0.49703827459408534,0.5068391669929464,0.49198409093292167,0.4881510454329488,0.49654635620417187,0.4975076805042332,0.4950738714637496
0.16344888900673957,0.986844049099333,0.8955066328019414,0.49812006028841843,0.5014640455310453,0.5098903150389287,0.5004696321570644,0.49789041787325233,0.5079587961479205,0.502912457389838,0.5068918982095704,0.5034252958735977,0.5025018781253762,0.5065448254744349
0.9849651312227146,0.18008582621475097,0.11512462279837826,0.49810658099425925,0.501501728125134,0.5091337503114234,0.5004696321570644,0.4978981238620377,0.46934799242410646,0.5028861624516883,0.5129591706138962,0.49886857123989214,0.5057689429417993,0.5069635580433095
0.9931063314481167,0.13080367477010846,0.08337034984446257,0.4868448635023093,0.4944948585540228,0.500723517540685,0.4975297550300184,0.4970826752104097,0.48956103803577883,0.491785277600164,0.4854830282285517,0.5037324660080226,0.4755718520131195,0.4783871784792228
0.8048718822782689,0.5938170876399781,0.4046567198595231,0.505082139486829,0.49435680595385056,0.49999775246608713,0.4975034138468025,0.49851032992534594,0.49874235410608836,0.4918816445874518,0.5025707184049851,0.4997274413624647,0.5025359438252754,0.4915154726790024
0.9899633480642661,0.14995383173901844,0.09570389184007361,0.4821602761512131,0.5079846880359835,0.4932161566637616,0.5132342520823224,0.4934318586930967,0.5104683906377355,0.4906728338473205,0.48590896140218015,0.4926009461119195,0.498648993735508,0.4874312663308521
0.5034134908394157,0.8656224375281047,0.6646591747575388,0.4967615878330962,0.49985255342393015,0.5091886940503756,0.5125653502052641,0.49756257684599253,0.49967462776771515,0.4860432723051547,0.4829332125505637,0.5185216076984067,0.5054372307613003,0.515658544952592
0.787245785099964,0.6183519898028551,0.42387003799480066,0.5081529029623779,0.5204427352577814,0.5058718390751777,0.49606322108210715,0.4974696422255519,0.4985761605541428,0.49272221138739863,0.4811897450236728,0.5060054674924904,0.5084397699741822,0.4996438462471361
0.8565820188444392,0.5171475563505957,0.3457866839524181,0.5059600210094438,0.5037980814832933,0.49542762675959984,0.4960639620364346,0.49763142558060736,0.5081966449062874,0.5029540069887405,0.5194047039638796,0.5058762364726701,0.5016863072348066,0.49771551773435174
0.6083961620671583,0.7949682147896046,0.5841428030676644,0.5218860681131058,0.496574598644976,0.5099494257494571,0.4973131031055359,0.4933292023687234,0.5004672166572809,0.4918128112504891,0.48564605486292267,0.48838337337222304,0.4982430828653462,0.4973818641336682
0.25322658914308277,0.9683302550196157,0.8371650649437664,0.5004628725989082,0.5043293981071607,0.49955888014460803,0.497620076548982,0.49741292086191324,0.4990971225925491,0.49179550000069405,0.5135300108799857,0.5226518404871251,0.5058294437314098,0.5079628628691075
0.2865910015859544,0.9583904935876268,0.8150173967998184,0.4929096402737075,0.5039963703637009,0.5032845439270657,0.4966381936707244,0.49670290428288993,0.5045861382899827,0.5002557020020667,0.5126947494210398,0.5059847160027985,0.4992273616892382,0.49766666910675383
0.6959479457789397,0.7188363227586565,0.5102983349747294,0.5095728270372131,0.5056730386520308,0.4956525297586068,0.49629549421925934,0.5022530732785266,0.5095870365212277,0.49343083735810633,0.5135056321579156,0.4959292700473466,0.5031792366529342,0.4946343674340974
0.9799948248096115,0.20053218395182695,0.12849496674092575,0.4957546035390385,0.496574598644976,0.5092762799046767,0.49732616361141,0.49332681878445506,0.5043463879022196,0.4912264404342961,0.5008404276037113,0.49613254012933233,0.5044269352970621,0.5016872014779326
0.6288731331283799,0.7784912232142629,0.5674263279284454,0.5090545900637012,0.5084256566126091,0.5055802877237202,0.4984636374080733,0.4966374757669101,0.5138189875458511,0.5027756972307784,0.5186008980239984,0.5038431042990607,0.5016911420207417,0.5021524624006696
0.4799785351948982,0.8781476427761205,0.6815537352668939,0.48235523002482206,0.507921422697989,0.5029853275781979,0.5007756244146881,0.4977553473306642,0.5100013131422282,0.4918179577392945,0.48714561713209575,0.49650069022585996,0.49823027874339354,0.4950174928963863
0.6630177410436823,0.7496597765508178,0.5389961808775648,0.49923726683541536,0.5083399101087556,0.5144927805838677,0.49167785736898345,0.5115333356696022,0.5064271042855143,0.502373636882286,0.4916708789887784,0.511081272011724,0.506824953159282,0.5047641315970317
0.9695451059837684,0.24787278516626574,0.15934434114326557,0.5106374786189076,0.49679333103768303,0.509040006330164,0.49904246173065203,0.4966699576604437,0.5101342438057164,0.48375106611736574,0.5075357312574373,0.4959800591370515,0.5040680407827665,0.5074602946440712
0.5292915890019276,0.8494351501264321,0.6452505683199604,0.48235523002482206,0.49409678256208656,0.5027439681585211,0.5007756244146881,0.49775292429948237,0.510016815509872,0.49175803644874516,0.48714561713209575,0.48888026670003454,0.49823027874339354,0.4950174928963863
0.7278900445241796,0.686219000167655,0.4812454803115839,0.5058463875398078,0.5039425311624239,0.4882402742199979,0.4960639620364346,0.49735375400711446,0.5081966449062874,0.5029540069887405,0.5056980797514534,0.5058588998524269,0.501310310156421,0.49771551773435174
0.6461817168337198,0.7647358247290901,0.5533674081653913,0.49923726683541536,0.5081357813488696,0.5144927805838677,0.4964642253588488,0.5115333356696022,0.5074250195920439,0.502373636882286,0.5062058454320643,0.5237023396679762,0.506824953159282,0.5074264873185195
0.5894119407732081,0.8081746970576151,0.5988473303871445,0.49569254623170655,0.5001322490501403,0.5085371626197568,0.49768069341939897,0.49833980834351127,0.5080091840379902,0.5012662702996901,0.5052407145098531,0.5037075657003772,0.5042268962495797,0.507206371786045
0.5751434816531665,0.8186385591933314,0.6101068970947623,0.4961672678708555,0.500244430448998,0.5088529198892991,0.5007756244146881,0.49839710220473127,0.5083812137192326,0.5015982404822257,0.5023015420235725,0.4966383439843801,0.5013425928623861,0.482913500502793
0.6544851293718388,0.7564573875025576,0.5459302060992733,0.49619904572108076,0.49636021364415883,0.5001261363983636,0.4963242979960826,0.49705760129073673,0.5084016880329398,0.5001131715430166,0.48801210737205364,0.49705297245320507,0.5032490732069763,0.4975899964952409
0.39431902889047427,0.9198340299113228,0.7421768161163295,0.49569254623170655,0.500143407693537,0.5146092895935367,0.4963948235732112,0.5018246899305835,0.5079965842524236,0.49121296443126844,0.4881274019080134,0.5121868767115337,0.4982073725949929,0.5104199156883648
0.8688640504704757,0.49638849125288415,0.33044054261856304,0.4799468070355138,0.4971807182563794,0.5093962812521425,0.4958492104500079,0.4965205008631551,0.49663142877714855,0.5002723594255576,0.5039055046101477,0.5033165601323352,0.5097325039099455,0.501678066270449
0.8285205824271636,0.5616712208346162,0.37926840372300813,0.49554743392633704,0.4974947906908171,0.5000097190641769,0.49760668845326483,0.5018241377948275,0.5166088073624577,0.4917923308441365,0.5071172831406534,0.49704396738467305,0.5165355126828737,0.48422645131893655
0.8499171399311392,0.529071239054115,0.35446842068645723,0.514479995024146,0.4971510910733943,0.4882946434924616,0.49568530697640917,0.4969124229516541,0.49668560694858965,0.4968807423233544,0.486427155333652,0.5101915979388706,0.516345206444122,0.48665119045254057
0.6761175053799163,0.7385486370625304,0.5280766745499139,0.48376187794152764,0.4965947479101442,0.5157487137420812,0.5007604432761936,0.4977519175683801,0.5099507133842008,0.4839399648694487,0.518867512414099,0.4960522898210149,0.5059896895650745,0.5005802596956747
0.9390176245582926,0.34528421243382446,0.2243208283637333,0.4958920446584061,0.4961992324770105,0.48856434858379694,0.49801961121377414,0.4964562638255089,0.5063465210706862,0.49238227600409384,0.4874150116924164,0.5037813971246398,0.5012136091645494,0.49395951965131935
0.8964235627767189,0.44411559209101514,0.2928357673518403,0.49513143682506267,0.49474499819469814,0.5002656460408386,0.49794309757158745,0.4974847636869346,0.4972004269133704,0.5003303249406404,0.5160535810660792,0.4995951129290707,0.5087326589871872,0.5016779513629956
0.3692729145008322,0.929795720766729,0.759325073893962,0.5012384878080138,0.4966069629928938,0.4884230049965442,0.49594416849720063,0.4976633479557274,0.504419234691633,0.49231511128519073,0.5133081090629028,0.49628775038019934,0.4983881903496365,0.500363077898643
0.9085746898761173,0.4193110012663297,0.27526133845908174,0.4963158592195452,0.49656247637048884,0.48230790620164904,0.5064378130662321,0.49766491099074783,0.4866548282807499,0.49988923189055984,0.5064837853319734,0.4959060625408447,0.5062833714516619,0.5017135984108335
0.8887161315399451,0.4592648735947917,0.3036524311549002,0.495902012659094,0.49668078285251216,0.488289127338984,0.5018017053486692,0.4975867373723958,0.5068306935207229,0.5005440127101456,0.48799845485423204,0.49958394363383674,0.5012136091645494,0.49811262726767047
0.20334338625237036,0.9797873132362582,0.869726395546502,0.4957119392695654,0.4942676733999984,0.5095384061117385,0.4906996635088933,0.5118174869482303,0.5065191915582813,0.4933442521746405,0.4889905097409336,0.49703437609711987,0.5043181809885061,0.49213821810418573
0.514430253057515,0.8579627653293533,0.656147838712785,0.4989787308231464,0.5077837841770092,0.49859628958041885,0.497620076548982,0.49740368165938326,0.49691079986380154,0.4918178226322301,0.513354872177007,0.49853760582938134,0.4983153343758098,0.4942205772371946
0.3444597972500384,0.9390440759965072,0.776177462517297,0.4905741259283042,0.4987220388788056,0.5002641412170046,0.5062565463274059,0.49730307423939096,0.4951607563750734,0.5029716801604819,0.5019219086036497,0.5040459852423849,0.505850325982214,0.4978479715679809
0.9496496768257715,0.3144382702669419,0.2035578984900922,0.49616124941369716,0.49874648300017443,0.508919494075433,0.49598982392898966,0.497284633690372,0.5084929657152832,0.5011997785888844,0.48887910200143636,0.49662226845356133,0.504357133495409,0.49756123416217896
0.9180603954020717,0.3989118370345284,0.26095236106153585,0.48084044338689585,0.4965804977519266,0.5093139363779273,0.5065684663212792,0.4804094129452988,0.5027330194874609,0.5022602574321225,0.5025083615489205,0.5048855044613579,0.5065169534711875,0.49785209876756265
0.8794513627295699,0.4768327833118879,0.3162917769499293,0.4905912987319311,0.49731951378383726,0.5086667726551684,0.500508567228084,0.4974847097341627,0.49701701004405957,0.5013271756765334,0.5130085718142279,0.4969725517100314,0.5041581120254324,0.5042750052641819
0.42014035874359434,0.9078882369020415,0.7240764025854824,0.49615947170861646,0.5001365636417512,0.5088888420962734,0.496466299437876,0.4984155792094277,0.5085264643314805,0.5011997785888844,0.5131566323565536,0.4969553882594193,0.5042649049253471,0.4975634670426634
0.6864391778161297,0.7279125529973087,0.5186624065984522,0.5062086645389716,0.49677612659475023,0.5020761261174413,0.4965899311707879,0.5052305036043448,0.4993791148965741,0.4929798093879833,0.5134730970931808,0.49586499370833415,0.4866491165358423,0.4970334431262972
0.9278871602482237,0.3741271812961159,0.2439939521466939,0.492850325468228,0.4969412529307037,0.5045477879879957,0.49759677111323714,0.49685730531089084,0.5043959553555393,0.49179923668072295,0.488156552766642,0.48846774576020124,0.49752534245393926,0.4968402493098394
0.45733358450273287,0.8898803504221264,0.6977793592067323,0.48297019587416273,0.5043092879548193,0.5029365601672297,0.5005002291751118,0.4971619160312419,0.5085456730381508,0.5025646018359782,0.505592025655903,0.49967267900869405,0.49718836310294534,0.5087169926170289
0.8099903181522804,0.5888116228819629,0.400164176111247,0.5223652688274504,0.5092118695098571,0.5086490671236292,0.520004776802942,0.49748107446594586,0.5109827017104099,0.5013376816369055,0.487351447163731,0.4966270922860053,0.5039704272251949,0.4961513349344835
0.7179626462006513,0.6971499308776729,0.49063761351676455,0.49817139288866175,0.5002487119795639,0.5161839308284876,0.4959465216412286,0.49715363825340547,0.49875664784561624,0.490439744873092,0.5135191631769738,0.4976894519000669,0.5131063265865924,0.49888973906030976
0.7447269777533073,0.6676603238840394,0.4652973719382435,0.49589977988783307,0.5002222268861122,0.5013465838764574,0.49639175299957805,0.4978645307322643,0.49281535178995883,0.5027110409775444,0.5066272107880166,0.4983734476776342,0.5066243784238527,0.4970674551160262
0.7967331253994713,0.6052054093044122,0.41356244163344025,0.49620143027934427,0.500264529756171,0.5029365601672297,0.49353234226848675,0.49706768532130735,0.4873501195313617,0.49201711415048477,0.5056243636274939,0.4971185193282808,0.4864648311036377,0.4971617024522494
0.9591244096665146,0.284488828451773,0.18356716157091812,0.505082139486829,0.5016182040435937,0.5086067214947115,0.49761348613959017,0.4971616610242168,0.5120850945732677,0.5024091029095807,0.5067701690438625,0.4970414843543411,0.5056200924081012,0.49149284925636194
0.5594582189394253,0.8292890905148922,0.6221717502810356,0.49606641251559724,0.49949789360365215,0.500724184065356,0.4959392029488234,0.49714948287741023,0.4985643789829285,0.4917434488355108,0.48506135073185475,0.5039666212055904,0.4974020293986512,0.49962596290278766
0.4379493117113812,0.8993556351176238,0.7115090794299224,0.4962174918661855,0.48874508008160983,0.5000139724671369,0.4988187684918395,0.49704260754873225,0.507993452020112,0.4924887670071257,0.5027133527597949,0.49652060022720407,0.4974685225367513,0.49523399848056393
0.7568699711343064,0.6542270699143772,0.45377382602843097,0.4986922161135395,0.5003596863477219,0.5020379427991637,0.49748112176219844,0.49390605463458,0.5078910347090057,0.5010296627516616,0.496687053320373,0.49880853366125516,0.4866491165358423,0.48863915317619183
0.14509000326402763,0.9896275658684799,0.9073249647420731,0.4951934480816604,0.5013200456580563,0.5088030910658782,0.49627715795116967,0.4981161647818621,0.5037273175878848,0.502357621002088,0.5025897589209185,0.49655276717347274,0.5065639511872232,0.4975469552351894
