0.31689534484143805,0.9490861338188078,0.7948453393318918,0.48387765206169386,0.5027374993660569,0.495809681571106,0.4970336723381857,0.5045198109860585,0.4977020927298159,0.501982063773822,0.5101861868264264,0.5128758375930931,0.5003869292023043,0.4994674554695909
0.0921021382388119,0.9962252639723136,0.9413106217769849,0.4921972865333437,0.4956693479571132,0.49695221632621644,0.4954189390864164,0.5045213021033544,0.5087279973564796,0.49102650175692847,0.49588838472415875,0.5128080309953678,0.49996281284741206,0.4976188562213171
0.9805952718798713,0.19670143084450767,0.12602942202462059,0.49863330129249944,0.4963471239597225,0.5014004213961344,0.5011883233162799,0.5005651949222206,0.4938490591734202,0.49433093613693724,0.4974852983378052,0.5039499464948073,0.499743955292293,0.49571119069910613
9.052656462694144E-8,1.000174394516209,0.9999999423790479,0.4955584216312109,0.49972638408528464,0.4930922032186471,0.49323772552103706,0.49767485725686816,0.49704568362383383,0.4982771783679821,0.5000042345019742,0.5049265100814425,0.49974458601399,0.4955606447070633
0.19566044688895887,0.9811355543294116,0.8746876667794453,0.4841188700866887,0.5028527801313067,0.501918404428102,0.4959017781457246,0.509645919398111,0.49501042339388057,0.5022249240419701,0.5002705359170608,0.49404987568271197,0.5003237857687319,0.5039488595741478
0.7080574731203334,0.7074119690106587,0.4997096788961708,0.5061891723660532,0.5015842056702682,0.5019302716080215,0.4969612726941111,0.5062570297368885,0.4944937752314218,0.4982255261248454,0.4961403960503656,0.508208252828429,0.5257968218219977,0.5037422095340937
0.8950165470320991,0.4472422898101468,0.29501586324865103,0.4998327015762881,0.4840499702656502,0.4968508806275456,0.5019946649693202,0.49806955700327515,0.49786803889119385,0.500767322693244,0.5000408076472062,0.50400939722822,0.49730448756897583,0.5154747012924756
0.9961256101126266,0.08991160899503824,0.05730684715243595,0.4929872687886435,0.5023034712079566,0.5025098801664044,0.49584165053179874,0.5045085388127066,0.5017805572904759,0.49781126032465983,0.49755962974242873,0.5063145460229301,0.5032489444273163,0.5035214719895191
0.44639170441648734,0.8949949876440811,0.7054623237556745,0.49253620375970864,0.5029713278853088,0.5018343541058095,0.4956059757174918,0.4991379837509769,0.495542134119021,0.4982004030317768,0.49923396880524407,0.5042984644279334,0.4975558004449935,0.5021632570442827
0.8137329989511726,0.5815494408481674,0.3950244702825896,0.5059925946978537,0.5026068928026463,0.5018509269035423,0.5012844187758132,0.4982671699814377,0.49592581424065507,0.4983722238326769,0.4975647542948639,0.5097216523556674,0.4970246991582261,0.49889134458870565
1.000273212140791,7.158536661477394E-10,4.556021219603828E-10,0.4920358303637028,0.49919381954148967,0.498241084052856,0.5017423064265479,0.49397011578564215,0.4956258533554017,0.49749097035198897,0.49285894995653223,0.5050799470895847,0.4943743990990303,0.4942755731347598
0.9489539188657624,0.31602078868997663,0.20465331443034315,0.49295966565718147,0.5023645104115123,0.49317675310924225,0.4957774252534683,0.5000471059643616,0.5016990718235679,0.5020722926392209,0.497567406873606,0.5063514297336881,0.5001415646651928,0.4957203408498646
0.5811247383482553,0.8144783038681499,0.6054711158945996,0.492455924163642,0.5028503989036331,0.5016045633266885,0.501353513564219,0.4827763887589061,0.5017834527598944,0.5009420427562477,0.4941247038916928,0.49019893150127414,0.49407442767010135,0.5021049170311093
0.03191396593863382,0.9997092454523415,0.9796839287252205,0.49794297562044154,0.5034129048304685,0.4945927600220899,0.5017500038640639,0.505283144946898,0.505634714466675,0.49821028716202426,0.5012884305421553,0.5092738361502647,0.4997445951744251,0.4955569818566721
0.8119208099923372,0.584541957134763,0.39724422786497093,0.4841188700866887,0.5028527801313067,0.501918404428102,0.4959386566515098,0.509645919398111,0.49501042339388057,0.49838449718622485,0.5002705359170608,0.49404987568271197,0.5003237857687319,0.5039488595741478
0.999660300950182,0.034765557412263906,0.022131042801330533,0.49176526121420033,0.499240959684515,0.4954259472171165,0.4954159579424614,0.4977789356795239,0.49592785304837705,0.4980425910143496,0.49753356386047376,0.5038016074612494,0.48979833662634387,0.502089673484149
0.05524366777167296,0.9987198723588251,0.9648215591765004,0.5064908966138663,0.5026267656127433,0.5017293800916315,0.5013420717187391,0.4982671699814377,0.49592581424065507,0.49822113177311145,0.4996467038862024,0.5121686106272948,0.49700837099725864,0.5035851604911801
0.42202068256374586,0.9068873266140742,0.7227227964061234,0.49176526121420033,0.499240959684515,0.4954259472171165,0.4954159579424614,0.4977789356795239,0.5053782792886199,0.498029292921504,0.5014298672369637,0.5038016074612494,0.48979833662634387,0.502089673484149
0.9687228988430463,0.2493022867542024,0.160355391675441,0.4912219043501273,0.49596148242417315,0.49364800166988443,0.5019913284926624,0.4977805406207959,0.4957844745819149,0.49834820021022347,0.497499635868986,0.5040581843887537,0.490554922168062,0.5035732218164056
0.3662875644898175,0.930704285930212,0.7613045291270675,0.4973148536451175,0.5026910007837527,0.49459139380315115,0.5017500038640639,0.505283144946898,0.4983138549315882,0.49821028716202426,0.5012884305421553,0.5092738361502647,0.4997445951744251,0.49552205663024756
0.9528169171392363,0.3038146478860421,0.19650413096684177,0.49788418926936695,0.5025267003950125,0.5026784453744938,0.49594808146947666,0.4975336991219857,0.5046652242830788,0.49850384079748594,0.4995351486344445,0.49991511986551695,0.49807545395912517,0.5036386794715856
0.14608973667113653,0.9896495516312024,0.9066975115128291,0.49181139886288816,0.4956832507969229,0.49679181906524283,0.49542295451707996,0.4979870898817541,0.49788338585079417,0.4912039563059379,0.4958882259641946,0.5121828372959623,0.5000879287518782,0.5024465558248128
0.6309650626602179,0.7767286845974875,0.5656864917086006,0.5055159918875844,0.48041301990316587,0.4968850379810874,0.5007883147798254,0.4977946531540137,0.49788338585079417,0.4983578312545726,0.4890124278118522,0.5121967367639039,0.5001139697481896,0.5024465558248128
0.7264469497295191,0.690176149434592,0.4837037353674972,0.49178689055715746,0.5011351592533767,0.5019302716080215,0.49733380978536607,0.5378400553089313,0.486665579313759,0.4982277847905489,0.4839006056258078,0.5081540433091333,0.5000265210286323,0.5037422095340937
0.865774803185473,0.5015286266890636,0.33425537278032075,0.4955584216312109,0.4805215955485512,0.49306066437895757,0.49323772552103706,0.49789785824489896,0.49812330394073556,0.4964289246437654,0.4999926966579625,0.5048006255102994,0.5000116224411109,0.5034026341353203
0.9983529248415167,0.06242961096719526,0.039757725976494684,0.49292704924777847,0.5028421497616293,0.4936672570971857,0.4959236921930787,0.504893501244304,0.5038294043877098,0.49734231236049264,0.49960600741698535,0.5113961882372873,0.500301884218939,0.503513645817521
0.43636994210382346,0.9001782577077693,0.7126419158370216,0.4957780752358475,0.5037638236277902,0.5015890204172789,0.49986543120282867,0.498310257056751,0.5089154229632693,0.5009219750923958,0.5150968602293595,0.4985763979771074,0.49707165222320154,0.5036744327671518
0.00466353301460972,1.0000813903050552,0.9970313658111298,0.49788418926936695,0.5025267003950125,0.5026784453744938,0.4968616557856722,0.5048090055063897,0.5046652242830788,0.49850384079748594,0.4995351486344445,0.49991511986551695,0.49805401350898904,0.5036386794715856
0.9985971076149177,0.056038470337788956,0.03568788636578914,0.4919777534451124,0.49905742069644377,0.4954259472171165,0.49534838391767777,0.5041305687317962,0.496894204331601,0.4980425910143496,0.49757333296693634,0.5037831444956515,0.49774346976343303,0.502143914894658
0.9457115766355071,0.3258001693713048,0.21121074149330982,0.4922238019820922,0.5023572202346043,0.49690664482879676,0.5010760547510288,0.4979905311761186,0.49643877679149506,0.4954345564602961,0.5040019976906425,0.5096618541075014,0.49433903615900116,0.5015182312566298
0.999898059121968,0.02429354316458637,0.015464284313066928,0.49796505380410416,0.5033939175075587,0.5020538201391077,0.4967879653360357,0.5052839736059678,0.5047276105844346,0.5009095552705023,0.5013180138978497,0.5097094940201081,0.4982247121759181,0.4964394227823286
0.8755113831992711,0.48395905245267185,0.3214736949895945,0.4930465570366644,0.5022651061490284,0.4936372002409278,0.49571672941076245,0.4977224972117875,0.49813992263972656,0.4913093760338985,0.5003895091071089,0.512181278539593,0.5032838776041496,0.5035213382323779
0.17795916461288003,0.9843840554931312,0.8861402128290847,0.49283476351484945,0.49965540140832154,0.4936672570971857,0.4954364460712959,0.4890332394009729,0.5080839930480591,0.4974415171857492,0.4992442614432046,0.5044037294610438,0.49602795566686975,0.5006014316571732
0.36432244325021174,0.9340399966852678,0.7632413583875326,0.5475598406708241,0.5026900300382885,0.495258225974044,0.5060241000196377,0.5059049973258879,0.4982811773792941,0.49545760146592865,0.5016401800490001,0.512181629838794,0.494751335215489,0.5035243400954681
0.0882298238546552,0.9971408636594897,0.9438164141854305,0.5052094970149359,0.5191980665968092,0.5102417520490843,0.501754978205266,0.49807239363164657,0.5043920702894467,0.49850345510787364,0.48110206000693,0.5120360127289856,0.5001139697481896,0.5023937807357992
0.9681802737754354,0.25180354181637615,0.1619829566240653,0.49246821525641377,0.49595492838229355,0.5018343541058095,0.5012155096691512,0.4977956880169406,0.5032789298602811,0.5161050796119246,0.4974100319497837,0.5040592825012974,0.4997262191422903,0.5035749300031582
0.672824284904648,0.7406711876786078,0.5305339177227637,0.5024143711149256,0.5023034712079566,0.5025098801664044,0.5013506240772492,0.5040879568163706,0.5090857702251772,0.5162920993754064,0.4974626035027297,0.5063145460229301,0.4997824232022158,0.5145822986429065
0.640322385833071,0.7684108595890858,0.5577256543719995,0.4937475074864919,0.5031998080719353,0.4954259472171165,0.5027813778589366,0.49904216891309094,0.5037968012351338,0.4980425910143496,0.49759242442151774,0.5111261217579159,0.4983066874028949,0.502089673484149
0.765731893373741,0.6443349397878706,0.44532627728454244,0.5062760882503966,0.5029481271587228,0.5018343541058095,0.4954743524286405,0.5040272686672961,0.49461425858958497,0.49846600070690916,0.4992839702583985,0.5241912585580184,0.4940849082503731,0.5039892822869791
0.9989557745823259,0.04968037884843631,0.03163450885479896,0.5059925946978537,0.5026068928026463,0.5018509269035423,0.4966127067640339,0.4982671699814377,0.49592581424065507,0.4983722238326769,0.4975647542948639,0.5097211944124088,0.4970246991582261,0.49889134458870565
0.9528815796896114,0.3037460898605753,0.19645004927102483,0.492931488248465,0.4991582885034973,0.5026784453744938,0.4968616557856722,0.4991909267913814,0.4948739459077792,0.4982701262077128,0.4972406335512578,0.5004293987671101,0.4980496624828651,0.503642403056254
0.037968480710081895,0.999623981477492,0.975831040414282,0.4919799960483146,0.49596148242417315,0.4968576936744557,0.5019913284926624,0.49893262777766517,0.50305405533233,0.5010961456003495,0.49997962931991613,0.5040581843887537,0.5144713740240385,0.5035732218164056
0.8858277946546265,0.4648168291646468,0.3076351348215248,0.49171252878746863,0.49961903330430485,0.4936372002409278,0.49571672941076245,0.4977224972117875,0.49813992263972656,0.4913093760338985,0.5003895091071089,0.512181278539593,0.5000023816739053,0.503513645817521
0.787736643479963,0.6164130429483382,0.4227065718185268,0.49415263979926194,0.5029233691110497,0.5018343541058095,0.49547811159519023,0.5038658008696419,0.5044055369648845,0.49846600070690916,0.5011481620250757,0.5095482973333493,0.4940527574137871,0.5039855587023107
0.9999906942122634,0.022306634336152435,0.014198621881710144,0.5063591992669053,0.5018849039844768,0.5016015078739587,0.4969612726941111,0.4979025183197152,0.5082733979972439,0.5009206638614366,0.4995382676183465,0.5097750554197024,0.49826307085497457,0.5033450844142424
0.22763057257166297,0.9742716047731689,0.8538801943864253,0.5066683988422612,0.5026351648239684,0.5017122491382284,0.5058211632529699,0.506081747273359,0.49592581424065507,0.500921969804722,0.5154515739722274,0.5097211944124088,0.49424321253255166,0.49889134458870565
0.3177983669496619,0.9488842388478941,0.7942597471079842,0.5049750114709011,0.49961903330430485,0.501633015153518,0.4958976407669883,0.5048938900840667,0.4937983931602092,0.49998096673140735,0.5099218292083827,0.5137935768468896,0.5167433254481405,0.5035308184176085
0.4570513944882174,0.889547328668552,0.6978422270137213,0.49788418926936695,0.5025252880591123,0.5018319292180625,0.4968616557856722,0.5048090055063897,0.49392633319644896,0.49850384079748594,0.4992167223138077,0.4998389763798359,0.49805230775246095,0.5021125159931878
0.9715563580207449,0.23847004950641734,0.15323007776131942,0.493061024842704,0.5029699016962988,0.5018160902358547,0.49686634468027646,0.5000101501198504,0.4917169916357031,0.4950845900666941,0.49308250925879143,0.5097743328331688,0.5001268528456985,0.4905914865627066
0.11277156953039515,0.9941486569993095,0.9280922083378244,0.5001000299491485,0.5025768474414941,0.49678814718148295,0.5054996995333252,0.49903760462473473,0.5083705129117801,0.49804784694240983,0.5164823817045221,0.509661691584322,0.49433903615900116,0.502296289140524
0.7138279840076065,0.7030247136347832,0.4951459722958289,0.4918521111167223,0.5026586088978772,0.5018663085944313,0.5009349551907475,0.47673884217180934,0.47803163348010963,0.49686298652523614,0.49096135413198877,0.47830455189476845,0.4849370828792968,0.5021557570368365
0.9964774073267763,0.08892490259833727,0.056661382651203185,0.4883017766687512,0.5108753199754106,0.49700343391044494,0.5019450389266461,0.49790010569243337,0.5039316410858312,0.4953651512052148,0.499557526884681,0.509661691584322,0.49433903615900116,0.5015848717712859
0.952696119207909,0.30426092249250986,0.19679814311970245,0.4941610536313621,0.49913441910474116,0.5026784453744938,0.4968616557856722,0.4990294589937274,0.5046652242830788,0.4982701262077128,0.4972406335512578,0.5002731022295419,0.4980496624828651,0.5036386794715856
0.8993563220760624,0.43928651535957064,0.28925540382077974,0.4917076916192656,0.4995259600847077,0.49368974180421665,0.5012023947380083,0.49772067210198867,0.473836958879026,0.4983722238326769,0.49965895337921507,0.5097423053213739,0.4970220894829502,0.5005554058759731
0.2740081507048529,0.9639715421348266,0.8236915709024947,0.5070786052207368,0.5026586088978772,0.5018663085944313,0.49981045950566183,0.5281793002861785,0.4901371007233504,0.49686298652523614,0.4908805450562163,0.5331641906300362,0.4970148572553609,0.5021557570368365
0.9898954277659191,0.14491352431737414,0.09253919771547425,0.4999941078963352,0.5025816262135542,0.49691570226779275,0.4966820523416133,0.49903760462473473,0.49710478181417406,0.4980873689432096,0.5166005277316942,0.509661691584322,0.49433903615900116,0.5022844351698952
0.8296988323827111,0.560410460488044,0.3781844781482908,0.5168127885522499,0.47332663310960676,0.4937849360489041,0.49591005534804833,0.4990874287175946,0.5078975131900126,0.49828958912935206,0.4975935066383809,0.5095519727235678,0.496065512898657,0.49893737036990565
0.027513200698734995,0.9998820767120095,0.982486905860164,0.49248249019999196,0.4997151965491844,0.4934621874591256,0.5018590465919825,0.5046491867383366,0.4950917317309831,0.49821028716202426,0.4975078626316711,0.4908994933990478,0.4997445951744251,0.4955569818566721
0.12733687340435776,0.9921566719897276,0.9187382212850503,0.49863317929560813,0.5025245094029615,0.49309208550537903,0.5017920519292121,0.49806756532570057,0.5045733336116767,0.4985095079023086,0.49731310301373854,0.4979588797149195,0.5139165117899626,0.5019049674698268
0.174200463320919,0.9849471732911445,0.8885581242342121,0.5063116598892985,0.49596148242417315,0.49691283598460595,0.5010687557270131,0.49777198750410556,0.49788338585079417,0.4983578312545726,0.5000040368746871,0.5121828372959623,0.49972338265553173,0.5024253262087084
0.6207102783985994,0.7848979938543708,0.5740274584368142,0.49371348286331906,0.502619145621721,0.4942348660823808,0.5028356673693376,0.4982727823464378,0.4982003467253374,0.49532295481283095,0.5004849382830904,0.5111102167880746,0.5098927053457459,0.48168234736425586
0.9996692474162953,0.031027418082257237,0.0197528619798078,0.49180002047889004,0.49920184665736195,0.4954259472171165,0.4953996604134599,0.49904216891309094,0.49711095631791063,0.4980425910143496,0.49759242442151774,0.503814889539054,0.4983066874028949,0.502089673484149
0.35865726013261673,0.9341430408166607,0.7666231035874734,0.49851272605356883,0.5026900300382885,0.495137943652869,0.49691885240655465,0.4978071431334161,0.4982811773792941,0.49545760146592865,0.480787783444111,0.5121814470112049,0.4947721820261631,0.4963774264327503
0.8267022143870065,0.5633592350667274,0.38080684779771784,0.4977652426542192,0.4996394703389889,0.4945927600220899,0.49566576502209336,0.505283144946898,0.5058777917913237,0.49821028716202426,0.5133542592105557,0.5093837369562412,0.4997445951744251,0.4955569818566721
0.9720179653515589,0.23607285329981695,0.15167834173854766,0.49122844888201445,0.49596148242417315,0.4936000592403063,0.5019913284926624,0.4977527550644014,0.49671939080491845,0.49834820021022347,0.497499635868986,0.5034998941584415,0.4906781762911205,0.5035366675039372
0.6195038311806098,0.7854660668740184,0.574853913032414,0.4937630471419512,0.502850137939778,0.49424018773753914,0.50263059937058,0.49827568833055075,0.5038685858021185,0.5020101785740146,0.5005360618031902,0.5111102167880746,0.5098927053457459,0.5063413298766709
0.9518245808318029,0.3081623657851621,0.19933176876960562,0.5164530191262219,0.5023350600829165,0.4936331029021028,0.4959036399176949,0.49904436743633185,0.4971206542005695,0.49829608937003783,0.49759333079202117,0.5096629926994417,0.49831100490940905,0.49560319266470126
0.455883288624892,0.890259230066649,0.6987106176409411,0.4998862029448441,0.5026724088842914,0.5017822340432458,0.5017500038640639,0.505283144946898,0.5053488185502236,0.4955513138199068,0.5012884305421553,0.5091847845024784,0.499778504493631,0.4955569818566721
0.8863809368565633,0.46422090495154505,0.3071358695018842,0.49178689055715746,0.5025346949423145,0.5018927959904572,0.495718180239367,0.4977215529947081,0.5041058199219208,0.4914211871474007,0.4975061953442226,0.5193459531691665,0.5000673809604222,0.5037422095340937
0.7040549233739928,0.7109635827744183,0.5031081955527539,0.49240334952229853,0.5025376323563745,0.5019302716080215,0.48050082105520514,0.5045040290781055,0.49449302538623363,0.4978399991222404,0.4975005665146533,0.5063138945701964,0.5043821902760269,0.5035241250245196
0.10063612679070305,0.9959326407525125,0.9358890155770159,0.49872145098441467,0.5177474550785647,0.5102202514683661,0.5013309354490616,0.5042857862642868,0.5087279973564796,0.4982159843113892,0.4959188555848656,0.5128080309953678,0.5172292667443824,0.4975273877971866
0.9981473161880201,0.06315629829223136,0.04022754953409709,0.49987576670428036,0.49906007602601477,0.49693206820069713,0.4967744676369982,0.4979025183197152,0.4972483370610955,0.5008796013886502,0.4995426602417996,0.5096619226399238,0.4977309293634107,0.5033482251730294
0.22506866765279687,0.974600049128762,0.8555155453267527,0.5061907164886261,0.5026351648239684,0.5017122491382284,0.5059547544420585,0.5060961819940993,0.49592581424065507,0.49836866906908844,0.4975746560510431,0.5097211944124088,0.4970246991582261,0.49889134458870565
1.0000724377539103,7.282068583755065E-4,4.635572234382157E-4,0.49794896527967847,0.5025207619686074,0.5020538201391077,0.4966221176345367,0.49809372490595205,0.5045725152601226,0.49850362001420045,0.5013180138978497,0.49827631063688904,0.4982247121759181,0.49655430987965005
0.7117984368196018,0.7065260663345162,0.49763348949401237,0.49178689055715746,0.5147113221344564,0.5019302716080215,0.4969746813634077,0.5378400553089313,0.4867113547360693,0.4982277847905489,0.4839006056258078,0.508171748241002,0.5257968218219977,0.5037422095340937
0.9985614710523069,0.056318777928698376,0.03586729990694326,0.4919777534451124,0.49920184665736195,0.4954259472171165,0.4953996604134599,0.49904216891309094,0.49686755185694265,0.4980425910143496,0.49759242442151774,0.5037049887330775,0.4983066874028949,0.502089673484149
0.8858620187497154,0.46478026083662927,0.30760440865506206,0.49171252878746863,0.49961903330430485,0.4936372002409278,0.49571672941076245,0.4976733412161376,0.497043195484844,0.49127046531810703,0.5003895091071089,0.512181278539593,0.4997414165665749,0.49559464277319537
0.9445817623291369,0.32899434712982745,0.21336709844182103,0.49417737190697136,0.49920184665736195,0.4955071419243072,0.4953996604134599,0.49903518764221944,0.4885485762675165,0.4982753171408209,0.49730154813126576,0.503814889539054,0.4983066874028949,0.5005774669235549
0.7842269103835655,0.6209203749703791,0.42634235461780656,0.4929230744163649,0.5029472385098058,0.5018343541058095,0.49547811159519023,0.5040272686672961,0.49461425858958497,0.49846600070690916,0.5011481620250757,0.5097045938709175,0.4940527574137871,0.5039892822869791
0.5870656851313872,0.8098501669666596,0.6006822011975842,0.5055451918365242,0.49920184665736195,0.4954259472171165,0.4953996604134599,0.49904216891309094,0.49787789458945225,0.4983524261679211,0.4963303347360455,0.5123375959887431,0.5001346049412737,0.502089673484149
0.13555044589946258,0.9918727534023603,0.9135344554823616,0.49994924296600657,0.49938960584259956,0.49754866339769527,0.5019965017626409,0.5228721350537594,0.49723244723862886,0.5011217265168989,0.48357914148996084,0.5090170566212256,0.5139458056879663,0.5020700153966733
0.9886812294389755,0.1512147005134737,0.09661961186955262,0.5000352949325091,0.5015691152894496,0.49685319631836533,0.4966854563486644,0.49902887387534467,0.4944937752314218,0.49808597878096983,0.4961403960503656,0.508208252828429,0.4943101499705595,0.502300065582771
0.14423660420824946,0.9897189169017948,0.9078708502482843,0.5060307302978376,0.5026267656127433,0.5017293800916315,0.5012023947380083,0.4982671699814377,0.49592581424065507,0.4983722238326769,0.4996467038862024,0.5097216523556674,0.49700837099725864,0.5005554058759731
0.4256689439565518,0.9050751231241847,0.7201307823200709,0.4981418895119324,0.5029720789495804,0.5020538201391077,0.4967879653360357,0.4990105612608377,0.4938126431401644,0.5009095552705023,0.49926305039426727,0.509651495965871,0.4982969647771104,0.4962593067056861
0.9994610181416459,0.03766919370911352,0.023982534369929698,0.4921890171859443,0.4986939583604527,0.5025098801664044,0.4957736718213334,0.49893263429543455,0.4937201406316691,0.4978087047328435,0.4975315628720226,0.5040530512979847,0.49830698735219425,0.5036041628188597
0.25745776112016,0.9668099333586246,0.8343156044420369,0.4918521111167223,0.5026586088978772,0.5018663085944313,0.5009349551907475,0.4988808846120099,0.4901371007233504,0.49686298652523614,0.49087739596044444,0.4986207574068348,0.4849370828792968,0.5021557570368365
0.04463341475226022,0.9991605856562055,0.9715805076306729,0.4979912251750483,0.5028517345534893,0.5019199376071001,0.5013474372835538,0.5041259633012333,0.5017071445376707,0.501096639713112,0.49758026012429707,0.5100072581218925,0.4997434097895218,0.5034814442080495
0.8898611643410549,0.4568160504286259,0.30193326200723697,0.49203108828962805,0.5026607530186257,0.49671313190348665,0.5009774492705451,0.4988808846120099,0.4970679089073392,0.49686298652523614,0.4874992908054834,0.4986818519892108,0.5004468735208574,0.5025738720229996
0.8380604899078679,0.5459431997036277,0.3675743290066029,0.49066182062390196,0.5028391851222416,0.5009554546533455,0.4954851719733649,0.5002538931893231,0.4959266728248503,0.4983625904016961,0.4928672460570594,0.49820449820499524,0.4992867281796466,0.5030258273265422
0.35858820191247565,0.936502136394207,0.7672008344378213,0.5513980614331846,0.502974524712459,0.5023066483218787,0.5059765874310925,0.49901072052644424,0.4982701169908662,0.5009146278299971,0.49926305039426727,0.509651495965871,0.49832911446234635,0.4962593067056861
0.15389780285595095,0.9884145287544198,0.9016667899935331,0.49257813301137693,0.49965540140832154,0.5018552318785686,0.49567850159372295,0.4890332394009729,0.5083106458046437,0.4974415171857492,0.49801534992884006,0.5043128027492609,0.4960491847376895,0.5035361144054519
0.43523343702320505,0.9037408675417803,0.7142772667773486,0.4953003928822125,0.5383634107815285,0.5015890204172789,0.49999902239191724,0.4983246917774913,0.5089154229632693,0.4983686743567622,0.4972199423081751,0.4985763979771074,0.49707165222320154,0.4614843976199905
0.5608430083093908,0.8287646304925506,0.6212548360122897,0.49245948939509976,0.5196654137577642,0.5018822965353875,0.49563221155821297,0.4996030613025869,0.4957170096711715,0.49411584512071594,0.5006722305981327,0.5125940877095095,0.4974636655025885,0.5035740517485487
0.9958867385707891,0.09434475668188268,0.060130353834651276,0.49224536203279107,0.5108753199754106,0.49819442240087297,0.5010439387435413,0.4977785369203094,0.5039316410858312,0.49752075015707625,0.4992728722388351,0.5096582649851824,0.4940285058713635,0.5026151546236851
0.9394753094263742,0.347913020307913,0.22578831988522596,0.49065802505841216,0.5044291230930024,0.49535246603073063,0.49646290844258545,0.49329428535568454,0.4638202339160689,0.49341234062588946,0.5021804800013553,0.5064294176657286,0.5146172757403474,0.5053757043445085
0.5177815032853004,0.8580757712337599,0.6543589914067057,0.4789968503930225,0.5043054653534872,0.49597853451435325,0.5076346257771551,0.49027448043120325,0.47603108077385453,0.4898369434606534,0.4919411043767429,0.49450855078949324,0.5181818199729131,0.4785230449732175
0.7698291461734905,0.6392599995342553,0.4411774522603904,0.5047501924570952,0.5025371185098202,0.5055207640792866,0.4955872513035564,0.5016917729756187,0.5186654360101686,0.4897337238296243,0.4976238247032263,0.5064836398465943,0.49260393924682494,0.5026320467170672
0.37333467671464077,0.9287184950983945,0.7566712486786178,0.4817691201913635,0.5025603292731381,0.49481643081095195,0.5080968340507651,0.5019482763211937,0.49198016156939395,0.5057573303928115,0.4975473534199765,0.5001769387208208,0.5200921062645482,0.5023694590762158
0.20862017538635325,0.9791782005191392,0.8663622502272688,0.5071174435008894,0.5189523540012132,0.49569881425010986,0.49264997167923974,0.49839134343060887,0.49038174110997684,0.49519077366351427,0.4920870384262572,0.49488491248465727,0.4925910557214052,0.5202786507551964
0.39429819799514065,0.9195972218630206,0.7421296321228006,0.4839443573809427,0.498900790561732,0.4929128883177403,0.49644466499922935,0.5029689016263337,0.4900598183365432,0.4895447522749857,0.5006724059286335,0.5005771616395764,0.503531488669575,0.503584719371749
0.6395558845555874,0.7698860553274312,0.5587008832949387,0.49869621374521045,0.5039364167648706,0.4947173925736922,0.49825189326407965,0.500246163834279,0.4956220664941463,0.4975747200990984,0.48807953375498997,0.4775981725584551,0.49424531719075576,0.5112883528450699
0.6149731495416962,0.7892793371892838,0.5786198116350332,0.49925925783451186,0.5026405900564678,0.4929866992015625,0.49579369602618484,0.5042277613833658,0.501699700381519,0.5027766427572372,0.4974734364704288,0.505961205977376,0.5036105661844903,0.5204677278753586
0.6270293312383144,0.7796743637617636,0.5688120035939513,0.4987719976711969,0.5027498136694695,0.4948605827620129,0.5014479589770464,0.4983223090118526,0.5016190779183215,0.48490668281074095,0.4992288324684,0.5058869114630073,0.5138803945433638,0.49451654043210663
0.9596182064211368,0.28387240007448244,0.18310187576268566,0.5063474820537258,0.49760934526930223,0.48498531463015065,0.5028157768004107,0.5012748756611285,0.49402131157407553,0.49809802863151076,0.49731052214635346,0.5128556427962101,0.515234999705431,0.5002987366221551
0.7058510370312155,0.7086907644099651,0.5012780280985706,0.49587691682177576,0.5037130768394346,0.49572534332335294,0.5013463050247985,0.4981594145057276,0.4939108936504032,0.4984712802123257,0.4906304230059081,0.5064835723054611,0.5021506108319578,0.5024476248469554
0.6564752823475631,0.7554067847053239,0.5445355717828637,0.4848730987126226,0.5174902105775481,0.4946421987367927,0.49725372600004414,0.4989840856246378,0.49735863229704275,0.4998809897870587,0.5006587911009478,0.50949633227686,0.48950636892445004,0.5044217157804302
0.8077977902880747,0.5898559395033655,0.4015223456435205,0.5066285536882589,0.5039486086255662,0.4941655992424343,0.501297486063287,0.4982072067180654,0.49581439898942636,0.5009061186016112,0.4975125058717508,0.5019587911468214,0.5095276262058358,0.4959981392613882
0.528353544049865,0.849928558355366,0.6459230054650824,0.48393721873499324,0.5026310463003792,0.5027558650359737,0.5014095396097934,0.4981015022827514,0.49702842485328663,0.498176757476248,0.5015065024600632,0.5128677136603426,0.5174272368148704,0.5024257619616146
0.4829331928329338,0.8763848746169147,0.679366362463633,0.49102184203333316,0.502856587712707,0.5027729551580807,0.49845476969774455,0.49397466071111806,0.4950917317309831,0.48195276937231846,0.4975069198775291,0.4900602682362759,0.49514180923127915,0.4951320391788185
0.5444192284251057,0.8394972707480706,0.6337371005375194,0.49866796184680806,0.5038370315213404,0.4965930806671152,0.5005652074198548,0.4959100791635283,0.49427486891234423,0.4986563498975791,0.4988515221191156,0.5135222842704988,0.48255398865488425,0.5023556630835291
0.979110387406049,0.20532871404473588,0.13159816420564666,0.49188444889472654,0.5029822323598032,0.5010740007234067,0.4973804006868943,0.48950741440226136,0.49370603984724015,0.5010356681990994,0.4992822806608796,0.5125884507801552,0.49749913165995885,0.5031050363194258
0.8577076140945371,0.5145873165827226,0.3440214082613823,0.49946302885632543,0.5030745179783934,0.49423078424068645,0.4999688935269764,0.49800615982873214,0.5042638893086047,0.4982928496257921,0.5002394978133314,0.5097543377728118,0.5079697327200878,0.5020939604549319
0.9199589258493431,0.39254381980002323,0.2567533637573176,0.4988034218921059,0.5032833608612424,0.5027626839247489,0.4957301498064522,0.5046192812214518,0.4940317633499902,0.5009439076806707,0.49755962974242873,0.5041577716169401,0.49830701521959403,0.5092456901020638
0.7972146472049253,0.6051612865085312,0.4133548319717172,0.4989902562155539,0.5251049100592233,0.4969034527770317,0.49582754912601484,0.4895943393158397,0.49527253710578123,0.49781874409515475,0.4999517998479801,0.49100499278912296,0.49831753383154026,0.4971902742871145
0.7382531717238469,0.6748698229304368,0.471464574523024,0.49917582277380007,0.5045035126395229,0.495015293859417,0.5015850127247368,0.4905558968625665,0.4954902205381609,0.5023371502468099,0.5000827575695715,0.5064794407061582,0.4946959584186286,0.5002229237130115
0.25369887067147584,0.9679955033897978,0.8368205034836395,0.5122811755978227,0.5043827240491355,0.5033288042418634,0.49577066893974575,0.49696980647944267,0.5040145816247728,0.501337488820423,0.5161051626720632,0.5100014432666595,0.49040110780448215,0.5033664582849928
0.7274050747316603,0.6869190940405161,0.48178130600961155,0.49187020244387764,0.5027235014445536,0.4944257873582042,0.5011429955207495,0.4897434823114458,0.5074638000166187,0.4892665815196065,0.49951135248770084,0.509762728390182,0.4978067991708485,0.49765194174860283
0.6852814850638519,0.7286297839890261,0.5195116506688692,0.4917583499351104,0.5022380423905807,0.4950979522560349,0.4971703185722715,0.5069835774450122,0.4973532516544748,0.4982787039601578,0.49755477719033786,0.5041441787970925,0.498306987505518,0.5081410233442655
0.9085832264689359,0.4190912880464194,0.27513213481085474,0.48547195048647485,0.503421849099273,0.49398317421684174,0.4960325337389444,0.4896853925288622,0.4950768462733929,0.5007987590038654,0.49995598799292357,0.4913903028949658,0.5011683357707857,0.5099422587633694
0.7466680169095816,0.6654230856239906,0.4634122962994035,0.4918684285832423,0.5027235014445536,0.5018922644543036,0.495671503748721,0.4989371706067289,0.5031009411337729,0.4967130154450836,0.49951135248770084,0.5042282866329848,0.49830700400887296,0.5034791186480001
0.6677809211734205,0.7454636878242431,0.5349583271760029,0.5050112451868294,0.5040303708058617,0.49494261641173376,0.5012554890518071,0.49806955700327515,0.4923791405337311,0.4999811102414765,0.5004350383920423,0.5122417217463596,0.5167457309807382,0.5162053217651736
0.315689767486601,0.9494373968012972,0.7956437126922175,0.4844494170933415,0.49596148242417315,0.4958690520177712,0.49673055949551387,0.4975860608069259,0.49764755495095675,0.5011206149701984,0.49997962931991613,0.5064231492009078,0.5143365321390566,0.4994935027436284
0.5017050833519231,0.8653752822196782,0.6655199980481221,0.504171925680155,0.508316394057065,0.49360063931802195,0.4959017781457246,0.49169338762516873,0.49501042339388057,0.4982957573569771,0.5002885486276846,0.5061592570622979,0.49753860251125975,0.4975608277645799
0.7191373592744871,0.6956914551243034,0.4894511901952556,0.4918521111167223,0.5029752557383933,0.5018072698019799,0.5172486949742421,0.4988808846120099,0.490140184854788,0.4978477754402804,0.490757678602774,0.49846071199702463,0.5002456878860765,0.5023308006669754
0.4376300330506184,0.8999433903987729,0.7118553956836077,0.49593601902658024,0.5167457786810279,0.49309579150584754,0.4999523810014444,0.4983038847416983,0.494285265857347,0.5004370169500185,0.5148836429729665,0.49070565219491336,0.49706744006018866,0.5034617390575864
0.8797318605972942,0.4762738224051264,0.31589399187644274,0.49241944593209164,0.49953597438793873,0.4935771075583132,0.49571672941076245,0.4977224972117875,0.4950360790776702,0.4912266635199961,0.5003895091071089,0.5121506351158851,0.5000023816739053,0.5032416707801548
0.8698422312563914,0.49454239842418474,0.32911196220620276,0.4986999634000586,0.49961903330430485,0.4938170663350448,0.5013208456034661,0.5045062368311578,0.5080900954462473,0.49822256354700656,0.49965654624802297,0.5128082820794885,0.5171459053408515,0.496871005033169
0.9687804614803348,0.24850533946550032,0.15985498863681807,0.4955584216312109,0.5039586888870081,0.4951417445077101,0.49348488095248966,0.49754629709657283,0.49704568362383383,0.49521435340567516,0.500002622845751,0.49833331414409776,0.50175061662351,0.4994607637228006
0.8181417640149562,0.5759961768730069,0.3905187425926846,0.5164182598615322,0.4958535942211576,0.4969627761389802,0.49561396967366256,0.49826536853752507,0.4959344776412671,0.49837654377134255,0.4999991769940403,0.48931244328858475,0.48971710119994194,0.5025026457410023
0.7546436989941843,0.6565361889630202,0.45581226164009775,0.5064469470127064,0.5033411780542965,0.49693206820069713,0.5013304169671607,0.5042520202436812,0.5082733979972439,0.5009205814690358,0.4995426602417996,0.5097750554197024,0.4977309293634107,0.5033482251730294
0.41930782980874237,0.9081060575716499,0.724615509626961,0.4998853766789368,0.5026724088842914,0.4945799669112382,0.50180391144136,0.4974991125055854,0.505634714466675,0.49536545460905157,0.5012884305421553,0.5091969171484703,0.4942945004562379,0.4955569818566721
0.5771550701512758,0.8169523225630294,0.6084423512617774,0.5059862557247432,0.5026625585403662,0.5018509269035423,0.4966127067640339,0.4982996445295531,0.49617875369823555,0.49836660612019595,0.49936076672351576,0.5126347567014596,0.4970246991582261,0.5035523401052564
0.6788368849905201,0.734707506747929,0.5251494314182585,0.4954718270578112,0.49976198932209615,0.5025093329796734,0.49326988192293275,0.4875102987201859,0.49403804031956255,0.4995919199110639,0.49758174362374963,0.5049505529913934,0.49974339323741024,0.5036045919013008
0.6040343948382574,0.7974150674249614,0.5872934943322627,0.49371348286331906,0.4959454643775461,0.49424018773753914,0.5028693855586236,0.4982891602463838,0.5030590277502917,0.4953793340536017,0.5004926600209654,0.5111102167880746,0.5097890546610063,0.5036871261550333
0.3434823862671044,0.9394577654233845,0.776852147357144,0.5059704838903245,0.49919511890576623,0.49693206820069713,0.5058572294977538,0.49803049735471616,0.5082733979972439,0.5008796013886502,0.503987131047761,0.5097750554197024,0.4977309293634107,0.5032815846583734
0.024082185572991646,0.9999262218783087,0.9846706367210669,0.4995770818312647,0.4997151965491844,0.4934621874591256,0.49683373574800643,0.5046895074265257,0.49516361436161965,0.5008518034611505,0.5001450147014362,0.5097041168148138,0.49822961543386574,0.4955597274060753
0.28448697046137966,0.9588760984106863,0.8163890278970871,0.4918521111167223,0.5026607530186257,0.5020004518637122,0.5009774492705451,0.4988808846120099,0.4970679089073392,0.49686298652523614,0.49087739596044444,0.4986207574068348,0.5004468735208574,0.5021557570368365
0.8487314477983724,0.5292018243784349,0.35493781093700394,0.5062198470644664,0.50288806794715,0.5020069930693221,0.49581953358077124,0.5060133058061127,0.4984967993068376,0.4978523708589371,0.5003727757276292,0.5081245053126375,0.4975652156311549,0.5040202606480733
0.6963391241045793,0.7181029497897384,0.5097948079502933,0.49248249019999196,0.4997151965491844,0.4933363146706686,0.5018590465919825,0.49357552415104916,0.4950917317309831,0.4979852871530417,0.4974928766990484,0.4910683187131719,0.49945958412344066,0.4955569818566721
0.9271330812841182,0.37551239818512466,0.244991056638797,0.4912219043501273,0.5028483613245427,0.49364800166988443,0.49518100911525953,0.5006114900789438,0.4957844745819149,0.49834820021022347,0.5008559070559672,0.5044270383474884,0.49065271188120924,0.5039112978241422
0.1430263522719614,0.9899903913667731,0.9086579789316233,0.4976744065106219,0.5033939175075587,0.5022399432495975,0.4967355956648218,0.5052839736059678,0.5083270741742045,0.5051926152528756,0.5013180138978497,0.5097094940201081,0.49820934811912065,0.4964394227823286
