0.3156617350073279,0.949373160738984,0.7956477424636308,0.5114546005124994,0.4989407544359563,0.5010411301268252,0.5033307242778358,0.5008095715822182,0.5147200533721213,0.5085974232648687,0.502640056975189,0.5020105633302202,0.49556632306260895,0.5030533749504235
0.8951030647446272,0.4463576665540982,0.2944875870851314,0.5007366274918883,0.49768452934665297,0.5042733767026217,0.5011955504287889,0.501655819065496,0.4890179093170796,0.5027961913979412,0.5003367898987883,0.492746236996071,0.4972864125823593,0.5023347117343219
0.7069415725465515,0.7076450364573872,0.5003165864818864,0.5078156950013223,0.49893436866752383,0.5046141280271161,0.5004020128793977,0.5055809432298434,0.5048685554073377,0.500155261790284,0.5023197684468986,0.5051871904948121,0.5068511549027223,0.4932077562531182
0.19325514506740876,0.9814276412270903,0.8762253065541532,0.5014833611452664,0.4969700418603887,0.5010143070839,0.4958913344188901,0.4990328872348335,0.4957228267114749,0.5009341452286417,0.49898487567735256,0.4884786774309243,0.506839219417847,0.4933738279035985
0.9492440105814488,0.31548749068185883,0.20427296100527842,0.4946736449111389,0.4986848013175454,0.5009543540075186,0.49650872035275617,0.49938987708654153,0.5041261227925611,0.5003797119686755,0.5116203812080283,0.5085658529154077,0.49534001714651976,0.5027140823078393
0.813853393098145,0.5813506325774244,0.39487695758570474,0.5017075510208621,0.49849825272200116,0.4985274728614904,0.5027976551762784,0.5015481753914284,0.49302666083954316,0.5039267666461245,0.5024700170672539,0.5026076319256233,0.5077852779920088,0.5027959225482044
0.0893211555457562,0.9961664770807899,0.9430698026997211,0.49487844880132015,0.49597780990453283,0.4985394773855909,0.5038383368574995,0.5013890377234043,0.49271449592656985,0.5001852991839406,0.49855613270713284,0.5032554391204457,0.5058899459146154,0.5011204826585269
0.4473971341193565,0.8944861177568606,0.7047450445349092,0.5016072048811905,0.49607354331907905,0.5011480977234865,0.5027456427207264,0.5016416364431531,0.49847010987416773,0.5065055689497054,0.49849106728737286,0.5043005331633897,0.5056984323420264,0.502708827440074
0.5807820307277235,0.814731724945709,0.6057422737011574,0.48881117834360777,0.49894175219851306,0.5010834348011607,0.5158896981859408,0.5060547370884791,0.49712458030995244,0.5057005633425128,0.5025297613757066,0.5020249976695083,0.5086386613565569,0.5022601857593216
3.0093726389448987E-6,1.000142131148378,0.9999980844461356,0.49568112890347304,0.49768243648699473,0.5045823033064346,0.5031785610229063,0.5018300881837594,0.4975125959611807,0.5003145696176512,0.5024413343924725,0.4925365527350166,0.5017799514072954,0.5035411734763058
0.9959258099677727,0.09256883469852924,0.059002706187087584,0.49467838976073353,0.4980847777154668,0.5013255461863027,0.5028471308761475,0.4987748878936188,0.4958321631521119,0.5011737625381861,0.5030345108775349,0.4903245426218228,0.5067781322818715,0.49722258392215385
0.9809499814177642,0.19561003677424563,0.12530396775567082,0.4907499143581289,0.49779625405394906,0.5012305181704532,0.5027080650108868,0.4981123352311139,0.49734317064126576,0.5002938470125488,0.49409444558091026,0.49060773110628725,0.5043097471584884,0.5033764956586191
1.0001173608103977,1.7638916153658377E-6,1.1227965063462242E-6,0.49302351561972746,0.4983917570860732,0.50223459729351,0.5006398347085187,0.49903775983644627,0.497928377358414,0.5002764668862515,0.4946499874407782,0.5022221278321173,0.5045313235721807,0.49885419084760013
0.9560993201591687,0.29449553856039845,0.19021955516579708,0.49466899962422056,0.4986848013175454,0.5009513104117396,0.49652552437765557,0.49938987708654153,0.5041261227925611,0.5006445544000195,0.5116203812080283,0.5142132427457456,0.495386663664346,0.5027209959746866
0.9999200646705941,0.02050383174170883,0.013052358997991488,0.4946025752103188,0.49806795758273237,0.5010590372770294,0.5023280823368436,0.4987748878936188,0.49589544245840267,0.5012142124780047,0.5030345108775349,0.5025798997895582,0.5068394346672558,0.49710313623315927
0.6028457781496693,0.7993233113102103,0.5886286449293986,0.5018724294995955,0.4962273475888273,0.500886556098799,0.5011165484808597,0.533054941257459,0.49823641533474095,0.500925954768778,0.49479344948361564,0.5021903545173211,0.5045574938406626,0.49918445659979127
0.27561303328976017,0.961575096250771,0.8222920803078941,0.4917534425818867,0.4984979479410015,0.504235450258628,0.5039619762416532,0.4991629212627375,0.4960395861022621,0.4910332427680827,0.4990347315008578,0.5012959522968298,0.5093192290080188,0.5021013799429128
0.1185209900175649,0.9941238875236911,0.9244577713333986,0.5019992518842866,0.49838013776545825,0.4805867910648266,0.5010745826451767,0.5050005154947929,0.50423240572885,0.5003262577796603,0.5118070652566331,0.5225726872466199,0.5088122703787251,0.5031344096334843
0.772885530997185,0.635258249350295,0.4379758980398817,0.5012910151989491,0.49957377805962566,0.5047547611136659,0.4836507513231081,0.49183169730033904,0.49585072914617273,0.5012381909686019,0.49891829145054906,0.4923355875194152,0.4972272697029901,0.5027595640666109
0.0033299792941618275,1.000101616081669,0.9978802925702832,0.4931739805463382,0.4988756772395048,0.4976494828026007,0.5035590559454619,0.4980638159116755,0.4995586313769253,0.5038181055018686,0.4977330731841831,0.5026305595335058,0.5017890980179898,0.5027070673002996
0.4506343794795681,0.8928245971197801,0.7024289126553457,0.5016072048811905,0.49607827546962907,0.5011204210240847,0.5027762184264775,0.5016397232575222,0.5042643975989604,0.5004710556165174,0.49849106728737286,0.5043005331633897,0.5054125831577755,0.5023362960341308
0.9938530169128025,0.11353963701928797,0.07241469551185342,0.4941179731243071,0.49172213303661977,0.4928592450113623,0.49188957529329996,0.49895642867389384,0.49671610716303716,0.4973828656946421,0.49809616199435763,0.5008599563508295,0.504573015351952,0.4926791987121207
0.715901303881418,0.6987856373910754,0.49229819701348987,0.5013348682071447,0.49876067734410046,0.509640566980709,0.5027893196376694,0.5061265670550251,0.4959473978009975,0.5131591518758223,0.4983160922574967,0.503337498140045,0.5074435117515054,0.5027199507667949
0.9797115274864383,0.20125402765764366,0.12898125134043392,0.5015598468454383,0.4980702217228564,0.5059849585532986,0.5058168466548124,0.5016746073387328,0.49847010987416773,0.5064356670796367,0.49844058037242095,0.5022913904343324,0.505871996326693,0.5020924190946151
0.9956606912203937,0.0955455742304024,0.06090480120818398,0.4946708673177558,0.49810027071591423,0.5012283964591397,0.5042899733449485,0.49862562038853764,0.4958302913971554,0.5012223995782528,0.5030345108775349,0.49000011071106586,0.5067781472763765,0.4974083862781115
0.9548693902211507,0.29742909739231554,0.19223462090838161,0.501488157000055,0.49620682015575446,0.5049034352427509,0.501041995728141,0.5057792887450833,0.49828400107736553,0.4974444701252477,0.49882170463532555,0.5008349721053063,0.5043952394933962,0.5037136899420366
0.12935274233900151,0.991964574313805,0.9174502187345791,0.5014768452711299,0.49928130499172324,0.5046374531734793,0.4903147847409632,0.501226193437243,0.4959672306886312,0.5001833290139986,0.5023211567877105,0.485536257889763,0.4973707642251434,0.5023559826648164
0.38980528229572853,0.9210837298770871,0.7451308771966635,0.5019025626351556,0.49841126268652597,0.5059213197068552,0.4994660195785773,0.498994896329096,0.4975670299061569,0.506040861854783,0.4990347013241652,0.5023208638074366,0.5084924207769463,0.5028863531713073
0.9831440887687702,0.18407210313436623,0.11782888289668575,0.4909711542476445,0.4973304880805763,0.5047415040060026,0.49599364555742137,0.5052280733251371,0.49734317064126576,0.49725948779335943,0.49801612898768166,0.49441928993784984,0.504273667808972,0.5022289171100117
0.8322250785303581,0.5561410922159525,0.3750349412855615,0.5097328682739288,0.49894878401597087,0.5003826438549989,0.5156562826765851,0.496410423285428,0.4970381041822517,0.4995871314820987,0.4789492808142379,0.49235575967228157,0.5086983333297369,0.502268297400038
0.7135345472005392,0.7033016919165814,0.49540220347524966,0.5416236532855793,0.49710186269499096,0.504639750734381,0.5025481932554989,0.4988072330735695,0.4959268317525327,0.5030252804428023,0.5025752688269138,0.5057827664222393,0.5059318159919645,0.503044454583906
0.999906823926735,0.02175944958310386,0.013851600427903621,0.5011376752381236,0.4977874627984081,0.5009751282361116,0.5023313407075665,0.4989768220461875,0.4973856636094324,0.5009271504428714,0.49801885874607105,0.49059431094577644,0.5043097471584884,0.5033573877754063
0.5985250056196987,0.8030401512363865,0.5922439713335499,0.5013098908760044,0.5012794818855676,0.509572792404845,0.5146827507428278,0.506431162877732,0.4982140548074069,0.5072394800937673,0.5327203599978447,0.5024991966230677,0.5077449986640031,0.5026912378470194
0.03914813288030425,0.9994260507973804,0.9750759541919161,0.4934505903323716,0.49850755370771493,0.504235450258628,0.5039619762416532,0.4991548389796823,0.4960395861022621,0.5013740872306648,0.4990334757901261,0.5017604962541482,0.5093268468692346,0.5021013799429128
0.9053905904314672,0.42660486485151955,0.280322525449879,0.49469562760636504,0.49779379649842165,0.5012686273863531,0.5027462359245196,0.47312165863089234,0.4958636586656212,0.5004329191070745,0.498320189400804,0.5072388349429918,0.5040684929863543,0.49719414584013916
0.24415527914860516,0.9713506149035166,0.8432292300185702,0.5370634492819402,0.49790393543946776,0.5039814508477517,0.5084297595236814,0.503858436208093,0.501573223797934,0.49935909117361393,0.5026628923759972,0.5020699730264127,0.5079297800584576,0.5029405686863863
0.3820421450602949,0.9243788435269346,0.750498715822268,0.501707663317214,0.4985656419090851,0.5003629019122231,0.5036590743536242,0.5049010901499822,0.49708238822314793,0.5071684700120956,0.5045920676921096,0.5032550394472396,0.5086070797487877,0.5028322773840642
0.05304314263481208,0.998904744331406,0.9662263816541974,0.501701461712347,0.4987132529662883,0.5049034352427509,0.5043004838458557,0.4990330017757721,0.4984727713811032,0.5075574461824435,0.49810927277755324,0.5073245892636956,0.5094686962788805,0.492401893934575
0.9641424247114098,0.26698967331765855,0.17198265244600633,0.49466899962422056,0.4986848013175454,0.5009543540075186,0.49650872035275617,0.49938987708654153,0.5041261227925611,0.5003797119686755,0.5116203812080283,0.5142132427457456,0.49534001714651976,0.5027209959746866
0.02628809075722587,0.9998657814821011,0.9832660901852668,0.49568112890347304,0.4973834929523859,0.5011263338831689,0.5036592761386686,0.49962578274240294,0.5051696703825113,0.504073751125896,0.49161478004103887,0.5028264320442174,0.5069336595860879,0.49885759417863673
0.9968600422238121,0.08313813391029115,0.05297150455786786,0.49861564930924696,0.4964582491798224,0.5009591186319566,0.49005850527722467,0.49888031222273865,0.5032342050157367,0.49779488270783456,0.4928068874531326,0.49144148782400937,0.5077911054117664,0.5021011331425453
0.8959313463396067,0.4458236436307962,0.2939484257927421,0.49603450269588906,0.4976735462721544,0.5059195315060458,0.4890154536573646,0.49888167087555424,0.48875613318636413,0.5030049026258265,0.5165536420696388,0.5083512515179789,0.5079297800584576,0.5023226841983082
0.9798010442371501,0.2010413798212575,0.12883720813756727,0.49412936920240713,0.4980702217228564,0.5059849585532986,0.5058168466548124,0.5016746073387328,0.49754390762237444,0.5081282325528403,0.4979658195434922,0.5022913904343324,0.49542813887772064,0.49910581964318257
0.5376752304319287,0.8437033386874576,0.6387939388330063,0.5013257176579934,0.4985268620087676,0.5046187026681026,0.5047956075761395,0.49781964524026134,0.49700957022075404,0.5001662157523141,0.4950514594739712,0.5020162051791482,0.4819190678069793,0.4931134123405906
0.4726240419686569,0.8832043044761642,0.6871964913627036,0.5022372149241838,0.47905102675981415,0.5006615049862408,0.49172548920909964,0.49923809432308025,0.4958613973847111,0.5010041139302529,0.4984830158741058,0.5032152623691181,0.4929647748238276,0.4665847070963116
0.1921602289704813,0.9823319351950817,0.8770196888730094,0.501154513450777,0.4972388730822154,0.5209970941087625,0.49591281476176846,0.49898697614984966,0.4795754163465302,0.49745272936412455,0.49904153924272165,0.5032185970237525,0.49947626714742094,0.4931028862815578
0.7138528930859238,0.7007226870686306,0.4940910129972662,0.5044633317763881,0.4930721028441002,0.5060720572729321,0.5025340142609621,0.5071545622523246,0.5050902100430751,0.5038077704142309,0.5024711776493916,0.5022069785800841,0.5077852779920088,0.5049679480982786
0.8186926508423671,0.5761506866000883,0.3903974155326235,0.5104888018711115,0.49871903016690927,0.50397218007314,0.5032871930970412,0.49901646885083917,0.4950513244117075,0.47019262719399557,0.5025965063557248,0.5022913904343324,0.505871996326693,0.5020924190946151
0.9995440656823651,0.03305367510229296,0.02104455274873296,0.4946025752103188,0.497438996938162,0.5009846539833669,0.5023463547582441,0.4994308689439279,0.4954314756990638,0.5012142124780047,0.5030345108775349,0.5022487307408312,0.5016855305504274,0.49708509026488207
0.29855400019520917,0.9560855851728043,0.8073126347632505,0.49466899962422056,0.4986848013175454,0.5015559111601362,0.49650872035275617,0.49938987708654153,0.5038892184248454,0.500407103255946,0.5366837072051635,0.5142132427457456,0.499525040001984,0.5027209959746866
0.9929693790587109,0.1190315016145535,0.0759519225753814,0.4941455002065138,0.49848212953510956,0.50223459729351,0.5005958103887609,0.49903775983644627,0.497928377358414,0.5002764668862515,0.4980257724701685,0.5022336995614655,0.5045736914044159,0.49885419084760013
0.999797212683742,0.026008137359712344,0.016556918773758533,0.49430594862449984,0.49747696407187847,0.5009847715457689,0.5023635351479403,0.49793177883627093,0.49550909726554526,0.5012142124780047,0.5026447971163994,0.5012971091080164,0.5068394346672558,0.4970476611139707
0.8644337001133756,0.503850465424986,0.33596140928878937,0.49335716689471587,0.49277218827269076,0.5046805080856462,0.48321085986106904,0.5038585363599105,0.5035726818699523,0.5060480370259685,0.5023528829944777,0.5029514858129255,0.5082989274421456,0.502793028694362
0.28720217090915645,0.9582858149139843,0.8146256879786477,0.5011376752381236,0.497794885464144,0.5012301707815273,0.5038551193581177,0.49896332016182166,0.4973856636094324,0.5030027450638433,0.4982347015304004,0.49059431094577644,0.5043097471584884,0.5157702399588426
0.18804973136407777,0.9836714190926731,0.8797475032110545,0.4957405323613799,0.5245893094013359,0.5017414229870616,0.5042102840176194,0.5222576694859076,0.5157719727454074,0.5003145696176512,0.4942945531574101,0.4924799985206832,0.5016194947645105,0.5023364582018013
0.42158440872313785,0.9074037573969573,0.7231130994331181,0.5012795571947108,0.49604485077268407,0.49853332057160044,0.48441214195652843,0.4917126184638212,0.4928993076253315,0.5046653549200456,0.5009659604850742,0.49203106452934225,0.5090992191181374,0.502613272397071
0.7058789979703325,0.7149934211191953,0.5040836477141628,0.45509321042180184,0.5110345383936393,0.5046141280271161,0.5493317145454931,0.5055809432298434,0.5048685554073377,0.5006406581130072,0.5025162797263826,0.5051871904948121,0.5068511549027223,0.4993164686184507
0.9788182294686257,0.20667299445956583,0.13247356527387302,0.5016516638047388,0.4972384353146697,0.50602570012847,0.5012013714030552,0.4990608165415027,0.5036105506195839,0.5079859355640398,0.516026506982827,0.5031242411877468,0.500344333627132,0.502611221851853
0.9485792792933854,0.3172225286333651,0.20545435845825621,0.49567401843642633,0.4993843207636462,0.5047016403674442,0.5023708352669395,0.5055306465529784,0.5017394570549277,0.5073580269336787,0.4992251165479178,0.5032185970237525,0.5079634656319235,0.5027234359286705
0.0412710071419937,0.9992882609196959,0.9737222813678624,0.49568112890347304,0.49768872896145755,0.5017414229870616,0.5031785610229063,0.5018300881837594,0.4982657697457057,0.5003145696176512,0.4942945531574101,0.4925365527350166,0.5016887975744081,0.5023364582018013
0.12868459890508183,0.9920593997559405,0.9178796478491844,0.5005692482988734,0.49619115402648567,0.5009259194832657,0.49005692605964063,0.4997967962188631,0.4959071974450437,0.500024583279781,0.4958638162388814,0.485536257889763,0.4972374822483933,0.5023312915250272
0.8217781636082602,0.5700820274905065,0.3861080936453103,0.5014217579142131,0.4974077681729202,0.5009783772956468,0.5028562866184462,0.49897126864157787,0.4957392349346437,0.5009367217098377,0.49914474098899375,0.49129272590485323,0.5058877811588929,0.5026946842114879
0.7767059773426095,0.630629869224308,0.4341570697028957,0.49097100330596477,0.49779625405394906,0.5012305181704532,0.5082601438896454,0.4981123352311139,0.49734317064126576,0.5003184343236977,0.49409444558091026,0.5059792501243069,0.4976787322780283,0.5154959614492696
0.47876075627795095,0.8782339564006288,0.6822601875979714,0.5015596089829685,0.4968779986314368,0.504680683939965,0.49607876933536377,0.5065347228289457,0.4932701312182883,0.4972947203161272,0.49813803988040806,0.5042868371767628,0.509031014923154,0.5022716458085078
0.9986445476321006,0.05532214286392016,0.035230962593592555,0.4985675358759634,0.4993830283201373,0.5012244014682068,0.502719385519646,0.49888338318341574,0.5046143095406957,0.5072575104734285,0.4990375497375745,0.5037442100095293,0.5045248639154234,0.4926676208656177
1.0001062747342573,4.977675321495242E-4,3.1685495316652323E-4,0.49466899962422056,0.4983912736619217,0.5009548936732744,0.4964812584333843,0.49938987708654153,0.49833183506776846,0.5003797119686755,0.49413619982770113,0.5019662000533286,0.49562586633077077,0.49881032277090204
0.5481977421072939,0.836697034640097,0.6307497551466451,0.5017129753930057,0.49773867916275544,0.5021648176603021,0.5056314568328591,0.5015751151779773,0.48961861490321273,0.502796189379455,0.4981242567045529,0.4932408674705459,0.5086189738516884,0.5023004937104206
0.7275280795763227,0.6887242085958154,0.48256162911579825,0.5013339766134741,0.49596041832035404,0.5097745145778714,0.496547349505292,0.46481083587458016,0.49250111194540935,0.5010475995343229,0.511623309703308,0.4960971896050795,0.5075827233802588,0.4862733515494012
0.0013537250916770107,1.0001035185467873,0.99913828157046,0.49568112890347304,0.4973834929523859,0.5011262163207667,0.5036592761386686,0.4994324174154679,0.5050920488160299,0.504073751125896,0.5029842831581965,0.5028264320442174,0.5017797554692595,0.5011698558149467
0.1281186218516252,0.9920895245022643,0.9182393155380049,0.5011533804783699,0.5053558909073117,0.5046376365753696,0.4955540864372523,0.5011395643813389,0.4959268317525327,0.5031321102113292,0.5025752688269138,0.485536257889763,0.4972279996656494,0.502333290449162
0.9631885955754035,0.2705650204273252,0.1743371915100651,0.5012910151989491,0.4963757238608021,0.5047547611136659,0.4895359469711651,0.4959405603287077,0.49585072914617273,0.5003263944464903,0.4989434850981025,0.4923355875194152,0.4972272697029901,0.5148487318946117
0.24024185400166312,0.9723896189529985,0.8458024979060359,0.5069741430976816,0.49273187717045225,0.46604185515095464,0.5049870173690301,0.5018684982564664,0.49347922625416746,0.5130518333525614,0.49591071475350623,0.5068312909568465,0.5076841730863018,0.5030409923087645
0.9040566681021507,0.42950238063774854,0.28235133492158426,0.5013365188581489,0.49779379649842165,0.5012378975780258,0.5027462359245196,0.473024196655116,0.4958636586656212,0.5073475383020927,0.498320189400804,0.5072388349429918,0.5042307682700986,0.5027087352238792
0.9746109611717413,0.22597719834780355,0.14504618622170834,0.5016516638047388,0.48274920764260726,0.4980468493202799,0.5010577068498641,0.49877306855323594,0.5036105506195839,0.5079671484817484,0.498225310242518,0.5031819370677565,0.5079145648065126,0.502611221851853
0.741596757561597,0.67199626150153,0.46868030750682954,0.49097410361710053,0.4957170216441267,0.4982315009448688,0.5055425293087733,0.5013588780555794,0.4768464705384627,0.5072237671703728,0.4940888086094288,0.5032985162590822,0.4986246727159701,0.4992397559621701
0.8744066974969334,0.4856326229672741,0.3227461019210133,0.49589473382680094,0.49790393543946776,0.5022309895293467,0.5084297595236814,0.503858436208093,0.5017453269985915,0.5002152180925924,0.49460438209616076,0.5021131820983202,0.5079297800584576,0.49885485734936963
0.03247268493420416,0.9996345524340295,0.9793269588120641,0.5004855523185738,0.49622251805059653,0.5009063964133907,0.5027866108085594,0.49973803784386367,0.5048548892847627,0.4999461193546254,0.5022587132051844,0.4926744100008553,0.5068504073601313,0.5030685907319731
0.4643792191596138,0.885778758268683,0.6925970227640469,0.49561345160398423,0.49607354331907905,0.5010896654115536,0.5027456427207264,0.5016416364431531,0.4975049914865003,0.5065055689497054,0.4983871072215612,0.5043005331633897,0.5017781826120095,0.5026722185100018
0.37744750813938266,0.9262611952828943,0.7536590309900972,0.5015260916768206,0.49737118967073024,0.5004250491858968,0.5036588488392673,0.4990705342450766,0.49722310432748007,0.49783444436489566,0.4927412139939133,0.4890589484051689,0.5018587847287144,0.5011247779726229
0.15509584853905045,0.9882566563627541,0.9008979794104879,0.49859736432523916,0.49936544633961055,0.5012037118455372,0.5038383368574995,0.5013890377234043,0.5052001490575986,0.5072789510235505,0.49903933313485604,0.5032554391204457,0.5154773433638685,0.5011547484602984
0.953389377269417,0.3024322411732193,0.1955551406158102,0.49299314521433174,0.4986852847416968,0.5009942426162151,0.49611262183355576,0.49903775983644627,0.497928377358414,0.5002764668862515,0.49880523529127524,0.5103266881749735,0.5045162670742586,0.5027527461965466
0.9837355975675496,0.18081748346241813,0.11572346538553299,0.4907499143581289,0.4973304880805763,0.5047415040060026,0.5003994000672652,0.505203277161629,0.49734317064126576,0.5002891713007128,0.5021680681054901,0.49441928993784984,0.5043014980694045,0.5033800884461689
0.9999815784779984,0.017443584203956104,0.011104008991022984,0.4946025752103188,0.497438996938162,0.5009847715457689,0.5023463547582441,0.499624234270863,0.49550909726554526,0.5012142124780047,0.5030345108775349,0.5022487307408312,0.5068394346672558,0.4970476611139707
0.8167870793523272,0.5783165755066142,0.3922217482764783,0.5101657239645627,0.497103231284796,0.504639750734381,0.5027958018489488,0.4988072330735695,0.4959268317525327,0.5009363870354174,0.5025752688269138,0.5057827664222393,0.5059318159919645,0.5236654802741256
0.13376038662271703,0.9916879031749026,0.9146468710037414,0.5013062553468389,0.4976824183849956,0.5046161403265343,0.4762305390002892,0.5019312336482014,0.4975125959611807,0.5003145696176512,0.4991383004706728,0.4925365527350166,0.5016887975744081,0.5023364582018013
0.9990463240737415,0.04546172834379673,0.028949491587960896,0.4947209457372968,0.4978970420087197,0.501200765725253,0.5023347882083512,0.49943068749592157,0.49568953096741436,0.5010847501404854,0.5023518567444757,0.5019607354547467,0.4982590592658964,0.49708649178698006
0.5845328087702,0.8115507452019755,0.6026228678145077,0.5018724294995955,0.4962273475888273,0.500886556098799,0.50111952752703,0.5044867557637631,0.49823641533474095,0.500925954768778,0.49479344948361564,0.5021903545173211,0.5045599238533377,0.49292737752057914
0.9739513674697752,0.22930629224366603,0.14720437829850436,0.4909456487912161,0.49957377805962566,0.5014142224780103,0.4829170367178185,0.4915621090655431,0.5040962498092967,0.5002710404565773,0.5024317962449334,0.49238844023161166,0.49755097851043056,0.4931251509348641
0.3335993046269763,0.9429896289538461,0.7835318184325082,0.5020778916322075,0.4964582491798224,0.500807328266669,0.49005850527722467,0.49888031222273865,0.5032342050157367,0.49779245554149704,0.4928068874531326,0.5024030270745834,0.5077705826407356,0.5028466702601588
0.24977134972571163,0.9688115316233442,0.8393696144383597,0.5101657239645627,0.49710186269499096,0.504639750734381,0.5038628451579902,0.4988072330735695,0.4959268317525327,0.5030088944591811,0.5025752688269138,0.5057827664222393,0.5059318159919645,0.5154957876262682
0.7099309679196186,0.7059109991078443,0.49819246440454856,0.4931545002364919,0.49852022261297735,0.501062599803277,0.5011881472981534,0.4824264555142837,0.5035589705468119,0.5265513699149281,0.5023232496764768,0.49243097697245314,0.4969375059947699,0.5023157042266514
0.48165462885886523,0.8766336684298892,0.6801555029882718,0.501338369093453,0.4968779986314368,0.504680683939965,0.5004845238452076,0.5065099266654378,0.4932701312182883,0.5003244038234805,0.5022899789982165,0.5042868371767628,0.5090588451835864,0.503422817144665
0.9995240398292302,0.03427257964015911,0.021820442619213898,0.5004862173373086,0.4973784642919063,0.5009063964133907,0.5036634378608895,0.49942963164662874,0.5048548892847627,0.4999461193546254,0.5029765236985894,0.5028294595998025,0.5063182750612989,0.5030685907319731
0.9969226382797217,0.08190521264474346,0.05218622698710213,0.4943340097182423,0.49644923143267444,0.5009520304609366,0.49012115236904014,0.4988071786427601,0.4959268317525327,0.4983948593795721,0.5025752688269138,0.49157512951983195,0.5059318159919645,0.5022292059580233
0.5658632692246433,0.8246387650348899,0.617136310934257,0.49403344267440924,0.49791137340791236,0.5011400267912709,0.5026501523996961,0.5051535624800539,0.4982788753075426,0.5008907598302537,0.49849106728737286,0.5021832366128225,0.5047093826809751,0.502708827440074
0.9518793726413053,0.31543913773401305,0.20371615686032662,0.49420580942796033,0.4993843207636462,0.504697508899611,0.4498143945160921,0.5048822062542943,0.4960164987428205,0.507197823306203,0.4990004350766447,0.49203616039440595,0.49723561545586176,0.4932155300085653
0.9395630726483659,0.3497762172655669,0.22687845355261216,0.5123162330282969,0.5160747560193991,0.4992324371656912,0.4722875375222142,0.5066111384288233,0.5039893596482026,0.47511968460626547,0.495363978245156,0.4864213874717444,0.48098141323836663,0.48847063667163904
0.6473058486270434,0.7646561008763273,0.5527890895746258,0.5116186994796256,0.5287047283281345,0.5049429218078116,0.48375353534440063,0.5067473096378453,0.4863735105060008,0.5147108156508045,0.498765049137223,0.48926919897647486,0.5052643195205602,0.5032948558241884
0.9299483874328157,0.3695861854682525,0.2408242992625209,0.4954269354358665,0.5166107878396691,0.5046395265254021,0.5062695690506275,0.5007197232373943,0.49445756789754564,0.5085469557409102,0.506124954151821,0.5072073063714667,0.48796584334035537,0.5015810182399849
0.7798317650108485,0.6299878912489658,0.43258940788078754,0.49319042173289007,0.516838447430841,0.5044036740923908,0.4794750460037896,0.5118654398617641,0.4980937301960251,0.5080741488396683,0.5376600981460976,0.5010204880120477,0.49006118976803864,0.5031191105084286
0.34484594246334366,0.9398756664199712,0.7761290452316837,0.5129401111321507,0.5187091432515234,0.5011496853628651,0.5045347352517986,0.5009250619616509,0.491962852984925,0.5159843318847918,0.5029874326622756,0.5164241884336431,0.5000704415565451,0.5016870506720131
0.6276614556693415,0.7796411634747717,0.5684854583566118,0.49779833680860663,0.49789766498657895,0.4906194095365376,0.5238100479167308,0.501313511976943,0.4982727750094812,0.49296136213871866,0.4993015993553222,0.5091249656692549,0.5094517558863565,0.5027746305203451
0.41860546304471774,0.9098128199454855,0.725475673707868,0.514266596413205,0.49825215447921867,0.5062335302025345,0.5223008528879759,0.5131598482711069,0.4854554116937991,0.5099093986808394,0.5051938478537915,0.5059960724685946,0.5140032072142778,0.503019515988846
0.7561157770393766,0.6555682428675093,0.4547330471160062,0.514266596413205,0.4984081892395134,0.5012711749297776,0.5010920022710957,0.500908925404073,0.4976028006761063,0.5065301482241978,0.49824019296396777,0.5047400152306524,0.5094829800688786,0.48085487865362514
0.9898313969799748,0.1462356744073121,0.09337745023950288,0.5007110649679533,0.5148891675719357,0.5062316487791917,0.4954007202635041,0.4989581887017259,0.4958858681606667,0.5085633373842724,0.4936658778583422,0.5086312916987245,0.5093054825341635,0.5007960437315087
0.563378827415408,0.8265374144068025,0.6191237835713438,0.5016280856017774,0.4942858300191239,0.49489159076870326,0.4968164223395692,0.4988985970376105,0.5033819962720169,0.505787128929517,0.4922744900110421,0.4907650277188755,0.496974796136974,0.4971599650442005
0.5751454258333014,0.818560311889904,0.6100772603515805,0.5141468042327865,0.4979720793060694,0.49164754756991824,0.500042858371869,0.5016966292478507,0.4975772445307572,0.5065761565077197,0.49824019296396777,0.5059042730089754,0.49748023274789477,0.4932010860814591
0.6549418266483793,0.7573641191963972,0.5460878225310519,0.5098842990584174,0.48515591869786173,0.4804468806796849,0.4826179495972304,0.5017431617558754,0.49596350341754764,0.5058474143208077,0.5119922973925422,0.5054303921113352,0.5062312800183707,0.502372288118109
0.20525956584082602,0.9791287915317896,0.8684473057195408,0.499569958370948,0.5134528007346592,0.5012782207338199,0.4970797739949168,0.5068196315894641,0.5034262931590306,0.5064920674606446,0.4984941725293927,0.5062218453388654,0.5084099801974763,0.5029715512360305
0.6964503810169661,0.7182685810161947,0.50981735371041,0.4941849796585756,0.4973644513726385,0.4967769708349859,0.5128346202688971,0.49905364202749775,0.4938979470981865,0.4982569730529036,0.498098200579284,0.5104290073134522,0.4896794360366547,0.5006249542936121
0.8295186648406588,0.5595820704008392,0.3778118863286114,0.5018977930194025,0.47896702547607034,0.49839111477140363,0.49051886208755485,0.501078083167853,0.49347922625416746,0.5020274741857326,0.4985288382716564,0.5009950357229656,0.5042191025869898,0.5030409923087645
0.8376513561630532,0.5470406585436133,0.3683015723789578,0.4954122072156005,0.4983373065975682,0.5000047346098189,0.5032798792938655,0.4999363729887361,0.4814968532879831,0.5071861245965429,0.5018596747993188,0.5025753282001211,0.49687671761477087,0.5028473820671069
0.7366543421954831,0.6772432723260615,0.4732653730050432,0.5120187311080124,0.49810181590061015,0.5012711749297776,0.5010920022710957,0.500908925404073,0.4957830505464629,0.4975255344558215,0.4979277058237552,0.5047400152306524,0.5094829800688786,0.48085487865362514
0.3943085419084199,0.9192298395369953,0.7420314350596484,0.493353058738804,0.4975508512005934,0.4926810844705866,0.5027866108085594,0.5007712653568428,0.5037881081495499,0.5060305459108598,0.4982297994075948,0.5062201989558442,0.4956978762651299,0.5028598193764647
0.8999152852990941,0.43662341733571425,0.2875762638651051,0.5015744145031737,0.4980861061555691,0.5060313084647501,0.5025268829318142,0.5017906731083294,0.49617568242519355,0.5086498692567126,0.49363791106089977,0.5027465524133591,0.5072195813750988,0.5014272746540738
0.6177056620206955,0.7867819067230863,0.5762710874786878,0.49535545882331083,0.49738924139488117,0.5097526220449697,0.4960329549269529,0.5065347228289457,0.5018129085907077,0.4974748434863038,0.4983637260500929,0.5021607017057765,0.509329846000683,0.5026433477094377
0.49544268828750676,0.8692177344740806,0.6701936445612304,0.49393610236057833,0.4865711673954473,0.5066695409474556,0.4946146603179562,0.5014296221716243,0.495652797337206,0.4984423437186952,0.5023902345596035,0.4895922549776524,0.507841260212405,0.5034439654933087
0.6856717537336936,0.7289797567148099,0.5194833303033463,0.4907660871657568,0.4982920671154565,0.5059602596045014,0.5031587977925119,0.500908925404073,0.49742491043965265,0.47928504461095167,0.49851026728576825,0.4912707241983183,0.5093213363822986,0.49346099880999333
0.5162537024118049,0.8572544477649395,0.6549212190338649,0.49339739320017206,0.49742561711513766,0.5046029968473461,0.4863003021539972,0.49900279632159306,0.4976473438042769,0.5060018647266473,0.5022587132051844,0.4900956740132132,0.4828230554393584,0.5011844806868504
0.7465208070498872,0.6662347230447375,0.46386013670813286,0.49322277699055567,0.49802422996894763,0.5014995879932282,0.5012085123033375,0.4990084835667542,0.49778302387582424,0.5061946432173661,0.4988754439224712,0.49101783482705486,0.5065831100814268,0.4810858399037264
0.5960115352439658,0.8042714266953495,0.5939935563681444,0.49418970142513574,0.5197358774224895,0.5011534376902756,0.5027881434660768,0.501757543726434,0.49579285785839816,0.5071059923308496,0.49861105535827377,0.4791980516345747,0.5078100671695245,0.49357369034598025
0.7659062557414898,0.6440281236702651,0.44510550756621187,0.49322277699055567,0.498020346766786,0.5014995879932282,0.508662152531715,0.49913218456371267,0.49778302387582424,0.5061301968667553,0.4988754439224712,0.48981151340642504,0.5066124160625529,0.48068948239541526
0.7878464596183429,0.6173076249615164,0.42311164188740324,0.48803470670336446,0.5107729933497663,0.5012341167006116,0.48251681724141227,0.5060671193267451,0.5035921145196991,0.48409625042300475,0.499167198847943,0.502167231995428,0.4969614772869578,0.5011429733000484
0.7967120730260716,0.6048345987046868,0.4133826184739742,0.5099363355933781,0.49771025892718496,0.5065691932621069,0.5028017035277632,0.49836678194355494,0.5034887599843838,0.5058474143208077,0.5026772724867097,0.5051765580203466,0.4969480608341176,0.5063388273083803
0.878623169364162,0.4786654957565209,0.3175680623914933,0.4942433079684588,0.4987364083636951,0.5047755714144155,0.5025494369684338,0.5017288411022992,0.4905962360695896,0.50027322199235,0.5024052823247124,0.5163455761066739,0.5093721446193494,0.49423998519301765
0.6645633937940987,0.7482641491496038,0.537671509709262,0.5099363355933781,0.49764112800229476,0.5060775645173959,0.5028766654274148,0.5069661985835257,0.5049697057559451,0.5058660930715296,0.5025414492343292,0.5049323400629192,0.5091271660406484,0.5200084204595864
0.3131462623248843,0.9498694441139327,0.797266778057107,0.5055431172847537,0.4969671199084628,0.5010702389756806,0.5034445217244461,0.49944390417181594,0.5017793988857977,0.5005406335662199,0.5025179037126025,0.5025790185016683,0.5089208648145234,0.5026426467385134
0.14585152651623415,0.9895578824834365,0.9068389774819734,0.49412793829455837,0.49840715370706773,0.5009913987750554,0.5027889916800905,0.499034078321579,0.4957392349346437,0.5003045575613094,0.4990256242172945,0.49007927550517905,0.5086830990134279,0.5029964103503498
0.4767113364604274,0.8795567630576785,0.6838081298692125,0.5015387254123659,0.49927048378690797,0.4935382761060527,0.5100692507614315,0.5099200786216932,0.4958135559437639,0.5065086846614921,0.5016988157545962,0.5062821159092437,0.509039048116757,0.5028995386418998
0.9097460361431622,0.415691064442573,0.27285694356584234,0.49316469993758955,0.4989222021842564,0.5009836088300569,0.4912702507804461,0.501079793077405,0.49617510784971197,0.5036937399355169,0.5030171272865492,0.5020311000417749,0.49778348948296103,0.49323302004952596
0.8568600280804015,0.5164640929618288,0.3453229429455717,0.5139800358262384,0.49648392831090127,0.49423712293865363,0.4958528569817659,0.4989364965266325,0.48930788009043186,0.5023601460575897,0.498331930066922,0.49144148782400937,0.4971000757525221,0.5028888584407877
0.7283031289105993,0.6859574000179233,0.4809440510476185,0.4944230196121893,0.4975442046822778,0.5046266977885265,0.5113101908515434,0.5016738571299046,0.4938186672531542,0.5070305722877192,0.5030285845626108,0.488687344062482,0.5076914987926245,0.5028596455142526
0.9999876820827581,0.01735905766971126,0.011050145593683322,0.4948154212242577,0.49836026596342514,0.5009931583736627,0.5023837718459462,0.4999624175461879,0.4983394820490743,0.5058951409558455,0.494773860750131,0.5026482031383452,0.5046042318166245,0.49698871565699276
0.9177425181592525,0.397933267191492,0.26046178687501065,0.49574317385794503,0.49804362746901915,0.4983445977822946,0.5033269638276073,0.5038909243132155,0.49700957022075404,0.5003708542766219,0.4940979197236359,0.4907788032354798,0.5105771478288839,0.5030568756086954
0.6739428929253731,0.7393853884121315,0.529456885803891,0.49466899962422056,0.49596041832035404,0.5094144018883705,0.49650872035275617,0.5065286248535085,0.5016642516857119,0.505808571029153,0.5115832658928068,0.5045827743662668,0.5075827233802588,0.5027253116774881
0.28432898790737265,0.959032609708885,0.8165137524153029,0.4945505386685434,0.4987403102660619,0.5045907421651661,0.5036563708590908,0.5017790264861844,0.4980938038428994,0.5060909640477707,0.5023443578231324,0.5023028942017838,0.5079217119206598,0.5104899147284916
0.8171956917843112,0.5768631016085255,0.39131651114414495,0.5019799172151443,0.5055657129120833,0.5021994750556606,0.5028591110113784,0.5023279309017563,0.4975397960248262,0.49772545503743193,0.4986895167290329,0.49103745916213515,0.4883617086471326,0.5027977009009037
0.7073804467978243,0.7070753293546933,0.4998626724161664,0.5014915505586671,0.4985207511221399,0.5046083484733132,0.5025142016095442,0.5057876792811627,0.49825999781823027,0.4976255929254265,0.4987807927292718,0.5008405967289008,0.5090116208628463,0.5037092132039402
0.2488322237438141,0.9688797214141918,0.8399591973895263,0.5013099108814715,0.49811773687617117,0.5009913987750554,0.5049591129673611,0.5018661222207226,0.49593311451176486,0.5137167236872919,0.4983160922574967,0.503337498140045,0.5077756415955371,0.5030336525007512
0.9597153842093296,0.2817265019681602,0.1817746017429511,0.5015071896547872,0.49806829512434114,0.49300658386882273,0.49147784680664475,0.49875295200846004,0.4965814481779613,0.5009365311760016,0.49879546647634804,0.5026211757483252,0.5067738389201463,0.5039792901498515
0.8692763522467661,0.4952647914472424,0.3296895384963908,0.49453988332577087,0.49610525451871507,0.5012144201749285,0.4837313642289434,0.49980045552211394,0.4976689311803807,0.499604309052274,0.502346355239979,0.4919269534389251,0.5082989274421456,0.5028071697816815
0.7173304780479537,0.6971111846285641,0.4909002077292249,0.49466899962422056,0.49596041832035404,0.5047099131279944,0.49650872035275617,0.5058149102462546,0.5016642516857119,0.49982936373877185,0.5019545306105581,0.4911099480544933,0.5075827233802588,0.5027205673335504
0.4573304715893693,0.8894628845531093,0.6976596585100099,0.5016072048811905,0.49607354331907905,0.5011475580577307,0.5027731046400983,0.5016416364431531,0.5042643975989604,0.5065055689497054,0.49849106728737286,0.5043005331633897,0.5054125831577755,0.5027209452949121
0.4380013649922656,0.899314809068392,0.7114679196296972,0.5015773249299658,0.4984838476562238,0.504635716268707,0.5027456427207264,0.5016416364431531,0.4984639541562413,0.5066256067617483,0.5017002378795026,0.5103488026912159,0.5102965763389321,0.502708827440074
0.8494642828633509,0.5291718462447564,0.3546749851428189,0.5010952807658619,0.49779625405394906,0.5012305181704532,0.5025939741843773,0.4981123352311139,0.49734317064126576,0.47436253189393573,0.49409444558091026,0.49233669561046367,0.5043097471584884,0.5033917702137103
0.5277026573757418,0.8495997406970526,0.646164366588626,0.5017129753930057,0.49874108862409816,0.5021648176603021,0.5056314568328591,0.5015785490200533,0.5017802087496727,0.5027991852278286,0.4981242567045529,0.5021556712468198,0.5086189738516884,0.5028335799825601
0.6038945190358678,0.7973778906830978,0.5873501715463731,0.49288418190445243,0.4985446991657126,0.5010817279850306,0.5011787705821693,0.505868408276034,0.4959596605846492,0.5057053162751808,0.509628587738852,0.5019791609058506,0.49701482049362755,0.5024187622166899
0.8084725258506602,0.5886308034519164,0.4006391909157838,0.5011953881794701,0.4978261806712465,0.497501482920236,0.5027645450908144,0.4979575157448511,0.49959160754391824,0.5039204304696431,0.49827123901540016,0.501295014187756,0.5019594829653472,0.502961249131408
0.8868261656781283,0.4626266312602831,0.3061055138807148,0.4942000727768871,0.4973856039140433,0.5042733767026217,0.4910033642466611,0.49888857425158406,0.5033168256442294,0.499793734804741,0.49916096693976403,0.49116165423181146,0.49737737047721065,0.5020836678422199
0.3763884067007863,0.9266673324296819,0.7543808577071263,0.5019105720073662,0.5008769369047821,0.5003629019122231,0.5036703585641652,0.5049379301636467,0.49701082628340915,0.5074332744708503,0.5024469874091783,0.4969553542829812,0.5078173968854045,0.5027031497182171
0.968910989681115,0.24844924085717782,0.15979976236146778,0.4941752661197239,0.49713259012635724,0.4921522596837216,0.49188957529329996,0.49895509054569553,0.4973399676537407,0.5005348993802586,0.49809616199435763,0.5012935062774391,0.5045685003217766,0.4926791987121207
