1.000482654736,4.597217274555345E-5,2.925267518570033E-5,0.5027185901231604,0.4965634634695361,0.4922716507146502,0.49253999466527676,0.495025057880554,0.49658803768675586,0.49580429418546806,0.5027768582389915,0.49284165958432646,0.5033202732880372,0.4850299052353503
4.29881182857668E-6,1.0002251669723508,0.99999726390747,0.5072801129336566,0.498227364832202,0.49469074360786897,0.5002024717778741,0.4985966291992115,0.49874182981048537,0.489601218658113,0.5026971020829302,0.5032748688903325,0.5027841861283698,0.5018323727913703
1.0001223826229022,0.008361984110400107,0.005322628983432692,0.5034676971863286,0.4970947678024737,0.5051453844411479,0.5052141546744758,0.49502713122357855,0.4968374271540567,0.4958094405446397,0.5038291802785252,0.5020907246334082,0.5033243555058793,0.5009133810939673
1.0000582001297917,0.014601691066412684,0.009294523816484325,0.503660325303972,0.4971470043478424,0.5051453844411479,0.5056853208284651,0.49502713122357855,0.4968375828139786,0.4958094405446397,0.5038291432870814,0.502370333063259,0.5033243555058793,0.5009133810939673
0.9997038813536141,0.029180047010932162,0.018576822897728724,0.5016708392736048,0.49703446611950375,0.5043332404798898,0.5056377487335476,0.49502704850555557,0.4970488422352454,0.4956963588508429,0.5021668311109992,0.502370333063259,0.5022163762532799,0.5005658789888343
0.9992463126648469,0.04193647425380014,0.02670205588971409,0.5036644760297447,0.4970360474433854,0.5043337560726073,0.5056377487335476,0.5046058606210104,0.4968283364220422,0.4975268674707489,0.5022121046982911,0.5003725119885265,0.5030698020368777,0.5011392980958699
0.9988108727841444,0.05126077971362384,0.03264383724266384,0.50366042661843,0.4970360474433854,0.5043324201006458,0.5056377487335476,0.5046058606210104,0.49682882580426396,0.497526880115945,0.5022121046982911,0.5003723859544474,0.5030697820637251,0.5009086409240804
0.9986396108433694,0.05460529350362004,0.03477553440296903,0.5036644760297447,0.4970360474433854,0.5043337560726073,0.5056377487335476,0.5046058606210104,0.4968288294424954,0.4975273890714469,0.5022121046982911,0.502370333063259,0.5030697820637251,0.5011392980958699
0.9964062990107696,0.08602560471708524,0.054827166556228185,0.5036604212003476,0.4971063903819169,0.5051453844411479,0.5050388414470609,0.5010178341195013,0.496828829434898,0.49770944213483737,0.5022121046982911,0.502370333063259,0.5032566569601927,0.501363480620072
0.9952545406101267,0.09845972156270323,0.06277601169914745,0.5036604212003476,0.4971063903819169,0.5051453844411479,0.5050388414470609,0.5010178341195013,0.496828829434898,0.49770944213483737,0.5022121046982911,0.502370333063259,0.5032566569601927,0.501363480620072
0.9940385386163394,0.11045916123953933,0.07045317624196958,0.5036604212003476,0.4971063903819169,0.5051453844411479,0.5050388414470609,0.5066675927628674,0.49683368544449785,0.4976999778521508,0.5022728975826861,0.5023536044220055,0.5032781540709321,0.501431135718745
0.9926721793572488,0.12324432613115517,0.07863656466766043,0.5036615299709355,0.4935034784424847,0.4993263922603754,0.5066847970037713,0.5068358933778312,0.4963989586140815,0.4916043138314601,0.4932476093188348,0.5022544034240602,0.5032452456435037,0.5011923237706691
0.9914219005398944,0.13308287313590517,0.08494844458377902,0.5036421341058125,0.49687312865375494,0.4995976265735544,0.5067314748566417,0.5066961628699952,0.49972352425738836,0.4916043195002563,0.4932476093188348,0.49831385389640137,0.5019009014009513,0.49115705139837246
0.9894612612526883,0.1465664780908316,0.09362016107823491,0.4949560835093251,0.49702906734933805,0.49959730057941304,0.4975912736581336,0.5010384232547171,0.4963989586140815,0.49156884359470665,0.4930808123577751,0.498313853659417,0.501900714378139,0.4911719776979627
0.9872062904831094,0.16145570570783085,0.10320425400274803,0.5036421341058125,0.49704625609719516,0.49959799918704945,0.507361615726726,0.5066961628699952,0.49963839020518475,0.4916043195002563,0.4932476093188348,0.49831385389640137,0.5019009014009513,0.49115705139837246
0.9850754595652832,0.17279071492348258,0.1105439973186859,0.5044694121277474,0.496921660245054,0.494088294952772,0.5004918380757848,0.5007226997537894,0.5002532716354608,0.5013289382919283,0.5046274443770856,0.49823173726131204,0.5018714798940325,0.5044835856778065
0.9820961918512868,0.18925832734857698,0.1211963715776618,0.503477516310978,0.496921660245054,0.4940888800075065,0.49184022008061895,0.500722457064816,0.4963967418736409,0.5013293997483024,0.49897622783636203,0.49823173726131204,0.5018714798940325,0.5044458805364221
0.9804035734501202,0.19819781149970864,0.12698721712161737,0.5044955611951428,0.4970385410767294,0.4940839540432147,0.49166581001834697,0.500722485631544,0.49251525552919395,0.5009665187374265,0.5027108978199771,0.4981506156805801,0.5025958329381994,0.5053214586014503
0.976396499191339,0.21696522780768895,0.13920166026194702,0.5034234008621638,0.502520735526437,0.48958487009140333,0.5039410761008901,0.5007366890324848,0.5004066565516874,0.4982253126912204,0.4991177725883759,0.5022770927985416,0.5068597785866555,0.5036105342066083
0.9733602433321269,0.23065147290005397,0.14812390855230712,0.5034111573891886,0.5025254441339545,0.4858840879651383,0.5056195012756112,0.5007366472141304,0.5008345817207454,0.5009899255813078,0.4991194774018779,0.49823686283220886,0.5063656200632121,0.504427994661898
0.9706310197082462,0.24122569602511473,0.15507394286391374,0.5034799303839281,0.4969701589539305,0.5051309663252923,0.5056195012756112,0.4951664580362987,0.5008345817207454,0.5010773202158134,0.4991194774018779,0.5021127473422116,0.5068930976256091,0.5001565708270551
0.9659096108222708,0.25956065304463805,0.1671252926552367,0.5034176291507436,0.5025196105945171,0.509206614855909,0.5049727087854198,0.5008707483502994,0.5007779054041325,0.5010776406622879,0.4991008638978264,0.5021630593726215,0.4953760971467645,0.5044303776927146
0.9638082051445656,0.2674442149477126,0.1723182348825672,0.5030990187083583,0.5020845130700875,0.4968023380173304,0.5049397531811676,0.49643523947435386,0.49694566965830106,0.49406961822595,0.49098212732360225,0.5021115584728113,0.49532172305853933,0.5035858642549188
0.9575405475456505,0.2891755741989522,0.18671360567347836,0.4944615338677763,0.5020845130700875,0.4968023380173304,0.5053855434015058,0.49650891499028427,0.49694566965830106,0.49406961822595,0.4908995853016083,0.5021626839000881,0.49532172305853933,0.5035858642549188
0.9526751498112934,0.30453017544154337,0.19696546356770506,0.49447586711509006,0.500772875550768,0.5009764512421795,0.5056234153709374,0.4964342440512164,0.4969440645634935,0.4941027435859404,0.5020426255799945,0.5022941278294211,0.49533506069773847,0.5035430622339584
0.9482095821306599,0.31886791868605385,0.20652199820212352,0.49512149739560696,0.5103629197591019,0.4964503715951189,0.5049547344381256,0.5013159461178088,0.49843969831759344,0.49327381983104585,0.5080103960720115,0.5021481875594549,0.4953367061315192,0.49101498054034715
0.942094407395409,0.3362489688739353,0.21824796979821304,0.49487024792444134,0.4958873174611293,0.4966659087151145,0.50374140842605,0.5013101721097759,0.49383341554664995,0.493269967361358,0.5074750578716388,0.5021477847391786,0.5028016435515904,0.4910079570979571
0.9374637174050955,0.3486964509735068,0.22670056326572186,0.5064831234373057,0.5081599827229215,0.5012935022852446,0.5060271009651923,0.5014007741859622,0.5038039203405184,0.4942852552362297,0.5000011896542159,0.5021581094620624,0.502877963176438,0.5022471439088707
0.9305918920474794,0.36669955726328435,0.23896567281155867,0.5064441143986331,0.508204964765041,0.501292075768037,0.5038402018661614,0.5014014725946623,0.5075520842469335,0.49426385562681957,0.5000103200717136,0.5023114617583752,0.50278978947984,0.5021442540327975
0.9240814247869771,0.38267349014854446,0.2499449766687173,0.5065275679798972,0.4948155439071887,0.5012935022852446,0.5060271009651923,0.5013137929959641,0.5038039203405184,0.49355820836344505,0.5000011896542159,0.5021581094620624,0.502877963176438,0.5021456190746998
0.9200166849145711,0.39258820838825015,0.25676492088751457,0.49415240228370905,0.49481608965930823,0.5011736969635012,0.5038410324993736,0.5013137929959641,0.507979197071652,0.49426351129314416,0.4907924489715221,0.5023181904911371,0.5027940661772019,0.5021454868464194
0.9111424566242831,0.41242601081321195,0.27059720331798176,0.4965918614728217,0.49467066556216543,0.5012161162884698,0.5038377370146891,0.5011731351263421,0.49463310829212365,0.4943296052892268,0.4991000447329002,0.5025044466639487,0.5028804438444067,0.5019872511049256
0.9026573638426814,0.4310689477132072,0.28363402973046387,0.4966155315671124,0.504776087149102,0.49663109990589605,0.4990227295596541,0.5106874297046872,0.5082992695209062,0.5010664875698235,0.49223584514473967,0.5025276991521274,0.5021399976608037,0.5018091212342252
0.8946887206485231,0.4472528054631403,0.29511511614992475,0.4972609882033086,0.49501407130876907,0.49658118051758465,0.503638218298659,0.5105779341524574,0.4981969680020231,0.5008488470080975,0.49223584514473967,0.50255470428932,0.5028680113142029,0.5018091213319072
0.8866384240001687,0.46299496671619306,0.30636863018444677,0.5055722297034715,0.49513182008156176,0.4965812835699725,0.5076409389330989,0.510220927316964,0.4984184106260515,0.5008493084282417,0.5011829261285116,0.5004162894146795,0.5028679310684022,0.5019179599002447
0.8782537871977655,0.47900574956252,0.31787066028246086,0.5005312894034821,0.5089521422904821,0.49631226659939537,0.4880039927598418,0.4968751606840103,0.49648447732360934,0.4940654753831178,0.5011444169518368,0.5022905661338342,0.49599469102406746,0.4916233383157997
0.8676407967727038,0.49788639378178734,0.3316544239565344,0.5004984349129962,0.5025938876679216,0.5086206576259892,0.4880970087063531,0.49652723566620705,0.4964636941629547,0.5006207882592505,0.49092794958147,0.5032904632623719,0.4979000832758001,0.4995716591496225
0.8617228342983558,0.5080421957390477,0.3391349067220206,0.5005694262321813,0.5089853924469891,0.5088204982564496,0.4880980318103516,0.49912333357564703,0.4964636941629547,0.5008287391101943,0.5015333929642126,0.5038822255219789,0.4979000832758001,0.4995660713941529
0.8497620262290632,0.5279747801633892,0.3539282449306595,0.5037394002478248,0.5006969346112407,0.5032121965982385,0.4988608489182855,0.5075540522753281,0.49651562255547504,0.5101843960704815,0.49098566661217957,0.511776261273671,0.5026793847773571,0.5004638015196656
0.8388632170056125,0.5454405563481034,0.36702759760704406,0.5169987661711425,0.5024088712544201,0.49328610939759354,0.4989346640943942,0.48503477581950577,0.4963707444433806,0.5006733170393695,0.5007185522820804,0.503831888521258,0.4979198930944876,0.4995659309912
0.8282460225693421,0.5613962769783448,0.37922163050412966,0.5170027668105188,0.5024159086306655,0.5032121965982385,0.49893468446672146,0.5075540522753281,0.4965155276553689,0.5075086919519346,0.5006445894612237,0.511776261273671,0.5026793847773571,0.5004638015196656
0.8172455881228027,0.5768211296702321,0.3912763754228375,0.5050415980112397,0.49987391461796093,0.48734938764654323,0.4989346640943942,0.49734373300105483,0.4963936097114328,0.5075497803187725,0.49422178882236284,0.5018075265291543,0.5021517764959373,0.50121818311604
0.812734582892555,0.5837006654041546,0.3965073383165758,0.5170268354665863,0.5007776935575885,0.5030879095696312,0.49094983743034204,0.49718047100247514,0.495713857201735,0.5075497803187725,0.5007851652188079,0.487761928698928,0.5021517764959373,0.5012229781384091
0.7937974147297088,0.6095379400285402,0.4168865724675085,0.5103520420775814,0.5007775363921994,0.5097693596677969,0.49111699334383446,0.497183484566188,0.4957452972698836,0.4822702028362719,0.500767866454643,0.48783923619501857,0.5071173982779817,0.49814313238289865
0.7818883217794711,0.6242867786010727,0.4289453438542786,0.5024092745399826,0.5007592822057464,0.501727718650296,0.4907958430948054,0.4985836471054152,0.49592998295388546,0.4909914025557857,0.4879319060490017,0.48775712907841645,0.5069914973472855,0.49818290123643877
0.7685751911069466,0.640393407452029,0.4422421205829605,0.5024280404753432,0.5066132146124219,0.5016426278781533,0.4915267882729929,0.49855441195208383,0.5015948816583475,0.49125485765607496,0.4879319090326988,0.5003095981274268,0.5071736060120664,0.49819491190287307
0.7556570795002417,0.6557109769655052,0.45499287076118056,0.502465785271871,0.5065486417124637,0.504203265462145,0.511560821288488,0.5008910804591806,0.5014727389819227,0.49125485765607496,0.48800944520688877,0.5002381651669849,0.5077666888252104,0.4981950097693086
0.7419295036298675,0.6712286262429139,0.4681761876463782,0.5026927733836823,0.5053736435044661,0.5001242175784147,0.4915292224774993,0.50075681945558,0.5011864679998919,0.491320239012137,0.4879926704619861,0.48913930312563525,0.5072730155056309,0.4981947288972786
0.7286413053880041,0.685557197092355,0.48061112767726494,0.506943259568916,0.5056343752162069,0.5002228421019458,0.4926528140116742,0.5009175322102455,0.49016304640148217,0.4881853587158334,0.5023914296989331,0.5004813479656507,0.5083138709596539,0.5026567398539307
0.7146969346899464,0.6998859738741909,0.493334709532367,0.5047667635441198,0.5058625412775293,0.5002835519031047,0.49229423772828806,0.4971197321631982,0.5083841830513348,0.4936570253454068,0.5027713623930574,0.5018589207423286,0.507902965076744,0.502650514578565
0.7005967451685357,0.7142049151708763,0.5061230935682913,0.5047656213262148,0.5000769400082563,0.4952962539692177,0.4926595058714873,0.5008277237689225,0.5083857254714431,0.4938756416139153,0.502370329226267,0.5018371765407452,0.4844945129179673,0.5023390338719097
0.6857274326143638,0.7286053639655412,0.5192943136629844,0.5069811006719881,0.5000748733647024,0.49529614184096044,0.49265452287639394,0.5012657029647263,0.496461877622686,0.4880782004765926,0.502370329226267,0.4966109214616299,0.48442089617164885,0.5017059209141974
0.6709857999938053,0.7418820849512451,0.5319181665770242,0.5048961970014018,0.4998741767069015,0.5086277050380239,0.4921194411099628,0.5052991040028054,0.4915901088451152,0.5004863483275749,0.49428814986160025,0.50187149288571,0.4979252534142712,0.5023312139537008
0.6548610774324254,0.7559715216039775,0.5455468938898623,0.5049124689229864,0.4998741767069015,0.4953822477715268,0.49709054309397604,0.5053855700990838,0.49252229786050733,0.5003554275934675,0.5004407295472759,0.5018870611476258,0.4955563970074289,0.5023425772194627
0.640412904065818,0.7685414295235767,0.5577345943368209,0.507898850281485,0.5000815984223265,0.49902224662595024,0.4921195437245742,0.5055391552383751,0.4966842485967266,0.5039666992348262,0.5139080852003094,0.5018869928153498,0.4979185468461858,0.502834803434933
0.6263121840328693,0.7800855557604314,0.5693316205715809,0.5079770230543957,0.5000814926908121,0.4989991380277453,0.4921089947167384,0.5046520157971732,0.4966224928753612,0.5035790847543823,0.5139277738418525,0.5018723438626499,0.49532377671440186,0.5028301119947381
0.6089484559787153,0.7937285735039679,0.5833842731677823,0.507898850281485,0.5043961139408567,0.49902224662595024,0.4921195437245742,0.5055391552383751,0.4966842485967266,0.5039666992348262,0.5139080852003094,0.5018869928153498,0.4979185468461858,0.502834803434933
0.593329161639458,0.8052746647631289,0.595745368479576,0.5048662566763388,0.5047028769852832,0.49192634378878664,0.49693173443887595,0.501716393589412,0.49799088355946397,0.5094194622192224,0.5047102638325947,0.4969047752167978,0.49765914836518643,0.49991821484908794
0.5748483977806236,0.818629620517109,0.6102572929458627,0.5101854249737467,0.4967173022446529,0.4932340836123142,0.5001287321300402,0.5017176156991094,0.4982167481898193,0.5094106218207611,0.5058341553859024,0.49735709008325546,0.49814229929763804,0.5017451874056247
0.5621037847865459,0.8273746502910231,0.6200944611765195,0.5048662566763388,0.5046890230870514,0.49192634378878664,0.49693173443887595,0.5017336443691075,0.49752319502764225,0.5094194622192224,0.5046382323366215,0.4969047752167978,0.49765903575819737,0.5000178065044737
0.5447576325010628,0.8387506575052098,0.6332977864185378,0.4949218125386279,0.49667737575090004,0.49783773667573167,0.5002809102820376,0.5004274967119262,0.49813641832116656,0.5083462849008166,0.5023670365579677,0.49720135341412985,0.49814818737598865,0.500019142497387
0.5289799301138082,0.8491243723351917,0.645314303970395,0.5186692810632422,0.49972495032295416,0.49799196297755155,0.5001685622129869,0.500879319354132,0.4976953751427646,0.4954571068872997,0.5020266792575445,0.5050772912442574,0.49813558962774057,0.5017701814782896
0.5131170363498478,0.8586654065239666,0.6570945938986051,0.5081101021953893,0.49619024737070366,0.4978909412129116,0.49086329405233775,0.5004524525191971,0.49814316954446,0.5102475655581411,0.5023667260326349,0.5018604276297948,0.496838458251508,0.49869469461001026
0.4883709402472148,0.8729979359761139,0.6752950692155032,0.5070718583780661,0.4958329262481403,0.4978948621413876,0.49086344956482203,0.5004592890393403,0.49821288569293515,0.4884502798425723,0.5023618038619898,0.5020845808347906,0.4965718065610842,0.4985945836335297
0.48004606481883194,0.8778712305071734,0.6814316816796456,0.49844318926538067,0.49928227860370206,0.4978575436296188,0.4921922492084396,0.4920957758015654,0.49841387866595466,0.4972272417066853,0.512225477055659,0.49353372855331085,0.49633871334844754,0.4856801355075513
0.46347289826519794,0.8866013733209647,0.6933508707461168,0.5067351680922316,0.49928227860370206,0.4979105573186872,0.49263931180003523,0.49232026028707787,0.4984190512908444,0.4972272417066853,0.5122448375335064,0.4951138856262804,0.49633871334844754,0.49141730603316786
0.4471844029043431,0.8949471715557935,0.704997353926366,0.49916914031167636,0.5025171624255264,0.4995250259318138,0.49218658134067605,0.503831554250909,0.49838691794610757,0.5085144169787587,0.49197905431847205,0.5123763575956234,0.49398767232583013,0.5063502198930634
0.42618516256192224,0.9049966040232061,0.7198122256335219,0.5067351680922316,0.49928227860370206,0.49951511377207186,0.5076807187737604,0.503548103470448,0.4984190512908444,0.4972272417066853,0.5121043422084417,0.4951138856262804,0.49634898296179947,0.4961701330346335
0.41502166018630426,0.9101762513423723,0.727644325259259,0.4990463887567626,0.5025488927258245,0.5081428088439175,0.49075724753487937,0.4960063078195167,0.4969383000848553,0.49408980058769375,0.4970960109444418,0.49354748130572,0.4941925156406583,0.5053525045179336
0.39759330716262675,0.9180017273880708,0.7398023156834038,0.5050917444719931,0.4962254931036234,0.5047072747329215,0.4911625585497176,0.5138935777017738,0.49658081926784137,0.5050510709124875,0.5018487850723408,0.496687193975224,0.49610116928358233,0.501860763380113
0.3792244524436133,0.9257466300421194,0.752488291847313,0.5050917444719931,0.5098816443180999,0.5047072747329215,0.50013390558346,0.5139222165614891,0.49658081926784137,0.5049841516866946,0.5018597468547829,0.4967292214684589,0.49610116928358233,0.5018582900730838
0.36446634489304947,0.9316191810346689,0.7625962240324865,0.5047994165802179,0.5098849637475864,0.504238250722588,0.5001331923288745,0.5129043829436426,0.49658091185171566,0.5050510733876762,0.5018594602394714,0.49672953443996404,0.49608306802366847,0.5017283838685905
0.3508476487701877,0.9365078617937881,0.7718038209652912,0.5035558607113739,0.4971144124350447,0.4996509197961035,0.5000874748755905,0.5008534785754332,0.49654907527316505,0.49606508927300463,0.5018632058072382,0.49833980654133,0.496511604530438,0.501704012138251
0.3339244977672963,0.9428062516652191,0.7832977578237622,0.5039145245224427,0.5096764432360102,0.49948573539610586,0.5000874748755905,0.5065766041583392,0.4996014522600853,0.49529457195811255,0.5018784797971851,0.4967816799519267,0.4982456210733504,0.5016838515836504
0.3195293951835676,0.9479911331018682,0.7930347042671796,0.5066145959251961,0.5100277709169907,0.4979096109529116,0.49254795799916057,0.5017499896475865,0.49851504286272125,0.5094755525189245,0.494138883865996,0.500559360765415,0.5076762338776272,0.500422681463637
0.30297665338101937,0.9535645843744031,0.8041483855288731,0.5066145959251961,0.5099844546922904,0.4979096109529116,0.4940901351008419,0.5128148384386622,0.49851504286272125,0.5094700171109228,0.494138883865996,0.500559360765415,0.5075015551373971,0.5031945254896428
0.28976084628709453,0.957583054623041,0.8129376939220705,0.514981178995871,0.506856294476329,0.5030562707014363,0.4939900919226907,0.5017889537579776,0.49507089777807967,0.5020065010315865,0.4938092597399801,0.49675647710091786,0.5081097898844211,0.5004229096718268
0.2745175657261416,0.9618533255061451,0.8230110983008334,0.493692468073048,0.5022274059102247,0.5032331146524792,0.4928564289073185,0.49655420536298733,0.4969208499922486,0.5065370835039048,0.4927151224043215,0.5030439525819401,0.4956775546369365,0.5030799581206756
0.2589596424280909,0.9662255312099773,0.8332962704289406,0.51039611886283,0.5017382043114863,0.503221758387554,0.4939684543725379,0.5017143576481619,0.4969050934365247,0.5065169691199748,0.49271506205391097,0.5030345220159516,0.4954914900928806,0.5055163494390875
0.24510306231888604,0.9698863424829745,0.842417119365603,0.49379463172875515,0.4893971339581802,0.5032331146524792,0.49396844556259156,0.49655420536298733,0.4969775292092453,0.49896060383834806,0.4927318240407522,0.5073918444155912,0.49564040681011035,0.5055787094207587
0.22855111910186532,0.9739970107390058,0.8532700292168833,0.5102379406295783,0.5094460811977102,0.503221758387554,0.4939684807781758,0.5017148338894616,0.496822437579132,0.5063481790799298,0.49271506205391097,0.5074044659419467,0.4954914900928806,0.5055163494390875
0.21684755692735552,0.9768114145697492,0.8609286883362284,0.4958722456256836,0.5124607656390153,0.5030578110828441,0.4988060996568444,0.5016926891273705,0.49475284873910647,0.5051919083574095,0.4987872834373856,0.5082584377523425,0.5159645559082168,0.5051525206041345
0.19917812931286602,0.9805131880976559,0.872415217381699,0.4973004256456093,0.5124607656820055,0.5030578110528527,0.49870987885800183,0.5016926889973926,0.49475284872148695,0.5053413129227223,0.4990700752988439,0.5082584220682881,0.5154006955246158,0.5003553647944026
0.1844310842101653,0.9833969623557063,0.8819762175190919,0.4973004256456093,0.5124607654079866,0.5030578101114135,0.49870987885800183,0.5016926889973926,0.49475284818920967,0.5056465903392501,0.4990694860742796,0.5082563452363054,0.5153994152283051,0.5001686083593826
0.17546337265994313,0.9851705010152604,0.8877916957623592,0.5051574404956408,0.5124593641181089,0.5030578078751812,0.4988015699460816,0.5016926882907098,0.49475284895911387,0.5107814044494693,0.4990849926688592,0.5082563159955364,0.5154498089460912,0.5051932734873277
0.16134336688456843,0.9870318148912225,0.8968483906228356,0.49718390416825853,0.49432668544756714,0.50305926198352,0.49451945770927963,0.5008574873581519,0.4948098479598189,0.49918550985145604,0.5020252492277198,0.503553644440616,0.5023144859533534,0.49865888153439714
0.1450756487756773,0.9895522166726927,0.9073270478122805,0.4971839580773174,0.4943345645151103,0.5030592620451526,0.49452422647748573,0.5016926889973926,0.494810573973329,0.4993139603977634,0.4990849926688592,0.5035536484097654,0.5023146358708593,0.49865888241701706
0.11617865377286772,0.9933288721493726,0.9258784058430402,0.5042304058876825,0.49741452733752434,0.5030564315714893,0.4945120383621962,0.5008741936111386,0.49481121800185307,0.4992086864747733,0.49920197111457204,0.5001747717867011,0.50230644484227,0.4987681314698044
0.11156233840966027,0.9938837216301858,0.9288380193512015,0.504213354223571,0.4974008539288236,0.5029293264020083,0.49451238173730033,0.5008741936111386,0.49481121800185307,0.5044925256528006,0.5020265273534207,0.5001723051832048,0.5028661440287789,0.49856079996312347
0.09936568997965851,0.9951763743371517,0.9366452058186274,0.49635051289184196,0.49740061148776094,0.5029303419906107,0.4941481717648323,0.5008629757406557,0.4948100363494128,0.5044862099973598,0.5020265241271933,0.5001107257296041,0.5028603834142058,0.49867461325361845
0.086773048799343,0.9963779513920902,0.9446972779764431,0.504213354223571,0.49740061148776094,0.5029298136250464,0.4940629975594588,0.5008740772786848,0.49481121800185307,0.5054354125483129,0.5020288271102407,0.5001723051832048,0.5028661435136982,0.5033686941053593
0.07100353019395615,0.9977146157485084,0.9547704616434692,0.49403524984160574,0.4974726668648437,0.49656790064825557,0.49439886247242454,0.4952265927776567,0.4948875404862692,0.4906693222705968,0.49804958110487796,0.5001779890414277,0.5027066960512064,0.49761553965270766
0.06400042301127733,0.998130289047491,0.9592355485839198,0.5070728613189093,0.501128354091309,0.4943087516923005,0.5002227203092636,0.49884202542847333,0.4927868404079777,0.49557181192256006,0.5026971020829302,0.5025913449090064,0.5025948097168884,0.5016147655497762
0.04768315614959053,0.9991028631452561,0.9696397392402175,0.4940334680159897,0.4974726668648437,0.4965961744226748,0.5002224392173343,0.4985940693814373,0.49275292400440907,0.48940909115020065,0.501902931322217,0.5025831816578971,0.5025948083159442,0.5016628025989182
0.042045973834795955,0.9991740594516485,0.9732263712525556,0.4991181887140939,0.4974726668648437,0.4965961744226748,0.5002224394484576,0.49884074846765325,0.49900122955988563,0.49582924000135287,0.501902931322217,0.5025831816578971,0.5025948083159442,0.5016633203559431
0.025027346877538575,0.9998816286900098,0.9840685364579588,0.4940334680159897,0.4974715885667024,0.49666046467324254,0.5002224392173343,0.4985940693814373,0.49848913586225796,0.48940909115020065,0.5019521891895449,0.5033578485010803,0.5025948083159442,0.5018331675852482
0.00417667311022529,1.000132977198146,0.9973414163035065,0.5072792257372641,0.49824704095097694,0.5053349535880322,0.5050158504300613,0.49859399482023575,0.4988293116229066,0.49799266437519585,0.5019508151766914,0.503278737882439,0.5025930997331406,0.5018333289737171
