1.000491754344749,7.287433760131273E-6,4.637044134836454E-6,0.4931227667543723,0.495665479392525,0.497108935381245,0.5031464290158032,0.49546442196876456,0.49830446419379193,0.49304617575950505,0.5031131180864504,0.5008146837940624,0.4962627714453289,0.48235665500515773
5.181588730875295E-10,1.0005568933744255,0.9999999996703134,0.507986885322858,0.4974386389266385,0.49667149827944956,0.5040961116270347,0.4950409930587372,0.4991445619590361,0.5001743443371662,0.5040749052974411,0.5001797149844872,0.5188721721300856,0.5077804537754773
0.7510057293110727,0.6608048276127659,0.45938142388517805,0.5040792496897967,0.4977532749008923,0.48922685465020704,0.5028716095938883,0.4981095144431716,0.49931112848963305,0.4876804410068776,0.5032311444521923,0.5020059852764914,0.49831267352132314,0.4958611494917318
0.7929447841296422,0.6097478142861993,0.41732300893042035,0.5026569539158515,0.49809963205934765,0.4945334456287428,0.5046059791326104,0.4975998468010909,0.5075878880257444,0.4937383439135591,0.5031348055170165,0.49553488849532806,0.5044541507850784,0.5079345861316016
0.3495208493453201,0.93724965229645,0.7727601869820963,0.5026410942313957,0.4974465842259102,0.511418394345104,0.5046059791326104,0.4965716672400236,0.4994066659966074,0.5012492817532637,0.5045418169567459,0.49561917457244714,0.5044541507850784,0.5078997904937098
0.3731805395719031,0.9279501947353298,0.7565798800012418,0.5080192602304267,0.499989648697176,0.4978462898731009,0.4995214026917936,0.5005537280641488,0.4996093309696527,0.4989491504461015,0.5043031714402268,0.49548996188591155,0.49710277017639526,0.5077222005894216
0.9978525390353822,0.07859893265680673,0.050041996704066505,0.5027444255077331,0.49774382868316547,0.49129827864728626,0.4930308185833633,0.4941339199748655,0.4942913732570758,0.4933459356746453,0.5041614132172898,0.47786724035002437,0.4874668332851124,0.4944455562758104
0.5055294498186081,0.8634715170006647,0.6628073752625908,0.501261175802298,0.5000926787392256,0.5108193260505316,0.5042264193650354,0.49550899963007183,0.4981440708093356,0.49855576469683216,0.5031522655148172,0.5170558230847773,0.49253407077081435,0.5072513773542716
0.04947564346080247,0.9990122835575331,0.9684974245313286,0.5027634322914454,0.4980467622119167,0.4977342605133927,0.5092944525800234,0.5056965831850052,0.49984956820818494,0.5000464768984809,0.5030996332899746,0.49420282926598047,0.4957469504254589,0.4936824310808683
0.8026316913726317,0.5972180330564144,0.40724452086535917,0.5081710587213285,0.5001193742936978,0.5108193846102069,0.5042264838107094,0.49746731330393607,0.5086744835346002,0.49882789254982285,0.5091960004680212,0.5014318877199236,0.5069581138792503,0.5048618328839782
0.7768189350865422,0.6308357596291199,0.43421345952456036,0.5030430598668946,0.4979290451589725,0.516382471931206,0.4820603880020191,0.4962817912689162,0.49860263579706615,0.4989498797138996,0.5039052363057203,0.5008044818344075,0.4942175605942337,0.49447893219805306
0.3191904554592969,0.9480292581920129,0.793246861601767,0.49616380106844066,0.49934302606828407,0.5069326035010222,0.5065375832302845,0.4950750691625504,0.49973171891934526,0.49365232851091934,0.5051541298055684,0.49086383969146974,0.4969680684698226,0.494417603365959
0.7260104630939971,0.6881067714531399,0.4829402663990887,0.4959459340404509,0.49748060683922074,0.49114960247070716,0.4958855583116365,0.4951012397448187,0.49852101318837705,0.4987206242516415,0.5017375383880011,0.4898167854906697,0.4944584592220359,0.49721975045915595
0.9533571784916973,0.3033139331836284,0.1960961267569437,0.4990661571864131,0.49839380395536326,0.5113309987084569,0.4994572428335817,0.49764591724622637,0.49718620999416147,0.49350653587531157,0.5040945335699505,0.49566863344778095,0.4878214677746919,0.5085394549254517
0.08249501140919528,0.99700495117706,0.9474439994447444,0.49914759464688363,0.5001795706524018,0.5115164770440361,0.5094619447823282,0.5056388290156706,0.500628274610123,0.5017011547318599,0.5045051957395359,0.5014667196102639,0.509470102351227,0.5064755281630795
0.9947245070613236,0.10458421348678126,0.0666884766373067,0.4956855140461875,0.49720504934831417,0.4970776160368227,0.4997246832099186,0.49807693944362336,0.4982577237545212,0.4925650435000253,0.5031166575507947,0.4962616528353972,0.4948696072668238,0.5077630651905172
0.9384869089842433,0.34612835145843357,0.2249416341862628,0.4991409497461512,0.5000114847753383,0.48890502063888336,0.5044861189016013,0.49393959566479434,0.49824901947306105,0.4986612782153483,0.5040108226483218,0.5007452117610572,0.49798033658100577,0.5086572426113986
0.29029119424163624,0.9571857879031878,0.8125413798052312,0.5042863819954551,0.4977194215186596,0.5069326035010222,0.5065296616544601,0.5012752670725094,0.5007142821362365,0.4946157470064303,0.5039722531359043,0.5017046125594804,0.5009959874838656,0.5084677163704778
0.8932266767388006,0.45026866973478114,0.29724800162863074,0.4963168543166415,0.49811359876097194,0.49473452020168757,0.49575635321993117,0.49491297035148885,0.49241388357746774,0.49309948988514457,0.5030637096073985,0.5002426206355033,0.5072471599121603,0.5064786316737785
0.03165989764095655,0.9999887834908474,0.9798511874964096,0.5048931213671936,0.5000828038344318,0.4903684634473495,0.5087902193293742,0.49550899963007183,0.4991402357900603,0.5001366283366052,0.5040735790356309,0.508661579740135,0.5109568193786235,0.5079535118144778
0.3917547433409977,0.9203133117590478,0.7437970938234,0.5028452902981303,0.5002552531528213,0.5112225347104741,0.5046738253280406,0.4976617276191469,0.49864595997999606,0.49875548888406795,0.5032350346718079,0.5020160400372913,0.4984802757831743,0.5065207594326707
0.8161304020532294,0.5793336210015613,0.39299109744158134,0.5044923886905233,0.49725486663714097,0.5070555845426252,0.5229046728217357,0.495418807617779,0.49966578071632195,0.49349110958112996,0.505292996001603,0.5011457163572259,0.48811395446906247,0.5034037580549447
0.8549485623939188,0.5196826362954677,0.3477047939838556,0.5016615392261032,0.49781173973045956,0.499899744643015,0.5035956560049186,0.4951253596838692,0.5010262338078346,0.49878238168058103,0.5040149484222144,0.48883244078307686,0.4995704642252541,0.5177654761010478
0.9763575050995259,0.21773694342566907,0.1396864711805509,0.5029552251902593,0.49822122232958477,0.48794118432497435,0.5043750274242877,0.4950216065854812,0.497465828732923,0.498109287249575,0.5048971544706347,0.495435955102374,0.5047943302429427,0.5079111339431867
0.9840623025273953,0.17873168789881116,0.11438010152406747,0.4961329590297321,0.4972089144464204,0.5073756098482505,0.5043993279531471,0.49804338312697666,0.49833925222161457,0.49838715794603966,0.5032318364070276,0.4993354259857068,0.498324287174719,0.5065132683703006
0.9999365827624179,0.021037465392875217,0.013391740188379903,0.49908367478189936,0.4983396071939912,0.5002717210257727,0.49581779657208835,0.49505804300484535,0.49876868939558994,0.49837782283031684,0.5043345480905878,0.4954848905790963,0.5045141028552561,0.5069696776232818
0.48452042545907303,0.8753019219149052,0.6781491902627285,0.5046674172957913,0.4974829546652996,0.48890368334288414,0.504309337370099,0.4949953015183104,0.49937295508625357,0.4880003784550434,0.5048734586995929,0.5007125512437681,0.4983959455160015,0.5095164580021728
0.22798089988009004,0.9740632017638693,0.8536329285823049,0.49652104976447853,0.5000797041371218,0.5063999813702953,0.5036096868906007,0.4981357326929373,0.498565654712699,0.4989553619782636,0.5047523273344701,0.49469685445546197,0.4957406072199425,0.5156702707201031
0.33013008963152457,0.9441980720730652,0.7858699421107673,0.4990201803020936,0.49770868689434755,0.5101092160579223,0.4997634084375108,0.49512427511855583,0.49827220077237117,0.5011556432629946,0.5043945862710852,0.4955555211004889,0.4964736929557121,0.5077363078996351
0.44951253907265276,0.8940564963384474,0.7034191715060517,0.4990338867608353,0.5000095999326326,0.5108258925320234,0.5042608690577178,0.49392252921209023,0.49820203750857806,0.4981601530229895,0.4786627160122736,0.500614885919444,0.49798656731624924,0.5077118696230782
0.7600661716548425,0.650264291896255,0.45053547759346646,0.499109472278449,0.5002378568521695,0.5112225347104741,0.5037717423728444,0.4966392744806436,0.49864487031235477,0.4974614969635403,0.5043371240680308,0.4947913510300346,0.49861592449260417,0.5079767264622894
0.8832422223125356,0.4693644105167159,0.3109628543875571,0.4991327556050802,0.5000788981631175,0.49158355369931117,0.5026344777414657,0.4981357326929373,0.5005539671103466,0.49377612080646355,0.5047523273344701,0.4947945987580462,0.4979418633361269,0.5059070617856911
0.16385494888117152,0.9867898745024013,0.8952460444833241,0.5028404843098048,0.5002378568521695,0.5112225347104741,0.5046736853196729,0.4976543810232311,0.49865785428676257,0.4987469763949492,0.5045418726840067,0.5013729036830145,0.5065890755683298,0.5084017061974637
0.9271005138181677,0.3769769546455176,0.2458623058228049,0.497246345389143,0.4984215826371792,0.4790925974512811,0.504650167712907,0.49391608650153435,0.49861032493321505,0.493485250920794,0.504246177690514,0.49302678690031,0.5120779228467975,0.5071011444641655
0.6203257180781091,0.7849690512482244,0.5742474390463057,0.495713398150087,0.518293251589758,0.4968747084196396,0.5037527943395645,0.49543662738583816,0.49950000015641527,0.4985121205269727,0.504334828642528,0.504457777849336,0.49825842984002305,0.5069448690515799
0.9211802303061996,0.39004539272843913,0.25498591003996474,0.5084040901166048,0.4974727155136217,0.4895796132735137,0.5060067396140988,0.49661611630788755,0.4993519867737107,0.500983933014915,0.5045500122242221,0.5004228693100219,0.49723535400275126,0.5095449016521809
0.8772147953205437,0.4906513986544636,0.3246615221889927,0.4963168543166415,0.49819074047531775,0.507528926839019,0.5110913000516923,0.5007002329264882,0.5013743781499326,0.4933300391236615,0.5027890027501553,0.4322886253063152,0.5077271940602751,0.5146122302795451
0.9730182591256934,0.23435119190049794,0.1504639904842135,0.4990186905963649,0.49927538886838835,0.5001319252966552,0.47368974866168023,0.49487865354124005,0.49877542186703583,0.4931003714793028,0.5043773181564706,0.5002275266370695,0.49655185807666885,0.5064793887793713
0.09570624616672509,0.9959832071994907,0.9390130393280117,0.4990718157625668,0.4906152323488254,0.497108935381245,0.5096334457793572,0.5055784313701523,0.5005831838465049,0.5017922122769712,0.5045020149416815,0.5008146837940624,0.4962627714453289,0.48235665500515773
0.9459861975439714,0.3260803826842007,0.21132239018609933,0.49848214671175894,0.49757556064948877,0.48922685465020704,0.5037755249035951,0.4948801269805634,0.49833787074925945,0.4876804410068776,0.5032311444521923,0.4854961275463226,0.49265226557548414,0.49613614372450926
0.6952445665893826,0.7215018300079279,0.511797439244147,0.499020112980797,0.49927712170366956,0.5000912018216207,0.49541070388688024,0.4951100705503973,0.50722244564293,0.4931003714793028,0.5044310972172015,0.458543104692666,0.4964203630234099,0.5081035193079438
0.7692944373414238,0.6394456800074172,0.44148575269372464,0.502412324050172,0.49757556064948877,0.48922685465020704,0.5037755249035951,0.4976620148167931,0.49833787074925945,0.4876804410068776,0.5032311444521923,0.5020012015870376,0.5043248603289757,0.4958611494917318
0.8212745107109923,0.5720354713674184,0.38731162613017706,0.4968505639686046,0.4975131841352993,0.48793190557014227,0.48185245461936105,0.4951078533302835,0.4986037587711132,0.48592740502166965,0.5063324122389068,0.5059508646168847,0.4941902237440116,0.4942059060681239
0.18938862541109447,0.9822021640407107,0.8787349629606491,0.49907736157222204,0.4984344581417867,0.5078633934676834,0.503742331206029,0.4931575540050322,0.5005250159074236,0.4935754618353923,0.5038526552320862,0.4947580997807712,0.49536897207922015,0.5079530745822827
0.9937259687107952,0.12341039753751383,0.07865879743660296,0.4990661571864131,0.4983816327971034,0.5000578441393703,0.4994708844730893,0.49503783298774623,0.49781043765941685,0.49359203802268764,0.5040914110974203,0.533947437507154,0.4978895821673228,0.48942109290725944
0.24888194836593114,0.9687430940798482,0.8399069109733431,0.49927198692598584,0.4981956592103248,0.5060953855002966,0.5040994520768017,0.4958183689098192,0.5007988447160654,0.49894736261228567,0.50491071142397,0.4988449822547308,0.4932288341800556,0.5073761628336498
0.9911953542499654,0.13571323807889468,0.08662654725469646,0.4963168543166415,0.49819074047531775,0.49444373950389914,0.511359434062846,0.4934934856564628,0.49251125442655885,0.4933300391236615,0.5031480261241285,0.5001618759642091,0.5072471599121603,0.5078069658918719
0.9811232265441208,0.1994665500656691,0.12768728788250394,0.49854115558128476,0.49744909549444216,0.49667149827944956,0.47324724050158523,0.4950409930587372,0.4991445619590361,0.5001743443371662,0.5040776450600257,0.5001797149844872,0.5188721721300856,0.5077804537754773
0.5451407356015379,0.8387459212803777,0.6330916766575575,0.504667575778688,0.49818319471041694,0.5072110305344857,0.5115928637112706,0.5010364411909897,0.49939310873897136,0.4994885085658334,0.5051708400417774,0.49985649006382965,0.49779828797956566,0.509577267530509
0.6369368417618454,0.7713235038120987,0.5605675807735898,0.504581146142933,0.49833979845142046,0.5073969531609205,0.5067098899754379,0.5010414146831605,0.49860467042022794,0.49349585967901444,0.5045443697608912,0.4940428619900885,0.49284118616830086,0.4938363030847327
0.7119897867281751,0.7025637407364197,0.49575787107389957,0.5003739872168474,0.49848488563031723,0.4913081928433686,0.504609436095764,0.5009729965759252,0.499267684621622,0.4974671692722692,0.5077545147424487,0.505678705887115,0.49552330605738437,0.5065612151213282
0.698463876557983,0.7161141485776352,0.5079429546397656,0.4960221836037297,0.4992174150404022,0.4911222506451421,0.495886093355363,0.4962095021784023,0.500692820918458,0.5079211473200504,0.5017375383880011,0.4898142097434979,0.49735132477832683,0.494341148249729
0.8310599198340114,0.5584375851437894,0.3766605949366256,0.5044923886905233,0.49725486663714097,0.5070555845426252,0.5229046728217357,0.495418807617779,0.49966926720471316,0.4933117643384242,0.4794024612218817,0.500964295647656,0.4876892018177159,0.5033284971225653
0.20692421491102028,0.9792189265861911,0.8674227399193729,0.4990543621194276,0.49438500477132946,0.5101824381760603,0.5067008974403174,0.4965215322387646,0.5077335225669519,0.5009436364309786,0.5053275065308744,0.5212942650365486,0.5043813411281354,0.5094066268031315
0.9992747246137604,0.051590299079289484,0.032838087159388935,0.5080394514502367,0.5003727977626493,0.4873211467009278,0.506801696591728,0.4975081716275046,0.49078574693027077,0.4989678460064407,0.49504075226846034,0.5017348639329664,0.5116804870399172,0.5088080023735212
0.4685184589366004,0.8847865389897457,0.6899729689871948,0.4990690674488184,0.49833976742596325,0.4690082364204683,0.5043637723201799,0.4974713265841763,0.5034358752932466,0.4935099017401987,0.4964589009529712,0.5006458470386909,0.4934982627852189,0.5088873323897244
0.988335646032858,0.15385988836108408,0.09831709010711959,0.4990201803020936,0.4972099398779043,0.5100930271917193,0.49965293122296905,0.49650903747229336,0.49827376890014197,0.49849961806895043,0.5043945862710852,0.49543082243071446,0.49654897900368056,0.5077347992908492
0.14381929632379123,0.9903694421673007,0.9081932188351776,0.4990543621194276,0.5000151154625576,0.5101103176359133,0.506633076970001,0.49651301312279766,0.5207342270862825,0.50111228979165,0.5053275065308744,0.5055371709927298,0.5044251235143823,0.5094066268031315
0.5953280651199336,0.8040236731998154,0.5942491204626568,0.5027870902393171,0.5101307558760275,0.5070719631617903,0.4996217468388301,0.5009792188217237,0.4986808387791679,0.49348263700191164,0.5035556810719443,0.5007265038887276,0.48811395446906247,0.5086320309731298
0.9077105196859997,0.4203507571245349,0.27609261801430873,0.4991409497461512,0.5000114847753383,0.4889046728743864,0.5043988957787883,0.49393959566479434,0.49825392445632916,0.49334421965810227,0.5031229505772213,0.500687108697586,0.49798033658100577,0.5086572426113986
0.6316060704299354,0.776247870470384,0.5651771313132121,0.504217162302672,0.4970953448784193,0.4965254207211649,0.5043103526938716,0.49501022002198736,0.49913867388472977,0.49314763015204366,0.50415695863289,0.4780122802284627,0.5050299702176267,0.5093652183820893
0.9482002257892199,0.31954687090564776,0.20693334077124095,0.49865620924879084,0.4972213801454167,0.5125793147811086,0.5035753415063239,0.4948801690254574,0.49834376878187725,0.4934740216864799,0.5031706958735397,0.4855659199714566,0.49264609891400535,0.5084963906196616
0.17783140630131888,0.984852281790216,0.886273173775653,0.4990543621194276,0.49775631063725306,0.5101824381760603,0.506633076970001,0.4965215322387646,0.5213413140128715,0.50111228979165,0.5053275065308744,0.4955000035074325,0.5043813411281354,0.5094066268031315
0.13687113663198008,0.9907387202112966,0.9126038048690719,0.49907698191819844,0.4995425179247602,0.5075333230498867,0.49962450668282815,0.5000719841475235,0.49914109449318766,0.500199554059787,0.5040105079091297,0.5010887992069843,0.49849213159131395,0.5083767305977499
0.9613953526848341,0.2824059902209373,0.18188819145431764,0.49736679307390075,0.49833976742596325,0.4966043061987336,0.49951070499274997,0.4949973622105398,0.4977453477376035,0.5046885978005823,0.5294765573085456,0.4780912848972947,0.49262523172314654,0.4767996983917177
0.6798582160374838,0.7337503249070562,0.5242586075586669,0.5023653993169164,0.4978030529035665,0.5092463760469117,0.5046370722845571,0.4951138971063075,0.49451618026103156,0.4933771117056456,0.5041987561965581,0.5006089790581599,0.49628267699898904,0.5071606340774876
0.8654759405391022,0.5024570273573336,0.33486170980199337,0.49705267380993584,0.5098688669698984,0.49176224276099134,0.5026091607750585,0.5009601036156768,0.4980075417832327,0.4933676187710677,0.4885835892936044,0.49403125527230224,0.4880074109436953,0.5147015723508382
0.725729850491037,0.688314855417492,0.4831592528674058,0.5000937099912226,0.49748290355459773,0.5076826843233113,0.4959172243557957,0.4950787740785769,0.49852101318837705,0.4987206242516415,0.5017375383880011,0.49111101567013554,0.4944584592220359,0.49721975045915595
0.4177917427075847,0.9093165434229383,0.7258139869179459,0.5027581176438113,0.5001073349333313,0.5108410249632647,0.5041601631530666,0.4955906876267169,0.4998138098893651,0.4980758451496805,0.5043891427031953,0.5006500453742986,0.47868834952027967,0.5079689980438248
0.9994406034442546,0.041174755163274915,0.02621251164063379,0.49908367478189936,0.4983396071939912,0.5002718540350171,0.49581779657208835,0.49505762908765755,0.49876868939558994,0.49837782283031684,0.5043345480905878,0.4954903868637862,0.48771336799813275,0.5069696776232818
0.8797593014705748,0.47644670461547073,0.3159824180978013,0.49927198692598584,0.4981479498429197,0.4917544791075427,0.5026312718869949,0.4958183689098192,0.5005522971119742,0.49894736261228567,0.5047579254295144,0.4947514796328671,0.4932288341800556,0.5171761763371843
0.7104076445357778,0.7049213883247432,0.49753227581292836,0.5028640370013603,0.49833979845142046,0.5073969531609205,0.5067098899754379,0.5010414146831605,0.49860454394857107,0.47681818518442637,0.5045443697608912,0.49406009562451275,0.49284118616830086,0.49383816050448365
0.9010788574539632,0.43950227366118466,0.2888984487078916,0.5031802215348073,0.5000675507885903,0.4873211467009278,0.49931984335584445,0.49515291868144806,0.49078574693027077,0.4936789584359205,0.5038302617432167,0.5445293825692747,0.48745646203242016,0.5086524255935247
0.5686937969708339,0.8226943666641393,0.614950395390191,0.5016899213347433,0.4975731932486217,0.4969235485189922,0.503691743034609,0.4973592243166124,0.5004471957220867,0.4987440566327223,0.5044215998110294,0.5055885994538938,0.49982247646014866,0.5052835958871353
0.6495680382171191,0.7607247117249599,0.5500736766131754,0.5052380173329124,0.5007279090811225,0.5076606693038189,0.5067098899754379,0.5010414146831605,0.5003260251695569,0.49349585967901444,0.5045443697608912,0.4940628755309062,0.49284118616830086,0.4938363030847327
0.6586094562219622,0.75355650587809,0.5427388388932888,0.5084444999855645,0.48456205933226093,0.48844068379844663,0.5031739943128304,0.4954680132987939,0.49832839696299536,0.49882217211493995,0.5031091836365669,0.4900941568934466,0.5124537684863959,0.5081021747402465
0.2156348603565981,0.976930958970889,0.861698516938444,0.5026850217617574,0.5000845813342484,0.4904982538200814,0.5042291098866354,0.49550899963007183,0.4958572350339109,0.4910063061265542,0.511476860522198,0.5018296756231714,0.4962292278654834,0.5079535118144778
0.9032819724971674,0.4334538737380362,0.284830480101711,0.5070574529414326,0.5006753046452942,0.4902713175623721,0.504098078127474,0.5010820449139906,0.49914024859432377,0.4936347253279169,0.5040734780711635,0.49392959340646425,0.4601915738720675,0.5074968905129749
0.5909158699326592,0.8073838908551431,0.5977776804467368,0.5046722718715924,0.5000046488324521,0.4908610084909222,0.5096542472365568,0.494995379433782,0.4987709145190181,0.5081354414109072,0.504504084079098,0.5007465197168666,0.5007786913943406,0.5145694866461603
0.2826161971640543,0.959516947496334,0.8176465077983088,0.5084040901166048,0.49772938732624983,0.5066870308077162,0.5060067396140988,0.5011704521028741,0.4993519867737107,0.5011166918436648,0.5045500122242221,0.5004228693100219,0.5009493578830051,0.5095344289909025
0.4262435944790662,0.9051502106325247,0.7198202304292993,0.5045183965053883,0.4983981476954967,0.49012558760800456,0.4961389929915702,0.4950049286173543,0.4982276690915953,0.4983399630012333,0.5041367013721376,0.5010302216298259,0.4981131366657677,0.48261730897277744
0.6088939946213975,0.7944919776864744,0.5837072895509766,0.5042998138008155,0.5187933622478026,0.5095119469908316,0.5105488782035289,0.49802575360595175,0.49929154117723046,0.4984271736554766,0.5075842602945654,0.5165569750446678,0.49853123761719875,0.5083723020591583
0.5189356070243863,0.8552285813206073,0.6527940103038573,0.4990965329818894,0.5000194021175981,0.4913606692137019,0.5001896708838375,0.49480149058096135,0.49982314241939996,0.4908568786138068,0.5039265600367011,0.49475833424559545,0.495592601469246,0.5103209051471556
0.8408496771992902,0.5418341795651297,0.3644142411326253,0.504667575778688,0.4972818249677879,0.5070575671978408,0.5115928637112706,0.49726660648339893,0.4993847767783716,0.4934454279622127,0.5051708400417774,0.5003512456125386,0.49779828797956566,0.5032066631513985
0.915055690015253,0.4036012820503322,0.2644523856297112,0.50421183425782,0.49781535890087675,0.5002850647646407,0.5043077794025433,0.4972283892403668,0.49825470923908327,0.49817219816169184,0.5040147534639331,0.5006776850721333,0.49959644627377836,0.5062040098297824
0.5212998459408231,0.8543790605817333,0.6512280346514285,0.5042792947297506,0.492872330846248,0.4913878207550308,0.5000924601127369,0.49480293925513597,0.49982655781713253,0.4974565096669496,0.5039226760116667,0.5239982890248082,0.5015410387678855,0.5093649819584047
0.11696801788362478,0.9934460598603896,0.9253881009070846,0.49653588880628197,0.5001782792142689,0.511365679465309,0.509126319233754,0.505793640516873,0.4998212925957282,0.49777744403686264,0.5045051957395359,0.5013689753076797,0.4957469504254589,0.5022249774469146
0.11610431444208998,0.9938244247128083,0.9259620107573552,0.4970537884376463,0.5098688669698984,0.49176224276099134,0.5026091607750585,0.5009601036156768,0.49981148806095105,0.4977018334877055,0.48732149960864307,0.5014906917731845,0.49583531895957533,0.5147015723508382
0.982732787911614,0.19049754989920678,0.12189362896935471,0.4960221836037297,0.499215682205121,0.4910918040175924,0.4735200357686553,0.4962095021784023,0.500692820918458,0.5079211473200504,0.5016852375259615,0.4894001368993226,0.49735132477832683,0.49459533083289525
0.8668068452982945,0.5021527399542752,0.33426981807002515,0.49653477417857145,0.5001782792142689,0.511365679465309,0.509126319233754,0.505793640516873,0.4980173463180099,0.5358316387882791,0.5045051957395359,0.49390953880679733,0.48791904240957884,0.5022249774469146
0.6710574819433119,0.7437395210490522,0.5326761945628999,0.5015775761762785,0.4998791711127638,0.49038605718231904,0.5173680200949298,0.4954705669843852,0.46581564551443094,0.49321654174050567,0.5048845895044465,0.49841567281967647,0.4962667359407442,0.5077345293765408
0.43462054105878256,0.9010907857558583,0.7138969464698174,0.49708281345628635,0.4971454574557575,0.49012558760800456,0.4961389929915702,0.4950049286173543,0.49798586549015506,0.4983399630012333,0.49161423070901883,0.4908220416425402,0.49786928848804807,0.48952201586382915
0.5642474858308626,0.8263289576984968,0.6185924055419936,0.5044919640646441,0.4973863390369517,0.5070641204203521,0.5090317410075353,0.4954083785063858,0.5065435483186407,0.5160880971456059,0.508504896631429,0.49461182828159467,0.4982597634383415,0.5034062289827543
0.4795032635222803,0.8789730839360311,0.6820706151165239,0.5046638608665204,0.4974837189544618,0.5070555845426252,0.5229046728217357,0.495418807617779,0.49966926720471316,0.49319289573110187,0.4794024612218817,0.5009616898716617,0.4876892018177159,0.5033284971225653
0.25696452509734097,0.9684545064483542,0.834887324709485,0.4991327556050802,0.5001266075305226,0.505924460092065,0.5041026579312725,0.4981357326929373,0.5008005147144379,0.49377612080646355,0.5049051133289258,0.54227571369068,0.4979418633361269,0.5073778918446862
0.6669088227024703,0.7461334931791064,0.5356558628238763,0.496054171560518,0.49725021129343144,0.49663045487205354,0.504305763156361,0.49437205365570064,0.4986408630535306,0.49314763015204366,0.4915434422674635,0.47809517456796585,0.49566219652137034,0.506112082481224
0.4415723870907491,0.8975635091500632,0.7089366351620152,0.4990683127513564,0.49989714277388503,0.5107694573816763,0.5042244424084315,0.497443720912873,0.5035513705767795,0.49811628348874004,0.5041394302066085,0.5068509756140154,0.4934982627852189,0.49372124392690725
0.7961227514978046,0.60676889407499,0.4145890760887263,0.49547208087920996,0.4969214286988927,0.5084825191683726,0.5090491709598508,0.513843451533089,0.49598579110680524,0.4809170939747656,0.49202201403711415,0.49219340624145325,0.4963763199768718,0.5097989171636222
0.45990434132088226,0.8897854995520622,0.6962985305055207,0.49562123022133314,0.4986840225368613,0.4945687260759246,0.48407783255789216,0.49507109154870654,0.5007621734954176,0.4802881278770343,0.5258218310119737,0.4936227132674167,0.4882075894975567,0.5070687180577761
0.4375963535208519,0.8998627770965255,0.7118522364405014,0.49598359969011596,0.49779991676818675,0.48835076116109893,0.5165676438219499,0.4954144369872521,0.5015105265059786,0.4957616288437701,0.49254632974670454,0.4986692162635464,0.49631791560679317,0.5088474680821268
0.47766882105342734,0.8799472858631372,0.6833912081000344,0.5142910753436336,0.5001193742936978,0.5108193846102069,0.5065218652279045,0.4963048945609529,0.49886435434599746,0.48775592160932896,0.5246818095051129,0.5005490760937267,0.4965610614523133,0.5093046394098409
0.7188500413944692,0.6980999554121519,0.49067788498751247,0.4858270096214094,0.5121863436529726,0.5108943732845137,0.4900535948213205,0.4955905193697703,0.49981022442938755,0.5013405351433042,0.5051970137769044,0.4909653544125237,0.4715250447749594,0.5231224313866436
0.8698431755661883,0.49517089570581185,0.3294591766852887,0.5145678964497395,0.49813890251227966,0.5092264634392161,0.5089858340979472,0.4950522914916366,0.5067856159374368,0.4862875330495353,0.5060045293150988,0.500904545232617,0.48814239533606846,0.5096268932376176
0.8497363607624498,0.5285015155236212,0.35422149712465056,0.4928060338923717,0.49790958683481973,0.4890037097700094,0.5100786741389803,0.4950186435211059,0.49819022062777957,0.4861979825500675,0.5040307031058803,0.5078313445488195,0.4927393184675346,0.4925747462028622
0.9082431469724765,0.41971403059669543,0.27558257524574326,0.502617077829717,0.49664009944353127,0.4898362580925237,0.5104313689534834,0.49546802034411974,0.5116744701791053,0.49622052757036444,0.5042711794081639,0.49389937291674535,0.49737661804051764,0.5082997904616621
0.8191000716776741,0.5746874589436247,0.3894868962731645,0.508046708398431,0.4992000994272734,0.4952828133363777,0.510350127709483,0.4916774442520057,0.4991962016370943,0.4883087312869436,0.5099327390698902,0.5008739366768131,0.4961015869846905,0.5088960959266363
0.41869777211943576,0.9084007940661903,0.725046661721787,0.4955190879690464,0.5024984745338448,0.5074299222498018,0.5040884103690823,0.49559139832320764,0.4988925263540865,0.4985616164295823,0.5054477094409603,0.4945716173855681,0.49610677695190863,0.5073898058946306
0.6282464389582907,0.7784675380434364,0.5677271008272182,0.4990965329818894,0.5000194021175981,0.5072521189733479,0.5035493353033095,0.498096958208549,0.5005629498175068,0.4989590629796026,0.5043571507131228,0.4947894654134788,0.495592601469246,0.5146968194577974
0.3451896936441323,0.9392823796472264,0.7757937353018707,0.49554711874416874,0.5001652778465672,0.5102741721065416,0.4895336275966995,0.49733817707730027,0.4997781952883823,0.4821854554468303,0.5031004496056761,0.4907645425657527,0.4950659407507354,0.5049705466450498
0.8385928319799405,0.5454760396673372,0.36714032349425696,0.5045019617721328,0.497381366680213,0.48951694161453235,0.5035844884485375,0.49517571181494063,0.4975576673699164,0.49351686119734084,0.504374612433249,0.48901680942574927,0.4956125018893788,0.5032850838932861
0.3699913373128859,0.9298835850259715,0.7589209731235063,0.49575420326165337,0.4975260243965818,0.5097931426633246,0.506691963733668,0.49627864699541313,0.49955091392828427,0.48805370154439404,0.5157561867905137,0.5012802193888041,0.5110840241050133,0.5096888342818969
0.6158456686860384,0.7884040851917254,0.5778395118805625,0.5020825303003272,0.4967892932812104,0.4911663210438079,0.5129716890421646,0.49490207662802377,0.49727630595281624,0.49122306439312646,0.5038894630127363,0.498842346481181,0.49532529488121824,0.49630569017216275
0.9182996950524234,0.39714692064645385,0.25986169132289183,0.49650559561997687,0.5001193742936978,0.4890933654231997,0.5043821275050108,0.49804377200931077,0.49839503943510677,0.4880697246251638,0.5046811599699745,0.4936998769983366,0.49104741776675487,0.5076816503120579
6.339950192058255E-8,1.000414946807187,0.9999999596553645,0.5044434030369802,0.49738574612561287,0.48944000993159437,0.5040896584775728,0.49558916187997976,0.4989082522337,0.4986623231411598,0.5056234098731144,0.5001254487380358,0.5050717669510187,0.4865712295747218
0.7467673299774373,0.6653157703340976,0.4633192417769606,0.5049934957945205,0.4977174209768687,0.49782432186781267,0.5043991879447796,0.49804467437118005,0.49832901354785925,0.49851453569225396,0.5039898584298816,0.4999880410440789,0.49804749147716054,0.5083942151350938
0.879514469810366,0.47670173387265485,0.3161993223444648,0.5082185760175257,0.4972677353895804,0.4907083633313404,0.4959104120763259,0.4956862374893781,0.49890971426102243,0.5069034295745649,0.505631397115689,0.49550818033865346,0.5043841718256719,0.5088549793027703
0.39453142851862855,0.9194389198089402,0.7419535439923151,0.5050338482358151,0.49720858528841233,0.507513673615785,0.5039790467547473,0.4979901405636208,0.4948792197395333,0.49847696871338876,0.5040192471389892,0.5169217764728062,0.49851250305796907,0.5082850551813471
0.779167487537776,0.6272822398532873,0.43151559454676974,0.504217453073226,0.5000996968683401,0.510818551267971,0.5043077794025433,0.4975156014413206,0.49942536809538646,0.4980867787968477,0.503986215069866,0.5010996569104765,0.5067471381280385,0.5081404868171018
0.7263365420057969,0.6877342270804684,0.48262541337104764,0.4957861954434026,0.4977617941236223,0.49990499684564543,0.5041095357929608,0.4952239780209776,0.49890154191790514,0.5011186715858545,0.504394817903497,0.49055369668676163,0.492855688133768,0.5068566100260514
0.6458140513870946,0.7642399722535498,0.5533424685117975,0.4954506984126066,0.4974519082621135,0.49673401957275054,0.510408889246982,0.4976686701338803,0.5065687071379078,0.48626114331843884,0.49149073291974404,0.5004136134736534,0.49529723761753613,0.5095323528275799
0.24640855727809133,0.9696935103594991,0.8415816963285564,0.5004898403872795,0.4926298938539346,0.5074371033773142,0.5103982849316278,0.49585833794239276,0.4982660031036709,0.4949584423846012,0.5041631469317509,0.5007570060390624,0.5035500445151687,0.514735385127029
0.7560765686464048,0.6551715012997251,0.4545586435486491,0.4965185178767853,0.4977605770641652,0.5009822489442197,0.5042577594227765,0.4914369226480827,0.49891037771684194,0.49008367765417904,0.5008803927336956,0.49085482195235064,0.4928411673095022,0.4897091783239296
0.6067656140707766,0.795533586536737,0.5851853434181655,0.4950337987004313,0.49936099274280576,0.48996212180917786,0.5040784305114412,0.4946114394962779,0.4961155600142687,0.49137459961715824,0.5092914057442615,0.4936206035235087,0.4952853054377892,0.510426977836261
0.5288548481158769,0.8493430988977082,0.6454554433229704,0.5046829576152745,0.49739684553216335,0.48937637328804756,0.49948240208936795,0.4955731404906847,0.5081190853470774,0.4935425795888616,0.5051489088593576,0.5017012470141846,0.492951589232267,0.48631441265391484
0.20122479183797642,0.9799875339420859,0.871072313462701,0.49515978701532964,0.4993639904750495,0.49002014080237777,0.5040784305114412,0.4945576306526247,0.49618209431538246,0.4909774949446647,0.504314595890844,0.4937187292348049,0.500970124731117,0.510426977836261
0.9898033919908535,0.14641285299896628,0.09349157467020688,0.5052541950417898,0.4995098414253631,0.5073756098482505,0.5044285152475075,0.4981868969305632,0.4988642387070834,0.49859290647339644,0.505294997400743,0.48089412091116746,0.4987253206323891,0.5083942151350938
0.6535474347068554,0.7573727542430075,0.5467626245096143,0.5041871993798063,0.4970944396933115,0.4965254207211649,0.5107392947453384,0.4951499645353729,0.5063721354715397,0.4990665695600587,0.5038925448134539,0.5013682788811997,0.5065312013543931,0.509525866432392
0.574203200790965,0.8190945462166372,0.6107633739736704,0.5042290915280893,0.49283180792540904,0.4895181342633128,0.5001627693883806,0.4950008589716961,0.49819820280830923,0.5008506733949246,0.5047259287129557,0.4929895180897194,0.5043684772125819,0.49627759484540945
0.7061589798930884,0.7085306124607241,0.5010672495076584,0.5026410942313957,0.4981186433446006,0.48715657197892687,0.5046060085870117,0.4965931193957785,0.49924657454777405,0.5009067897159658,0.5046964403459646,0.4922141849216,0.49481705115946367,0.5043348233516995
0.9698833280774163,0.24705328656996012,0.15878603321694973,0.5027979645733007,0.4977489323303454,0.5002793630302916,0.4995617175048902,0.4950342977701304,0.4978819794795579,0.4986813210675631,0.5051708400417774,0.5010849215694713,0.4875220661648039,0.4749706007445164
0.5163720067114175,0.8567277525990413,0.6546837932566174,0.5046043386267626,0.49807927676420255,0.5113381736743328,0.49952406520940784,0.5010190206643105,0.49860467042022794,0.4935790153643334,0.5046978712958788,0.5008552415444046,0.5048956579478234,0.5081574612037267
0.6773733368426488,0.736256290912484,0.5265022710104473,0.5082431411185341,0.4977405194605731,0.5101719031178187,0.5065893746722337,0.4951021112323967,0.49973072702464805,0.4953278027310891,0.4962256780113583,0.4908073329286238,0.5011654979245003,0.5093774364846336
0.9298934144339094,0.3689694171931809,0.2404724859736802,0.49463752423910956,0.49781604576950284,0.5069305212422308,0.5065375832302845,0.4953893962013713,0.49973292476370024,0.49365232851091934,0.5042882476518895,0.5017001834960132,0.4875906625216584,0.5076692315310276
0.3170706652254714,0.9487112983199919,0.7946639504137024,0.5045418016596298,0.49916446626267813,0.507072001528553,0.5061030649317158,0.5010738294442287,0.5006963747285297,0.5077915894842746,0.5051689155370507,0.4946287380576711,0.4971930098022226,0.5076839551994379
0.5883120625033724,0.8093676656102546,0.5998599764214516,0.5027606112402674,0.5000926701209626,0.5108193846102069,0.5042264193650354,0.49499017260243805,0.4981440708093356,0.499019765957174,0.503197391171794,0.5170558230847773,0.49248047180006305,0.5079782065744024
0.7885707253030076,0.6152862842679867,0.42181461185401403,0.4990965329818894,0.5000194021175981,0.5072716050267496,0.5037772302347445,0.49665835084193205,0.5009560637162009,0.4989434395614016,0.5043571507131228,0.4947934075050405,0.49560508059321773,0.5079945004767837
0.8893793969169161,0.458331169570448,0.3029308924203076,0.5013779302936905,0.4976470163129909,0.4884970818537607,0.5041942145828908,0.49524137490255743,0.4992059270460982,0.48758516271701174,0.5030592467758992,0.4888728184951454,0.49832288706945405,0.4922081959192277
0.14689202540098265,0.9893485756449731,0.90616435615659,0.49907698191819844,0.4972077804023561,0.5075303415052527,0.5042252076284156,0.5000232920937634,0.4980129881786149,0.4985415103202721,0.5034773699331071,0.4946158674604946,0.497969340732562,0.5077090491496373
0.49521464189819075,0.8691923585938093,0.6703117303265004,0.5041375072087045,0.5000996968683401,0.5113916665040581,0.5043077794025433,0.4975156014413206,0.5074834036628278,0.4980867787968477,0.5047001293609336,0.5010996569104765,0.5067471381280385,0.5081404868171018
0.8098808832868449,0.5871911039890421,0.39937094874363444,0.5081382656352248,0.49775814867686496,0.5099538839393973,0.5043115351904867,0.4974430967563126,0.49824134402617476,0.4988262888752115,0.5089506268339111,0.5008146837940624,0.4987421293717054,0.5082379157363097
0.7366834552431685,0.6764491145251553,0.4728806942858974,0.501599450232497,0.49757556064948877,0.5001154242626374,0.4997343202578693,0.49732873509660896,0.49982448167363364,0.49823266757275947,0.5043241727582293,0.500643454553398,0.504844501247277,0.5090308908567901
1.0002404975615171,2.331259135809112E-5,1.4837688173174879E-5,0.5042307338821929,0.4977426501933581,0.5099538839393973,0.5043077794025433,0.4974467613906077,0.4983281232778381,0.4984271736554766,0.5041667955912366,0.5008146837940624,0.4987421293717054,0.508274672888837
0.9390575918637015,0.34474783458601443,0.2239916702371122,0.4971153210381596,0.5000139549754342,0.4914591500281525,0.5042931757821757,0.4951100705503973,0.4988550700940889,0.49876927252020214,0.5115671028481498,0.5007627306482013,0.4979578064170701,0.5086643600573209
0.9797187981381411,0.2021737630871838,0.129553658647043,0.49618731408892125,0.4972262640917034,0.4895853764516979,0.5040930342848448,0.49504514712862496,0.499208410419094,0.4936091834764491,0.5032462324451612,0.49111151279587717,0.4962365185139836,0.5066586312422977
0.957026259261248,0.29087413549728414,0.18784313645689715,0.4991077905445975,0.49767792906479774,0.5100986685315313,0.5047000692139704,0.4964983834315791,0.49782901059613144,0.49866528604221466,0.5045418726840067,0.4953560468248849,0.5044661008882694,0.5065054541690995
0.8262845502534844,0.5641911909896932,0.38139394716143216,0.49682706179422553,0.49710160793690555,0.5075333230498867,0.4818904080781118,0.4961801314404554,0.4980129881786149,0.4985415103202721,0.5034779628357547,0.49458736242191975,0.497969340732562,0.5077090491496373
0.6880101655778401,0.7260759961960122,0.517133050415388,0.5000937099912226,0.4973536159180149,0.5076826843233113,0.4959172243557957,0.5066375573020171,0.5007776896460702,0.4987206242516415,0.5019569030616722,0.49084972990816694,0.5069578353251222,0.49732397940865575
0.6976307268580987,0.7167614793938818,0.508610251561759,0.4985130392543102,0.4992174150404022,0.4911252212733079,0.5038636071865857,0.49619595875974937,0.5007677766917069,0.507824956415703,0.5017375383880011,0.5017189981052126,0.497353949981559,0.494341148249729
0.8971224464183287,0.44267164407807097,0.2918149529881502,0.4965101440697353,0.49814559534296593,0.49463152534739085,0.49568949234678056,0.4976008280326697,0.49241388357746774,0.49374901091477846,0.48836091475702664,0.5045456215407732,0.498241341310618,0.5082905960652557
0.8580730810805332,0.5141061381944523,0.3436391449909675,0.49304245321439266,0.4981956592103248,0.4943496784398881,0.5041177397905339,0.4958183689098192,0.4976093675297021,0.4946315763733881,0.504907376623164,0.4988084710248178,0.49326972544109343,0.5085940617347061
