3.664541741186527E-8,1.0001785800424423,0.9999999766749681,0.5020599011048824,0.4957421118990533,0.49903861032037494,0.5028291716175758,0.4973922284624038,0.5049712571444265,0.4927036111868721,0.4981990499278175,0.5035242781219446,0.50140046335029,0.5067009209742861
1.000578027900182,2.8085918887482318E-9,1.7869722090946283E-9,0.49334449502105787,0.499525256082772,0.4982842591091219,0.50271455315685,0.48642386761241313,0.5142752419021065,0.5006562036942738,0.5023632196319873,0.4977489911748788,0.4924829662768838,0.49178342789159396
0.4982881352473681,0.8672978129860419,0.6680151538443433,0.49358979033082073,0.49631545683211314,0.4960695633435872,0.49256262205385887,0.49907919405428947,0.501832058794943,0.4994155598574925,0.49503888659801515,0.4972618568732059,0.4955113942964127,0.5081250930719423
0.8145574786457767,0.5809493915167739,0.3944087986561613,0.5026846468118414,0.49844759937108696,0.4989849175128251,0.5125667089099074,0.4875035496526227,0.5009485380845231,0.5055600835967744,0.5024429963070816,0.49719075530578166,0.5015165805434805,0.48858909165739234
0.5306284551124626,0.8480119942870499,0.6440495206601345,0.5018753575426117,0.5003252031010973,0.5008535206208797,0.5028037770564742,0.5120933650502398,0.5080568914280698,0.49958914087020256,0.5016760476989306,0.5057340009308913,0.4955121209341626,0.5081250930719423
0.97915100772244,0.2052305957348223,0.13153175082666124,0.50388677620879,0.5009652349958752,0.499430224009436,0.5098334604955347,0.5052031326122894,0.5085738106750791,0.5092485522062801,0.5015149177196268,0.5007373920267525,0.5110575913665812,0.5019409212755611
0.9722014599249809,0.23618285741676392,0.15171880528402382,0.4930033000509924,0.49530032189687984,0.4987270517036403,0.5004909980742888,0.48753856765934145,0.5031404759260909,0.505751019780082,0.49432281296908404,0.4975240354811431,0.5021057630560752,0.48715576888431444
0.8573886632279695,0.515586091291199,0.34467080336060013,0.4987267167919334,0.49734393026742607,0.4831632934627189,0.5026201926440911,0.5074022575851729,0.5008632767187527,0.4981497005639813,0.5010092944708201,0.49744181522627107,0.4952382162686245,0.49084350671541627
0.8301162766895951,0.5591480684322776,0.3773704573687733,0.4933381547169639,0.49855166273239276,0.5049156917025475,0.48984051369313997,0.5075628239632054,0.5089900151496504,0.5108190783055706,0.5036280154952573,0.5152092228708565,0.4890102083665367,0.4913261875947271
0.8443345394879566,0.5362766642273399,0.3602394966231061,0.5025148739741045,0.4988260181743327,0.49920692818926987,0.507651039402384,0.5014776875157053,0.4962232140264862,0.5008540260928489,0.5009227548527208,0.4984268286291809,0.5032951117416383,0.4878149345190681
0.0975587770355747,0.995337477523589,0.9377998974860547,0.49947340509009647,0.4962629692012816,0.4991976367522114,0.5026375626420408,0.5022897713134795,0.5068859987455817,0.4998740591525911,0.4953701715353869,0.4979258658117606,0.5019896375526829,0.5017273404037548
0.9961220491146444,0.09129722004635549,0.05818532610523783,0.5030638213405685,0.49459472473743044,0.504537438971938,0.492499383627609,0.5022522585474763,0.508729219829608,0.5010977005625118,0.5062903996407893,0.4985699767584647,0.49693900214524983,0.4930571529380664
0.5802599758606601,0.8148487252465187,0.6060560309954265,0.5036628664325414,0.49708546643618184,0.49933945034443794,0.5027968300980076,0.5048674316845784,0.505062564349489,0.5005764039683704,0.5007301533704618,0.5118977024572999,0.5096470840179845,0.5050006466561296
0.06653748866411911,0.9979069139504579,0.9576148100865037,0.5005651409268712,0.496295713715403,0.49920714811838895,0.5028416511562867,0.49777648824904364,0.506873260221248,0.4998881121925226,0.4952020355543795,0.49726209445139946,0.49766508358957046,0.5034357319604615
0.9988285574424013,0.05388366968233203,0.034310382827944075,0.5004697261298537,0.49613038030860107,0.49886004656743144,0.5028146539292349,0.49879783960444896,0.5021022466470298,0.49150543904115784,0.5013750176638594,0.503309770535743,0.5013386377111323,0.4871994813323351
0.6334057050021369,0.7746314883252362,0.5636399688184126,0.5024028950663896,0.5001100696605534,0.4996715887089054,0.5028432738860236,0.5015689088045371,0.5082310588060043,0.5011086017734397,0.502340476326008,0.5183067872534535,0.5089362596053869,0.5110578349114091
0.8990215430589272,0.441268032843753,0.29048061932754166,0.4935990369022123,0.4982465164343745,0.4980440348630814,0.5020175608163556,0.49945357451207134,0.4965014045201972,0.4987405703172201,0.5009673602565426,0.49842557259729736,0.46450978169098317,0.4878149345190681
0.9924476981720319,0.12589937015219657,0.08033086926823302,0.4900846723333686,0.4988122383134562,0.49284182873946003,0.49242773518184924,0.49791622165767185,0.5073373267766643,0.4974872692058962,0.5010625694658953,0.49745323891742804,0.4952206890987403,0.49008992239435795
0.9833284987758659,0.18341566985745697,0.11739664146482406,0.5019133989189661,0.500912674095737,0.48855572128668007,0.49134228571231875,0.4988862554928093,0.5021038880123759,0.4984352902777939,0.5007582110488117,0.49852325227609245,0.4958414546309429,0.4929647405975623
0.4141054394196761,0.9107041910630628,0.7283141921539038,0.5027944334541093,0.49708958919451884,0.4992251921194603,0.5022195913681324,0.5076007925819273,0.5086283330057771,0.4977445510946642,0.5006829594582893,0.512075212921287,0.5101628194894594,0.504894089764929
0.7469270172285846,0.6653491441419139,0.4632674950528498,0.5015267326775509,0.5038986636582349,0.49738852681426077,0.4919568405112304,0.5009891909860492,0.4976289549044848,0.5009783954423823,0.5012685910177123,0.4972553605564058,0.49484163694737016,0.48725906079206743
0.8875807140225114,0.46132749272033163,0.3051503584712489,0.502057996781873,0.4962826443337059,0.49807059996310615,0.5028291716175758,0.49777961416273175,0.5068300019467906,0.5000253399753237,0.5058989623640573,0.5135345672619804,0.50140046335029,0.5031523259097418
0.30976443793979214,0.9537337208380741,0.8000739231106907,0.4985600707941015,0.5479192182210202,0.5149522197033689,0.5020150554725907,0.505237628308655,0.5044781636542796,0.5025447121592188,0.5024078172166282,0.4974198036679419,0.49485434148680746,0.48741814408450157
0.6124853273135135,0.7907956087072094,0.5804619792571549,0.5018994546420426,0.49708805593434646,0.4991429945836679,0.5030079212380448,0.5075883751602092,0.5051487042511109,0.4978821927805469,0.5006829594582893,0.503343797943598,0.5100473405863666,0.504991107636718
0.1554471020031278,0.9881896967265034,0.9006705370081451,0.5024591552405423,0.5095193573358255,0.4916112861033787,0.5033506574745357,0.5083224995700334,0.49761951399196697,0.5003865626114313,0.49621152207442043,0.5033887515077499,0.49641023712198423,0.5070153478078091
0.8017534169860262,0.5992127402033156,0.4085958215627112,0.5028870536203647,0.5055061351654944,0.49816828443625477,0.5247066852476004,0.5041060586347536,0.5078082703508048,0.5031854205662979,0.49374472005009806,0.49719200699486577,0.5010742787298742,0.48803256488747193
0.9360245039169364,0.35487464117886863,0.23070225797400393,0.489946463219196,0.47386945803921854,0.5072220156259587,0.5105273414962862,0.49773857195195886,0.498596230493739,0.50629347655262,0.5015695653543616,0.4962961090856625,0.5045297861491164,0.5028543423838624
0.11680472271112705,0.9946265407549095,0.9255789421853375,0.5027719534153555,0.5000480795538232,0.49992359256656177,0.5023737319696828,0.507854622737844,0.4702212421981793,0.5097331094472337,0.4905752313378605,0.5126774104363774,0.49534833958249413,0.48842973883058566
0.4355866121378335,0.9003559594678396,0.713139907734887,0.5027836734497346,0.504898845812988,0.49922407328532137,0.5024270097581605,0.5054627167210967,0.5030596363537875,0.5009152088629334,0.5008791375625743,0.5068317028922975,0.5013851752595913,0.492214532087357
0.2026558643786945,0.9799090766747537,0.8701704189652288,0.5022469139241699,0.4861483543087969,0.49827440782281673,0.5028027040142106,0.48642386761241313,0.5081217798706289,0.50798557079314,0.501647154758485,0.4977489911748788,0.5073383882226197,0.49212821214346714
0.9157753346874705,0.4043131811045863,0.2646819233912771,0.5023616917709178,0.49457192086877394,0.49367797723312695,0.49085323260439695,0.49889871721529877,0.48591488884693346,0.4980620679754665,0.4914858558906592,0.4970941819958064,0.49137397467169197,0.4767863460452396
0.28718477143743804,0.9590324376387849,0.8147725927760641,0.5036621210249734,0.49855166273239276,0.5051157947905761,0.48984051369313997,0.5085912207083555,0.5071185574113066,0.5108123955267806,0.5036280154952573,0.5150557583887007,0.4890102083665367,0.5190168406150338
0.9949549781186776,0.10342690878869477,0.0659406469227925,0.5020353812022819,0.49459472473743044,0.48787788839341795,0.492499383627609,0.49759103434971497,0.5026888425045987,0.5006022702631517,0.4980792656696793,0.4964358729457976,0.4970109517805149,0.5063976567921055
0.9653050957810243,0.2628380854808756,0.1692392148450646,0.4956249454766482,0.4948430970246653,0.48762401317988996,0.4925175384291249,0.4977772242084216,0.5087122393236504,0.4998948385720229,0.49822199613310925,0.505809563827636,0.4952444659618205,0.5073159744686015
0.3732303877457298,0.9285672677685519,0.756696921916612,0.4930018112200026,0.49844759937108696,0.4989849175128251,0.5124165534814643,0.48753856765934145,0.513927986597223,0.505751019780082,0.5024375989468328,0.4975240796323922,0.5021057630560752,0.4872207733145153
0.8365151039199813,0.548791597465338,0.36962977225372845,0.4929603263028273,0.5001568070130901,0.4990598170679797,0.502855163714836,0.48745185896425514,0.5021045213062112,0.5094731826332736,0.5014176818174786,0.5085399168689148,0.5020624009055598,0.49132110453887334
0.39454207444423817,0.9193720339091385,0.7419305353018787,0.5025835588481062,0.5009506106472839,0.4992367449000482,0.5029321062864851,0.5021933748129046,0.5145716759361084,0.5029365040832549,0.5012702419360106,0.5057996130394943,0.4958174521041417,0.4873975852501435
0.3328635222654998,0.9439346919180184,0.7841734893019546,0.49288392574701473,0.49630920539923046,0.4997408062571862,0.5020616926141033,0.5052879647042137,0.5044191887545709,0.5009688415245729,0.5024147054557239,0.49743361101402783,0.4788848727647282,0.5181584573207022
0.7891811768873852,0.6145186868365362,0.4211904155022025,0.5025363278504469,0.500897032267118,0.4992367449000482,0.5024256274500907,0.5020420321019861,0.503152851242619,0.5029365040832549,0.5008928763871795,0.496789993399757,0.495925939195365,0.48751351192409237
0.24314846692687167,0.9723744190062914,0.8440079339357243,0.5025374221168448,0.499525256082772,0.4981712296701749,0.5026651022313183,0.48642386761241313,0.5142752419021065,0.5006562036942738,0.5421938213317004,0.5063988758258554,0.4953459085250593,0.49191566692497546
0.5402086176527207,0.841928747895506,0.6368273468692127,0.5024226045790265,0.4988267621652513,0.49366012470221904,0.5024431559197389,0.49883896914098286,0.4933862368263707,0.5018417278875449,0.4952388611457185,0.4972512459650314,0.4951006247853093,0.48663926442304517
0.7362959571116893,0.6774674012578443,0.4735246862145018,0.5028083230874999,0.4988122383134562,0.49284049007426844,0.5023846824811343,0.49791622165767185,0.507369555227543,0.5148279493667484,0.5113239890796064,0.5004892397644615,0.49521885783576197,0.4928821402261154
0.9416837635212715,0.3368047835055467,0.2186690557574006,0.5025456732638427,0.5008022455079875,0.4988930230397847,0.502723000257149,0.5021563503560716,0.5077838545212002,0.5028774822706242,0.5016400654465127,0.49873910915518727,0.5026211772438032,0.5015647658665773
0.5537229032977363,0.8355241466914677,0.6274062292640494,0.5336225264881965,0.5112198590532858,0.4987195173074944,0.4850967107070291,0.4989228766893545,0.5269092864546229,0.49952302676018684,0.4954074270471945,0.4972681869557211,0.4945395811133445,0.4906146238826549
0.9563946764646413,0.29286770807493645,0.18917405421519298,0.4955906259480925,0.4947879010960411,0.4992077947149033,0.5027769125546393,0.5016532044756145,0.5082272684949317,0.5005143978152322,0.4954893299953877,0.5062895322848341,0.4950682401142396,0.5046097132072785
0.028343457689115316,0.9997250002313658,0.9819558645066913,0.501478623954853,0.5003180202650648,0.49920714811838895,0.5045315523225222,0.504363271643299,0.5050340221994097,0.4999680390051769,0.4952271614822381,0.49726209445139946,0.5018941451251614,0.5050010325687462
0.4702846396948617,0.8859055915354281,0.689314653735117,0.5024845025083127,0.49892342725590627,0.48280451806469143,0.4924280109005619,0.5030003330757589,0.5073296573107992,0.5098218035105396,0.5010683324098556,0.45246532128742223,0.5019995503815899,0.5144730201728823
0.6974383100003054,0.7172004726956044,0.5088928462557614,0.4903420281022604,0.4946394878819128,0.49944195326056845,0.5043889504940235,0.5046604067654377,0.49855818553742653,0.5099455108383457,0.5016572166941183,0.5066469618429503,0.4954133343701193,0.49187506047016233
0.9674205689782449,0.25455146189239486,0.16379711775782202,0.5004697261298537,0.4961629141985586,0.49886004656743144,0.5028491101170655,0.4990668613283375,0.5085767926805796,0.49150543904115784,0.5013750176638594,0.503309770535743,0.5013386377111323,0.4871994813323351
0.21936728778460107,0.9767700202329865,0.8593587158848981,0.5019148984348498,0.4954056934525426,0.49368547060819334,0.502429035571999,0.5277272171733713,0.49348027702928093,0.4980913268506809,0.5044036533603523,0.5068487585894373,0.49307270292716365,0.5100226219766585
0.7188494639017803,0.6958191731583478,0.4896369771406732,0.489946463219196,0.49475592606662244,0.5072220156259587,0.5105273414962862,0.49773857195195886,0.498596230493739,0.5101969987254994,0.5030542990000408,0.4962961090856625,0.5045297861491164,0.5028543423838624
0.3187888614912442,0.9479958461092926,0.7934823343038132,0.5027350364372672,0.5001716748496137,0.4992335521618659,0.5033900032498446,0.49928412114510246,0.49595780468923073,0.5009046369842053,0.5007331333762339,0.5063783753445099,0.49529068594204106,0.4922179835445872
0.9448721830569188,0.32829873682615945,0.21288822146310266,0.49947340509009647,0.4989074094001825,0.49378548931918803,0.48907011683538965,0.5022897713134795,0.5027228984852536,0.49922923973252276,0.49764134917963954,0.5011639416880528,0.5019186777173362,0.4900849803995418
0.8844376329809778,0.4696728673737342,0.3107793970311012,0.5007410568870196,0.4654810297327616,0.498193269328926,0.5027365451313661,0.5074022575851729,0.5008920269072311,0.50103773701699,0.5010092944708201,0.49744181522627107,0.49527034216903965,0.4890086417911312
0.43008526463937,0.9030097668719606,0.7170276179425844,0.5027836734497346,0.504898845812988,0.49922407328532137,0.5024270097581605,0.5054627167210967,0.5082351208809974,0.5009152088629334,0.5008901914835702,0.500206359365597,0.5013851752595913,0.49222329310660384
0.13468387867691625,0.991749355221681,0.9140699551795576,0.5024591552405423,0.5095068900197844,0.49942073168628864,0.5029294741838861,0.5087500568671095,0.5213119166624347,0.510363136769821,0.501625905944486,0.5066824338426458,0.49641023712198423,0.5070153478078091
0.6671217028832753,0.7454869145422497,0.535280656422953,0.49337842456051106,0.5003234201744929,0.49538031733662613,0.5045414899035893,0.5124545382834973,0.5029378924992666,0.4995892636997014,0.49500585801117913,0.49777778355530694,0.49310840725159494,0.49141122449730623
0.17910276199828948,0.9840276439259943,0.8853835708878837,0.5025565670537819,0.5001390500066948,0.4994642918789542,0.5031512856751696,0.49928412114510246,0.49595780468923073,0.5009046369842053,0.5007822417787589,0.5063783753445099,0.5076016015690522,0.4922179835445872
1.000063793974593,0.020932424224192628,0.013323199630185745,0.5025809503277698,0.5000537431193732,0.4981671924687441,0.5064075878982216,0.5089402034419312,0.49598332689904845,0.5006434893814901,0.5023632196319873,0.4977489911748788,0.4924413991608889,0.4917841999803427
0.6477262177782803,0.7621744668464095,0.5515643519449824,0.5025932187023637,0.49897421398812214,0.49348258868180284,0.5001569079499067,0.5047876427301073,0.4933157241399937,0.5017258468680813,0.5024147054557239,0.5014115596711439,0.5012918778747996,0.49003962601055795
0.34616587601796145,0.9386142401372543,0.7750640001935529,0.5006289626679867,0.49574081338135295,0.49899683360329644,0.502772258001197,0.49865528120601954,0.5081441446818247,0.5005548879536393,0.5016342379641827,0.503428763802675,0.4858711353418607,0.5101952900061728
0.35447849053946,0.9354856952628219,0.7694119135359885,0.5006289626679867,0.49574081338135295,0.4988924666550474,0.5026806367683362,0.49865528120601954,0.5081441446818247,0.509916659337525,0.5016367760897252,0.5085630221277113,0.4954400722734725,0.5101952900061728
0.673595118099918,0.7410091427523248,0.5303156558784988,0.5020280099992174,0.49896933403834637,0.4994302873847647,0.4638851900384636,0.5021642805575502,0.4987175834309441,0.5007605546573967,0.4942578139660665,0.49907096467847506,0.49936543882404033,0.4922189028859464
0.013169654695927596,1.0000025498366865,0.9916164434591719,0.5027135611083592,0.5057777096047636,0.4991538639779583,0.5031877010921316,0.5049517572437436,0.5030937939299,0.4999185245993343,0.5009084618718839,0.49904894706995584,0.4989149871990756,0.5007986709077016
0.9867296982450947,0.16724666370182628,0.10688858756665492,0.5020583421877632,0.49708958919451884,0.4891076147571449,0.49188891021936465,0.4789909342389732,0.49565269828049213,0.4941719327871479,0.4981681841938155,0.4985546063368657,0.49532119859068624,0.49081162697516767
0.9318581243608388,0.367747320166562,0.23929014321956188,0.5033667890377989,0.4951036571916655,0.4938206999864262,0.490875229922351,0.4989163110542305,0.46787338183986754,0.4993615119117758,0.49545106663905625,0.4974376437697332,0.47945892829750636,0.4874476148196821
0.9590532098423411,0.28403903699297595,0.18330558703024924,0.5017337948325646,0.5039465892303739,0.49984024236537994,0.5024637530290837,0.5024644995214542,0.5040101717454779,0.49942122699791036,0.5022751151958983,0.4971902548214122,0.49231277516668415,0.4894520775689106
0.3990675953684486,0.9174561236485561,0.7388035068064184,0.4985600707941015,0.4998569412736397,0.5149522197033689,0.5019675148742888,0.505237628308655,0.5029174797661614,0.5025447121592188,0.5024078172166282,0.4974268571039962,0.49310460354708535,0.48741814408450157
0.2788489827842983,0.961289613705306,0.8202635323302362,0.493003285371379,0.49844759937108696,0.5173392734482762,0.5133264088973377,0.48753856765934145,0.5043637467636678,0.505751019780082,0.5024375989468328,0.4975240798672545,0.5021057630560752,0.4872210965842504
0.18201916177402297,0.9838871779050223,0.8835419994358302,0.4997341144550349,0.49620609341289157,0.4868196174742223,0.49089227691246456,0.4989388170736588,0.5094311812326274,0.49921870409659286,0.4950143533541031,0.4978796775359812,0.5079614225788164,0.4886973639590423
0.9273352787574726,0.37486501173668885,0.24456083981707954,0.5033623149447725,0.4951036571916655,0.4937436037835848,0.490875229922351,0.49900852902355297,0.5034085264780719,0.49922923973252276,0.49815438597094497,0.4978456055763708,0.49696024546958517,0.5070038403336835
0.9880390705098234,0.1594118252089958,0.1018356853386631,0.5024712461106698,0.49708958919451884,0.48870308192334483,0.49188891021936465,0.4789909342389732,0.49559406191358846,0.4941719327871479,0.5006829594582893,0.4985606881948787,0.49531885578186796,0.49055881971111703
0.9519916255169426,0.31249995214281967,0.20192105388980683,0.49333405216706766,0.5092512280640683,0.5093278499257514,0.5077427666579666,0.5086342751672112,0.5084151101089045,0.5027893004017729,0.4631856438816149,0.5098745311028005,0.4958072628327741,0.4916519328658855
0.36818877627722035,0.9307058049358231,0.7601796166079426,0.4930018112200026,0.49844759937108696,0.4989849175128251,0.5124872934850901,0.48753856765934145,0.513927986597223,0.5063568026681681,0.5024375989468328,0.4975240796323922,0.5109536682195366,0.4874439788456078
0.730062943930021,0.6839885548058667,0.4792641968733673,0.48992479006658773,0.49892342725590627,0.4926352235150408,0.4930048397912801,0.5019583670735813,0.5073296573107992,0.5028234116191281,0.5008925659761,0.5083421052065977,0.49518354653299523,0.49285306722164823
0.920815131180863,0.3913897675353299,0.255864177371551,0.5038892849086922,0.501010496821953,0.49377350754101207,0.5111766816963178,0.4989428781814019,0.5037210114858637,0.5063682856724866,0.4953940166607136,0.49791695571985906,0.5111629035261385,0.4874476148196821
0.6830445241722134,0.7325438825135449,0.5222518325237144,0.5032419360882738,0.5002675946428334,0.49956123557660376,0.5025184368915546,0.502766525554907,0.5082096257277258,0.4911714442375139,0.4958252534874916,0.5185572169946068,0.4933024121839215,0.46826424430543534
0.9997497623130303,0.031085792653147287,0.019788408074592312,0.5025809503277698,0.4943854023711972,0.4981671924687441,0.5064075878982216,0.5021181125410209,0.4960183787709278,0.5006494314548424,0.5012009032799342,0.4963491588040797,0.49242198725342423,0.4924257137193949
0.7831832058895065,0.6270099884983077,0.42978305359019736,0.49866557729590444,0.5548608272860829,0.49173618765474025,0.503360130520692,0.5083224995700334,0.49761951399196697,0.5003239482319768,0.49621152207442043,0.4964780094459444,0.49641023712198423,0.5069055226676218
0.8651200893065754,0.5024624300321392,0.33497837340341946,0.5024144613474673,0.5040771379907161,0.49596494444094424,0.49056834284779055,0.5076956179776786,0.5028600637127624,0.49987349159827427,0.4952775102653988,0.4992184763621018,0.48923464486533497,0.4892011483509884
0.1437289659006071,0.9899010901586289,0.90820727508052,0.5024322622563197,0.5024599996306672,0.49950062885767343,0.4910099615220869,0.5082958403938834,0.5030032692101956,0.5046399799249398,0.5031490009472909,0.49845009379404964,0.4958905128829281,0.49229036294674433
0.9992389529494493,0.04507131016617511,0.028695690700060228,0.49324598050612706,0.4963011136248312,0.49538031733662613,0.502843001646665,0.5022929040863985,0.5029391061242836,0.49959599019828155,0.49500585801117913,0.49777778355530694,0.4931260187308741,0.49133924998673195
0.9228294601082974,0.3862992103680107,0.25238148258586285,0.5038892849086922,0.501010496821953,0.49377350754101207,0.511105941692692,0.4989428781814019,0.5037210114858637,0.5057625027844005,0.4953940166607136,0.49791695571985906,0.5023149983626771,0.4872244092885895
0.7240454028118284,0.690523126020574,0.4849162835308325,0.4900846723333686,0.49892342725590627,0.49273959046328986,0.4925196321334226,0.5011495697234037,0.5073296573107992,0.5004559017126154,0.5010657942843132,0.5032078468815615,0.4856499209041502,0.49285306722164823
0.9503377850896231,0.31267034673704325,0.20235229871503024,0.49333405216706766,0.5026418625967207,0.5093278499257514,0.5077427666579666,0.5086342751672112,0.5084151101089045,0.5029800474925236,0.5030435477477015,0.4984328374705566,0.4958908966348257,0.4915738148046931
0.046967897590695286,0.999172727730795,0.9700965635251173,0.49033777715832555,0.5054903822015548,0.49928940737148086,0.502563101483311,0.5044564459396295,0.5021553870671881,0.5063057214141508,0.5023010187939938,0.4974066281237466,0.49525187354501726,0.5068274119257934
0.688449600688639,0.7270786521384494,0.5173687214816983,0.4899029093366088,0.5002375912780421,0.4999152117160621,0.5028325970221307,0.49885701281616746,0.5082008641443158,0.4911714442375139,0.5015925921681192,0.49459733477026857,0.5026145352694019,0.46826424430543534
0.8763974732623299,0.4820060668477767,0.3201129349449409,0.49838189698221425,0.49988968119379135,0.49538031733662613,0.50447168989654,0.4981834594282876,0.5029391061242836,0.5007389929197196,0.49500577016479885,0.4977776774739263,0.4931122745636119,0.49179051871693735
1.0003027945594238,8.589183434471996E-4,5.46638746664066E-4,0.5019133989189661,0.4995219820931373,0.4887852052816838,0.49134228571231875,0.4988862554928093,0.5021038880123759,0.4984352902777939,0.5008358792027205,0.49774609859555574,0.4958414546309429,0.491792763499504
0.05023641051063676,0.9988727242428631,0.9680093692885203,0.501478623954853,0.496295713715403,0.49920714811838895,0.5025639437382865,0.5043458642557203,0.5050579831916877,0.499974765503757,0.5007301466725641,0.5062795639324661,0.501625340286009,0.5050010325687462
0.8169368404470619,0.5774083188129984,0.3916949592872782,0.5032432441240925,0.4961832234088774,0.500725209956624,0.4961254360388634,0.4862282893623572,0.4977188910241355,0.49749694587845517,0.5014141560089576,0.4995004178883548,0.491030870167338,0.4917199832675568
0.919883778388331,0.3936223142212739,0.2574032783918393,0.4832392225580173,0.49814591556949195,0.4988634422100467,0.508208662398305,0.4884281526784997,0.5079201135485651,0.4988462797878959,0.5003591880795514,0.4974731195180791,0.5019587508746746,0.49908620961752304
0.705720108003104,0.7086614937066119,0.5013239295500357,0.5009824454592017,0.5052903275401471,0.49911595469670206,0.5027374344973299,0.5000828702277449,0.4959404574786775,0.4993713914692659,0.4951295406333742,0.497194394027442,0.505842805632087,0.49893065174808765
0.6043475048248826,0.7978172350614283,0.5872891989427533,0.5038384876523287,0.5055075791348982,0.4990070063354734,0.508095831748948,0.5046702880165892,0.5162776991798724,0.5145261812882579,0.502390895103099,0.49662876792846283,0.509210900980402,0.48725485923501755
0.43913446454290306,0.8996329533266452,0.7109086872478045,0.5007382891138787,0.4952197671473779,0.49678605639766843,0.5207999805728286,0.5089994916616515,0.5063695930161045,0.5156818295698002,0.49908687916711136,0.497177146380598,0.49109198282477984,0.4870899264616416
0.2042545646878707,0.9793342790619679,0.8691000721467588,0.5015356113032406,0.49530853492327925,0.4990525717558957,0.5050422852178058,0.499997322869445,0.5076564245330674,0.514304108970682,0.5005224758215376,0.49632384732627416,0.5088108358328028,0.498464073219264
0.4570521794307194,0.8899243875756072,0.6979514370899371,0.5023922262208157,0.4983650246414137,0.49654765251955607,0.49240242959406655,0.4984003071039876,0.5029061937710054,0.4929424994897108,0.4978986261909504,0.49666291533863455,0.489495750844512,0.4871073595164338
0.6172587241483248,0.7876124071355305,0.5768210092025005,0.5016234170069377,0.4953095727864892,0.49419736586845786,0.4896996506983577,0.487289231957703,0.5073335226019451,0.4993373009056045,0.5005463659322039,0.4964264837621554,0.49144319323096025,0.48571297145006376
0.656912548884784,0.7545968399786176,0.543987489647237,0.5025651048607951,0.49553841717272484,0.4999969966587348,0.503841027333138,0.486874228523076,0.5145901980998755,0.5030081491795265,0.5008743043889183,0.4985503485699588,0.4946787580427058,0.5029157850839397
0.8255336934411885,0.5650572083703712,0.38211851539650626,0.5025378162730327,0.5008720903379374,0.4953961276276233,0.5079371373226326,0.4980998639196573,0.5084151101089045,0.5058222999775225,0.5014753403928137,0.49840520547130474,0.4898555729512328,0.4904954338139152
0.6272192121176913,0.7790511658227468,0.5684692242757222,0.49377829601274387,0.49881558394364106,0.4992582271440362,0.50408626763439,0.4989754612955972,0.495455386191975,0.49950289393211444,0.5005625684256051,0.4975977558714988,0.49551505682851665,0.49246317040714077
0.6660801402207163,0.7465541991416275,0.5362273967427018,0.49977234764887796,0.49531159240053374,0.49412169394529515,0.5030922303690446,0.4870961355926453,0.5145901980998755,0.5032369142697801,0.5001862287162983,0.49638046212297654,0.49498121603887724,0.5029157850839397
0.5282467186939143,0.8496177250816949,0.6458763114447807,0.5031959681496249,0.5040437092499863,0.4936281191470579,0.4905799171713875,0.49891620284656685,0.5086855740263339,0.49779708483525326,0.49503888659801515,0.4971746650726182,0.4955565916273669,0.4874450438327959
0.9099343902733761,0.41567132053634365,0.27279569988902075,0.5037121659362257,0.49517473990851946,0.49871540523163693,0.5050894931998602,0.4978664164569127,0.5079633846044624,0.498755226491946,0.50063834529627,0.49709564202192724,0.4918657025523155,0.4868697020160568
0.837549916653993,0.5466867841483467,0.36814828770749075,0.503458739084049,0.4994736907780352,0.4996121425391496,0.502821146696595,0.4982797076056326,0.5079151051318788,0.4957216998962992,0.5016317150897984,0.4968712631284619,0.5025605617030983,0.492592823252016
0.7177282723337965,0.6969156090192294,0.49063453544519203,0.4995210013591336,0.5043590154444313,0.4953968997773125,0.5079371373226326,0.49785430465506636,0.5083988334503499,0.4939591389211975,0.5014753403928137,0.4984328374705566,0.4898752060622316,0.4904954338139152
0.5451992147514886,0.8391445289626357,0.6331986755374851,0.5026809237427098,0.4971450247934372,0.500039737254675,0.49228869062697983,0.49901600118877,0.5144802495744032,0.4836233279832115,0.5030792642430499,0.49723379403875395,0.49110849379514004,0.4927352032523714
0.8490279960977539,0.5287880386398137,0.354614467151801,0.49699949369101903,0.5004222637337192,0.4997991584837273,0.49177658141044656,0.498287141722311,0.5079151051318788,0.4957216998962992,0.5016538306955824,0.4968712631284619,0.49787547992755427,0.492592823252016
0.5162479948307399,0.8568419812489041,0.6547889122469633,0.5027880346842731,0.49510294592119836,0.4998339280140359,0.5024431559197389,0.5048721864484393,0.5089627114611577,0.49996234569120657,0.5040027387599042,0.4972622516988472,0.4953211637270161,0.4874382484318095
0.5745917954228088,0.818956233680796,0.610510366567341,0.4909333321527597,0.4953264134004729,0.49529650630865724,0.50281857583401,0.5026636317510756,0.5052743355863153,0.5069093818264555,0.4954055485517974,0.49767118773537833,0.4949701079865776,0.4875970394886408
0.9797035540820684,0.20279589695254335,0.12994332573762934,0.499487998477587,0.4971947284719914,0.4992004505885604,0.5037970455190043,0.5048499871397,0.5142936458181019,0.5058791414361038,0.5006582781399452,0.4976081543083864,0.4971139911916854,0.4868684958741576
0.6962983307434553,0.7181225232237383,0.5098221190476407,0.50166223187874,0.49509948885271066,0.49944536006431145,0.5024302117129014,0.5014739012091076,0.5080538088320323,0.49952498962145964,0.5008901914835702,0.49726586523865884,0.5015677110632303,0.48756426467418335
0.8691143151547946,0.4953618457056562,0.32979425020249714,0.49972530253885483,0.4952234410337621,0.4895801557416233,0.5034055827224597,0.4988791179154114,0.5056997373118092,0.4990608290585141,0.5023819655172542,0.505432366845292,0.4946235149615046,0.48861237527324086
0.48537687494429593,0.8745467451006704,0.6774394827685848,0.5034533843909086,0.49945929983910037,0.49825005322846666,0.5031212546962689,0.5028497835574492,0.49519732564148267,0.500875179238189,0.5016168672846285,0.4972340455163303,0.4925589329644723,0.49058045526818206
0.8967652746552373,0.4434020827063806,0.29233237246567756,0.5009356806467093,0.49706241299758985,0.4989849175128251,0.502821146696595,0.4877114998336851,0.505286705289977,0.49909859923322103,0.49488818371653337,0.4978445234574495,0.5021057630560752,0.48722778138088063
0.41552175951659454,0.9098916948854598,0.7272795900429436,0.5004697261298537,0.49613038030860107,0.49887481809026735,0.5028146539292349,0.49879783960444896,0.502094664015311,0.49150543904115784,0.5013750176638594,0.503309770535743,0.5013386377111323,0.4872107593329215
0.7964959644183683,0.6053303386031197,0.41371703659447756,0.48931623728205015,0.509519701196066,0.49497675866048935,0.5023454301279742,0.4969308023481945,0.5079354634266157,0.5060506596719156,0.49500436905260614,0.5027439166239923,0.4947231333960387,0.5032248437344378
0.023689267072896193,0.9998155571829193,0.9849189837633292,0.50255952029576,0.5057777096047636,0.4991723943582774,0.5033269067334578,0.5049517572437436,0.5030758667973625,0.4998779581236402,0.5010735801680549,0.4972374325858635,0.49899781710755164,0.5008303434051615
0.7279234556394452,0.6859762103287124,0.4811184515671909,0.5025349049830268,0.5002636525961935,0.4994530139933876,0.5050249319412654,0.49945357451207134,0.4962232140264862,0.5026588157659242,0.5016164924684225,0.4984385434867124,0.5032759815943059,0.4878149345190681
0.37353579165487144,0.9280709516522203,0.7563988116674568,0.49313754012559446,0.4963195786772727,0.49823492537719993,0.5027496519573054,0.5001394733143334,0.5148990706059985,0.49941423162683124,0.5023260575510631,0.4924821907707311,0.5004474938426791,0.4918475609212993
0.2837068590446802,0.9591893398331048,0.8169217275617262,0.5025147852421775,0.5044571163379118,0.49923296472584056,0.5029308846318502,0.5019428116127139,0.509716053148552,0.49884244899458285,0.5016466361660755,0.5059909873182091,0.4955815717811351,0.4914069959667458
0.9697403274775985,0.2456811484017342,0.15796231645812614,0.5027880346842731,0.4953277713079643,0.4953874690220885,0.5027358879084879,0.4987797423228498,0.4919558819432851,0.49799271786213767,0.5010026743344085,0.4972049176248105,0.49105899384291035,0.4873372782975169
0.5885504893493377,0.808881071401739,0.5995551646501545,0.5006126288402879,0.5038529032732411,0.4995669955545732,0.49284695544364115,0.49589176109454014,0.5052719944239876,0.49817045340374294,0.5002243990021401,0.4972288083691397,0.5095477837135991,0.4887486567281901
0.5616819325256996,0.8276576540995437,0.6204177685965254,0.49324598050612706,0.5003234201744929,0.4988030840838219,0.5045414899035893,0.5023103114739772,0.507662874979265,0.49961496121122057,0.4949359864132214,0.4977907604277371,0.496330116308321,0.49128888318590636
0.764272172156115,0.645161115474617,0.4463268649992522,0.4993885703053583,0.505529364503573,0.49925266400880486,0.5029389914044844,0.499059592025981,0.49841993027041864,0.4995253449324012,0.4944335800826854,0.4972539834473113,0.5015638865831863,0.49063663505832766
0.9390574805015982,0.3448181766954314,0.2240337171660878,0.49332569804511495,0.5026745248996713,0.5009106356327077,0.5133152996409351,0.4988937090365919,0.4982326569952937,0.5029665243328733,0.4950493382394479,0.5046180994388143,0.502086665974948,0.491571865897408
0.3432053637227873,0.9395090684719432,0.7770289556961288,0.5027452490674467,0.4989122010200952,0.49210035932088353,0.5042099234677668,0.4988269378979714,0.49840776190547526,0.49907365210478793,0.4953970824734604,0.4971709472527058,0.49531061356506956,0.49057764328958586
0.6774782205500918,0.7361843897239656,0.5264221786860825,0.4930018112200026,0.49513638707167756,0.4990375487174611,0.5124898777848306,0.49720419989552617,0.5048676345889003,0.5058243742424302,0.498265350440745,0.5009615317076095,0.5021057630560752,0.487014166019356
0.989825830111783,0.1444847084107871,0.09227558507248527,0.5024712461106698,0.49708958919451884,0.48859104159511785,0.4923561110713716,0.5023204357488154,0.502939287754205,0.49977266497186995,0.5006829594582893,0.49856519861652876,0.495319240343047,0.4914109562990022
0.8797320753610336,0.4759723356074395,0.31572518258064086,0.49340062672448515,0.49996261312305057,0.49872700244690965,0.5002918459201291,0.5049714333139028,0.5030925125990151,0.5066510841911795,0.4941155135604894,0.49812691455853814,0.5015686523162921,0.4913573766267646
0.7568449995761916,0.6541443332345448,0.4537443841446611,0.503394948034467,0.49510295351918,0.4937742614579938,0.490875229922351,0.5022897713134795,0.5028311720233547,0.49922923973252276,0.49523787943245834,0.49792541281542607,0.5018975326595236,0.4874479707684448
0.9499738901432958,0.31336120005875845,0.20284232189381157,0.49947133331027227,0.4956212630231862,0.48834853673348144,0.5026788104211678,0.4987345389365188,0.5077838545212002,0.49283470421026215,0.495184968146429,0.49875842910204427,0.4955645154542799,0.5015647658665773
0.639805786471473,0.7693519228756014,0.5583614369304312,0.500342221239052,0.4962186163518418,0.5100382040832706,0.5025781028633977,0.4986866405851822,0.5142023710670309,0.484729836878737,0.5011780475602756,0.49840856641320624,0.5013387847734746,0.49209017337960836
0.8097339058129434,0.5873051803473697,0.39948463397149564,0.5023134179177506,0.5057237514556485,0.49816828443625477,0.49571237225488496,0.4977664411359156,0.5081485666261054,0.5006494439618778,0.49374472005009806,0.49719200699486577,0.501376547076521,0.48915693782651265
0.8892607891520126,0.4577016549293422,0.3026092863531288,0.5025701829638539,0.49891127274809005,0.4992586415503644,0.5026145609771655,0.49945357451207134,0.4962232140264862,0.5008540260928489,0.5012618986599313,0.49842557259729736,0.503718062760075,0.49054460096606095
0.7782333639881845,0.6285129311860559,0.4324984726012431,0.49870845673515657,0.5055061351654944,0.4979742394471096,0.504676410925132,0.5027192515246512,0.5008697967388207,0.5063242882240767,0.5013587535165288,0.4963379973708094,0.5018115997277308,0.514599167802646
0.7358257242008664,0.6777996095525486,0.47388286364949117,0.5024936803229341,0.49841500401150024,0.4981994756834979,0.5026911427417529,0.5014355289378762,0.5083615739181604,0.5098368286380359,0.49091185176426916,0.4978287297832008,0.5009669384304962,0.4877683025941254
1.0005125287767018,5.761021790591553E-9,3.66570160337254E-9,0.5025835752554412,0.4996355043266912,0.4981712296701749,0.5028433868302992,0.48642386761241313,0.5139580882720554,0.5056836728622258,0.5023936240639078,0.4977489911748788,0.5023659637863446,0.49184807928334684
0.24780637846453457,0.9692576865529032,0.8406512972532159,0.503031576789513,0.4957541560863556,0.4989942866505804,0.5028544440674526,0.5020946781862267,0.5086432826341114,0.5011015236862497,0.5016292228807875,0.503351177473596,0.4858711353418607,0.5101952900061728
0.6857780029856796,0.7281968013952378,0.5190926661862918,0.5025148739741045,0.4988260181743327,0.49920696261059716,0.507651039402384,0.5022991849169794,0.5067443036793366,0.5008698559976333,0.5009227548527208,0.4984267115763441,0.5032840205223323,0.4878149345190681
