2.6481573622198886E-7,1.0003750724376939,0.9999998314762749,0.49667859227709715,0.5065928163667697,0.4914188927576827,0.49507381307379084,0.5044441061463711,0.5031807352540338,0.5048297367911267,0.4922131336283133,0.4910967971390921,0.49466449922541494,0.49894674294281727
0.9488460986881607,0.31694860587781565,0.20523518787635658,0.4950379980414933,0.5083825593075079,0.5014042178251648,0.5085125914781462,0.5051438408345266,0.5001889846101013,0.5018476765875252,0.49599084077205857,0.5005705862778823,0.5116305956585298,0.5056296076645801
0.9961863559917787,0.09142135713653281,0.05826025996025658,0.5036812499970514,0.5087562900729113,0.49608677206787954,0.5045211530729488,0.5037033420089425,0.5042501943411482,0.5050159436281912,0.49313352338439503,0.4911278236874884,0.4927596155379708,0.4966404364659364
0.9809920401813969,0.1957904887194902,0.12541135630973022,0.4951936304760441,0.5081253130712577,0.49659652640150304,0.5103060156770621,0.5049190970228601,0.5009324964521538,0.49984078359143846,0.4903292417324598,0.49920359760997113,0.5033838778798818,0.5014039821927523
0.5814654050160051,0.8138681602394506,0.6050690642245945,0.495040266784689,0.5029866514272779,0.49145110161603656,0.5079243215027203,0.5038885672621355,0.498361005268163,0.5018863280118446,0.49607821169202826,0.5009208065356383,0.49415217593288113,0.4993056538976987
0.09190819808829617,0.9965378404507117,0.941451774293061,0.4944135388596428,0.5088647703553087,0.500686303506293,0.5014138536508703,0.5029341197376167,0.5142170593164125,0.5016378303011483,0.4808697753506649,0.49492976592286975,0.49297703045891345,0.4993488049761598
0.8948684689811691,0.4468236906953748,0.29481966214919164,0.49935494839229805,0.5057873496501513,0.4968168835700475,0.5103060156770621,0.5049188144888062,0.5009324964521538,0.5054990382607923,0.5009414626547503,0.5007757683735305,0.5033838778798818,0.5014039821927523
0.31643606473818275,0.9491942244692633,0.7951443038964492,0.5070597833761424,0.5022391991300601,0.49321727951865807,0.5084496890841751,0.5031289969977945,0.510913072158348,0.4915586628821598,0.5011165061205783,0.49126676547831094,0.48999825537803443,0.4992075692395675
1.0048378874574082,4.815984518504907E-6,3.0511896557073936E-6,0.494925842681443,0.5001746951584846,0.5014159048951183,0.5060164464509955,0.49893748206819905,0.49876272545345296,0.504279980062734,0.5680735788347625,0.5004205706040785,0.49420511722272825,0.5092282045969554
0.1960972045243484,0.9810046342219878,0.8743988063443501,0.4949915589815854,0.50270823000927,0.49982188037349623,0.5080357789111725,0.5025997583588538,0.5121809638547087,0.5073642127216176,0.5009092224168817,0.4917590092690469,0.4943349714956497,0.497810424904506
0.706157402417554,0.7090455275759996,0.5012992023896048,0.49489868602236925,0.5030993888574913,0.49648419838677377,0.5067093659870143,0.5045409324471353,0.5101550050151569,0.4984044420962126,0.4925383995249188,0.4890429252597499,0.49420933923715915,0.4834739108753163
0.44658846378515893,0.8955088646922694,0.7054962222578538,0.49524032143391233,0.5071339195277056,0.4945146140097348,0.5084142526997848,0.4957420271767402,0.5183746779480817,0.4965166499736892,0.4932342501127858,0.5033906946462413,0.49539258906116007,0.5082234212292319
0.8140764085097423,0.581211849630893,0.3947225800671146,0.5034299703802351,0.5023548725127532,0.5065441793522919,0.5083987513965955,0.5029628381695922,0.49899078217507165,0.5037873227086264,0.5007017517442466,0.49906132721584545,0.4913904494300983,0.49421574229979687
0.8661534178356486,0.5006328907274227,0.3336413844839196,0.4947412708520684,0.5035433782076958,0.5007884567689347,0.48906407870053425,0.5029938215630753,0.4927784601746591,0.5036893242234218,0.4919983932459349,0.491404006104504,0.4930231231921027,0.49761635641354407
0.0877227161116718,0.9986666755799322,0.9442225866551363,0.5386784946851783,0.5090874834055056,0.5012276288989777,0.4982778196856169,0.5051578943818539,0.5143877002793679,0.5184063627486508,0.5089218724277279,0.4904096701399939,0.5124476108474367,0.5054812600179671
0.031000432153413433,0.9997603944845317,0.9802661050843635,0.494701196851677,0.503579736101003,0.5007884567689347,0.5056688721695581,0.5029938215630753,0.5000457309360022,0.5036893242234218,0.4924533811278152,0.4949396817283882,0.4925755580389453,0.49735402579290044
0.9825376252582134,0.18771877068864645,0.12018110263855503,0.49940506429506,0.5089312858465332,0.4965955566891349,0.5075445848119776,0.5046434706450166,0.5009694937333873,0.5032701291671181,0.5008840976636755,0.49159245145863895,0.4933399081401244,0.4966000683502968
0.9995452444045104,0.04102759459993217,0.026116200854658045,0.4948753420133863,0.5029207871620285,0.4967542016486333,0.4912565250523595,0.499005295700586,0.4928113486331467,0.4964156750403207,0.4913886777690445,0.4942178970905659,0.49299659273762314,0.49344414682338095
0.6833325607296526,0.730657270192689,0.5212990243924931,0.503690598365941,0.5021712945813614,0.5010189292353674,0.49951436551446426,0.5032950867004269,0.5109686814176533,0.5021829464905351,0.4917923485376766,0.4916100493393355,0.494277995273774,0.5086945265953401
0.8220633816755187,0.5701256213860492,0.38602743347726265,0.5029136666943705,0.5022347363042564,0.4915958947093348,0.5084496890841751,0.5031405935612255,0.4990228593678043,0.4915586628821598,0.49203308048072214,0.5008488130098904,0.48999825537803443,0.5037170192632727
0.19055071189934217,0.9822586453947929,0.8780157547762809,0.5042419913646281,0.5082701198748595,0.5168217393877955,0.5071628408522987,0.5045055455313991,0.498202720883442,0.5020741914817352,0.5019298785953699,0.5008974497836373,0.4938111470029291,0.5089059844670671
0.9945553169383423,0.1107228626603243,0.07058360114946072,0.4849072039579859,0.5088160174236344,0.5005195930681035,0.5073575035575633,0.5037308494246651,0.5106793443001483,0.5033349073931802,0.495929373333746,0.4952398231352088,0.49115830908498903,0.5091246424304698
0.6307594960956405,0.7763994068531869,0.5656559063345664,0.503159920508439,0.5039841049006916,0.4979019854646701,0.5103060156770621,0.49883788173848526,0.5009324964521538,0.49980409270903275,0.49457835122482835,0.5005450112834875,0.4937200912099019,0.48909696230683547
0.3488553379970994,0.9379621415323933,0.773315240386612,0.5039851411365879,0.5174603469248313,0.5058520048803605,0.5087543251314072,0.4983837434911218,0.5112458116327342,0.5014696105866521,0.500516599079086,0.49478978449430694,0.5120613522766295,0.4993051045824267
0.4781573658161396,0.8786767014426179,0.6827322010390261,0.4953073774350132,0.5029806280377753,0.4933975570345351,0.49065935853421855,0.4989549396348112,0.4983538172828079,0.4964965265069101,0.4934203099257572,0.49060414795686497,0.49338939296647816,0.49933066389605807
0.9683638119803363,0.25817214691393564,0.1658689114406926,0.4961017074657008,0.47145181163104183,0.49156722991569096,0.494722268294519,0.5047065426718788,0.503577125342829,0.5047739106820047,0.492210335463029,0.46927176961196465,0.4882829003473466,0.492307289628136
0.10942802242176859,0.9943171265040561,0.9302186235801351,0.494701196851677,0.503579736101003,0.5007884567689347,0.4894419263553927,0.5029938215630753,0.500050131372992,0.5036893242234218,0.49243855941562764,0.4949396817283882,0.4925755580389453,0.49735402579290044
0.9312359477980036,0.36728556774122173,0.23916223881271337,0.4951936304760441,0.5071513002266638,0.4944875125364293,0.5103060156770621,0.5050185458860673,0.5009031568048754,0.49699463843152086,0.5015702625893679,0.4750733954649837,0.5133168774282131,0.5014039821927523
0.5927017260665609,0.8072399523696661,0.5968075392629928,0.5042303940112395,0.508469311540319,0.5007592971604385,0.5085610700324019,0.5051419184475555,0.5326299518813878,0.5018650114212783,0.5000757974098764,0.4921201112033177,0.5119690776902872,0.4988672454040301
0.8252257870372813,0.5655455197540423,0.38248561003466847,0.5029136666943705,0.5022347363042564,0.4915958947093348,0.5084168781026598,0.4955874909372332,0.4990228593678043,0.49157450390802176,0.49203308048072214,0.5008488130098904,0.4902762283167243,0.5038032691454054
1.0002762532906873,7.348026060771868E-6,4.676606750071539E-6,0.494925842681443,0.4981470199021376,0.5014419665789549,0.5060164464509955,0.49893748206819905,0.49876272545345296,0.5040165135848033,0.5090073140695379,0.5004205706040785,0.4936240414188369,0.5082487699799795
0.280888414537397,0.9612588644426531,0.8190129604453721,0.5068990487508529,0.508469311540319,0.5007592971604385,0.5085610700324019,0.5051450445598741,0.5326299518813878,0.5018650114212783,0.5000757974098764,0.4950014824729918,0.5119690776902872,0.4988672454040301
0.22385846333968068,0.9750571612846183,0.8563313621204791,0.5033899023578728,0.503092143244335,0.4915958947093348,0.5084496890841751,0.4993038432785282,0.5007071542641482,0.4970323080324577,0.4917191207237779,0.4957204053361235,0.5122831010519597,0.5037170192632727
0.7120683911498354,0.7025620147238301,0.49572195248044865,0.4984343684533199,0.5029661598068447,0.5037635467465904,0.5060164464509955,0.49895319836908547,0.5058449579309453,0.5081587719802224,0.5008144850792177,0.49407095893533803,0.4934502446483769,0.5086710113318561
0.02907056353250703,0.9998799025735693,0.9814960941772226,0.49486473466434644,0.5028661583737685,0.4963924976021101,0.50441781894303,0.5036945159129042,0.5104592366128149,0.5037445165029708,0.5007712571509044,0.4942016100667739,0.4927604338152036,0.4965938416461707
0.986596328195312,0.1702474631748156,0.10878405157103416,0.49526467636495697,0.5096028114037711,0.49657742659671855,0.504932886021517,0.5034387319277256,0.512302058179517,0.5065140359470462,0.4907063087637287,0.4751413080972233,0.49283448901392857,0.49190007404288894
0.4539196593965872,0.8952281949975358,0.7012556430000983,0.5039934093070438,0.5224079954028055,0.496863968108188,0.51296365536413,0.5050018472388573,0.5176125381154664,0.5032848951586651,0.5004104555373045,0.5004093956222712,0.5511945158401544,0.5082550636246475
0.9981889018872738,0.06752115089307208,0.042997790229117705,0.495998640907988,0.5041536019159023,0.4958318246077155,0.5085599708554843,0.5050123623719113,0.4990288534956195,0.5037762908846508,0.49206691394656266,0.49244985866784347,0.4887609045802641,0.4922869401722842
0.8641585250671947,0.5044261226060498,0.3363659972508374,0.4993764833371559,0.5038852758434814,0.5063374596968857,0.5074512421100486,0.4989327144870397,0.4929800867624314,0.5095686959122899,0.5083058515077821,0.4913884735972514,0.5120613522766295,0.5081167508880623
0.646527725025492,0.763545806020209,0.552710522270384,0.49514482815983946,0.5070875117578879,0.49458709109166166,0.5084142526997848,0.4957420271767402,0.5122195586755646,0.496457997963453,0.4932342501127858,0.5033906946462413,0.49539258906116007,0.5082234212292319
0.9913613257181292,0.1343892890731757,0.08577751672949413,0.4996930232858267,0.5025367631020394,0.5005411420488503,0.5073666970123263,0.5037308494246651,0.510658010828156,0.5033349073931802,0.5009136529137894,0.4917950796638726,0.4911881577162308,0.5091246424304698
0.33516762065524225,0.9426501901096808,0.7825189603208937,0.5071133061349246,0.507241539781773,0.49321727951865807,0.5084496890841751,0.5033000717832249,0.510913072158348,0.5016173319749142,0.5011690846775844,0.49126676547831094,0.5056519145318501,0.49920823198086817
0.03229692936692176,0.9997001798410684,0.9794401206795604,0.494701196851677,0.503579736101003,0.5007884567689347,0.5056688721695581,0.5038704805833595,0.49997430721726205,0.5036893242234218,0.4924533811278152,0.5006521238955598,0.4925753027760638,0.49735402579290044
0.883140725290125,0.47074765954074854,0.31177017761947556,0.49940506429506,0.5224079954028055,0.4968130243990592,0.5075445848119776,0.5046434706450166,0.5057612861704689,0.5032701291671181,0.5008840976636755,0.49159245145863895,0.49278006596485585,0.4966000683502968
0.18522356414150962,0.9833997225680292,0.8814810203988468,0.507153074041453,0.5083856901612128,0.4996957062015376,0.5077506696611686,0.503782556608961,0.5178048038597912,0.5062629830728466,0.5102086647647065,0.5014111364397189,0.49439782215167627,0.5011681911226553
0.9451527100393542,0.3279127289747613,0.21259760179263354,0.4950379980414933,0.502079502902994,0.49490755017992777,0.5085125914781462,0.5026860805127581,0.500210592037022,0.5018476765875252,0.49609380417716725,0.49897084131904906,0.485529161367068,0.49249172013253517
0.48505351259200846,0.8754894291624029,0.677910292474543,0.49522438603955016,0.50810332442705,0.49321727951865807,0.5104316562234191,0.5049359866653326,0.5116140365297012,0.4997221252929216,0.49289184279566584,0.47963799104864935,0.503223980159421,0.4991136723457562
1.000197444081916,0.018144300672114505,0.011547473741602702,0.5035443825192005,0.5037755004466034,0.5014568439701375,0.5074386854948021,0.49899509315169877,0.499398737079608,0.501676457200964,0.5089988528345811,0.4911720763272183,0.493173853265569,0.5082487971506872
0.9874372081878023,0.15959616989494463,0.10201253005039504,0.5002346583157822,0.5035680994319368,0.4964826536098375,0.5067009438983532,0.5029787473100799,0.5002953074694502,0.503611286341866,0.49333056568974737,0.5010133317597057,0.49339922385761503,0.49160855232660217
0.1060920124751918,0.9949392339862908,0.9323717285825837,0.4939056385613759,0.5026679299716921,0.4932173229629444,0.5080089357553881,0.5031356327458363,0.518299140249704,0.5049843247783552,0.49580476922287525,0.49508263294420335,0.5036642112692911,0.49930627285314316
0.8326006971065155,0.5543954806341426,0.3739784132346982,0.5030998790623281,0.5039841049006916,0.49668719088047464,0.5104759489822273,0.49883788173848526,0.5009324964521538,0.499745488747822,0.49071631064905097,0.49920359760997113,0.493756763187389,0.5038479278843433
0.9917917859191686,0.13087233226822614,0.0835229060621826,0.5042019330063299,0.5034223256475905,0.49340258297974554,0.4981789838358883,0.4968478346785936,0.4890007248001009,0.5019486999980443,0.500856517367338,0.4909261284216931,0.4925715849985089,0.49367521231226735
0.6002971374907334,0.8006652334747594,0.5904371672266386,0.503066492259791,0.5082025120447992,0.5194867056354833,0.49407693826169014,0.5046625252736437,0.499796458555723,0.5032848989411124,0.4961197852244573,0.487449660521902,0.5034578387192357,0.5013742237451037
0.08637501791714348,0.9987841281581885,0.9450816521041913,0.5386784946851783,0.5091040782176876,0.5009280940114321,0.4982778196856169,0.5051578943818539,0.5143877002793679,0.5184153556225951,0.5089218724277279,0.4904096701399939,0.5124476108474367,0.5054812600179671
0.9997959527615445,0.03608844246227208,0.022969332715374324,0.49486473466434644,0.5028661583737685,0.4913622933111433,0.5057637085766982,0.5036945159129042,0.5104592366128149,0.5037445165029708,0.4961934545392188,0.4942016100667739,0.4927604338152036,0.49181120004641077
0.011404824872483944,1.0003106788347325,0.992742032455401,0.4984343684533199,0.5035941587167376,0.5037635467465904,0.5060164464509955,0.49895319836908547,0.5060297617979453,0.5108327301046426,0.5007754704026951,0.49407095893533803,0.49335039360823646,0.5086710113318561
0.9809890535005674,0.2009995698799383,0.12865936069083428,0.5032768304968658,0.50946761488651,0.4980901658877362,0.4884687292490021,0.4819159596269641,0.5009376145197832,0.49988374622579024,0.49028338240026,0.5236372273890348,0.491387478498236,0.4912241918994224
0.8061697739136248,0.5938299335521647,0.40417337285596006,0.5042925210144144,0.5020056861066516,0.5005318989966109,0.5285855697363537,0.5030455019884735,0.5111738677001877,0.4917134875901207,0.5008984711077145,0.5080829167470096,0.48999825537803443,0.4921132515608754
0.41914253164230936,0.9084241671346239,0.7247958621821737,0.5035407524924934,0.5071465177590979,0.4912537829600397,0.5075251019748368,0.5030937750879868,0.49856204183488,0.5065720466236315,0.4962299479447294,0.4916127691897268,0.49260064029828715,0.4918460742414127
0.8604225832380831,0.5110186147754862,0.3411860884327832,0.4935710928022159,0.5081074194996026,0.47851709230128814,0.5089732956213965,0.5046614990064897,0.5007418237387868,0.5032703033818869,0.49613097245644106,0.49515185433669756,0.5033311508387337,0.5012699186277649
0.6896543587711862,0.726850255865005,0.516713114046444,0.49835375114755304,0.5253599883814793,0.49409587785427744,0.46887159093169095,0.49869848956087126,0.5058843549491203,0.504996523671385,0.4923070930920525,0.4940384181022103,0.4898952268944852,0.49241744366971274
0.943811812745413,0.33166937217178494,0.21513584840010777,0.5065319050369118,0.5086594698025761,0.5014417383596244,0.507476143317955,0.5031363438391524,0.49876272545345296,0.5039756400335467,0.5089949664335023,0.5004205706040785,0.4936240414188369,0.5082487699799795
0.2349903439784943,0.9728236207706414,0.8491117509914898,0.49524032143391233,0.5070789360382407,0.4945886732329646,0.5084142526997848,0.4993384111858917,0.5183746779480817,0.4965166499736892,0.4932342501127858,0.5039197840815383,0.512283672653008,0.5082298423841585
0.27768422964273565,0.9612658873964617,0.8209710690440853,0.5069060375199135,0.5040850355594312,0.5012323620810776,0.5078189200291924,0.5046163642226267,0.5127179702272262,0.5102358914276984,0.5098658238104683,0.49497409290741634,0.4943989454320334,0.5011506972373155
0.049713028121903806,0.9990580704474059,0.9683479715300575,0.494701196851677,0.5031111448576709,0.5007884567689347,0.5056688721695581,0.5038704805833595,0.49996271114310825,0.4905571558076409,0.4924533811278152,0.5006372466121222,0.4925742993161717,0.49735402579290044
0.18871738750833256,0.9827963537300493,0.8792258080958345,0.5069060375199135,0.5082171991242747,0.4996957062015376,0.5077506696611686,0.5046163642226267,0.5178048038597912,0.510172661393527,0.5100259874780184,0.5008820768731487,0.4943989454320334,0.5011506972373155
0.9294668832287019,0.3698964309204859,0.2411209471036611,0.49667859227709715,0.5065928163667697,0.49139371251671593,0.49507381307379084,0.5044441061463711,0.5007571035117153,0.5048297367911267,0.4922131336283133,0.4910967971390921,0.49466449922541494,0.49894674294281727
0.9929177489763993,0.1263759887393118,0.08059397810121324,0.5032768304968658,0.50946761488651,0.49700250778954913,0.5044191393471434,0.4819159596269641,0.48848987714796793,0.49972557546994256,0.4895173262304662,0.4913185663931099,0.491387478498236,0.49105931689271765
0.6147113490088048,0.789306366182982,0.5787617967267698,0.5042373827803002,0.5040850355594312,0.5012323620810776,0.5078189200291924,0.5046240236658267,0.5110498182230057,0.5019630569531046,0.5098658238104683,0.4920927216377422,0.49439811472514195,0.5011506972373155
0.8792408721051637,0.4779858709010367,0.3170004312938917,0.4951936304760441,0.5216020226275301,0.49681399411142735,0.5103060156770621,0.5049190970228601,0.5057242888892353,0.49984078359143846,0.4903292417324598,0.49920359760997113,0.5028240357046132,0.5014039821927523
0.6773701374188236,0.7374298869573033,0.5270089627003747,0.4944557838823759,0.5024206434334447,0.49363482413636506,0.5128496418218534,0.504762613323009,0.49440543925437674,0.4956477960702275,0.4924759128411017,0.5290250553895204,0.4943288395701436,0.5083263085141605
0.9872545215997,0.16274516719855797,0.10400896621341649,0.4939056385613759,0.5026679299716921,0.4932173229629444,0.5080089357553881,0.5076343396780684,0.49317050797934864,0.4909600526229682,0.4886794412611715,0.49515504022444407,0.5036642112692911,0.49148737252706615
0.4813246401459581,0.8770822658971207,0.6804769887315453,0.4950603409134736,0.5028121370008373,0.4933975570345351,0.49065935853421855,0.4989549396348112,0.4895914435210834,0.4964965265069101,0.49323763263906917,0.49007508839029473,0.4933905162468353,0.4993131700107183
0.8038912028576376,0.5954215065518152,0.40584883397155214,0.5035155886430385,0.5072181059616636,0.5024352111428392,0.5074546182134324,0.5043258296595151,0.5113130510260628,0.5019520608567019,0.4962671236539619,0.4919315071345158,0.49473894474136176,0.4991873106883797
0.372458504766138,0.9287463311601272,0.7571950570369452,0.503927696039982,0.5020535782395064,0.49332604037455957,0.5089838876919007,0.5047430570587864,0.5145406885382448,0.5050419509215367,0.4923070930920525,0.49533712193539736,0.48999825537803443,0.4921177664062945
1.0000527604319331,0.018204332972499106,0.011587347133346415,0.4993615177334235,0.5083150623555363,0.5015457804236211,0.5079714212712588,0.5051593077757068,0.4967652583999882,0.5018692940719168,0.5019161273335923,0.5005643214067673,0.49662373920206104,0.5051952391944716
0.04256038458469484,0.9996276191663855,0.9729114845231704,0.49491181498977693,0.5030068846892214,0.49401418879798686,0.5060164464509955,0.5030879709749108,0.49833073785295506,0.4885600862580797,0.4989665761247037,0.49409475699859995,0.49298459700571445,0.5140688160058474
0.2555680080553139,0.9672355308613936,0.8355473375984928,0.5069060375199135,0.5040850355594312,0.5012323620810776,0.5078189200291924,0.5046271497781453,0.5110498182230057,0.5019630569531046,0.5098658238104683,0.49497409290741634,0.49439811472514195,0.5011506972373155
0.9734970976950081,0.23238920338556227,0.14917938611197668,0.5026146167164399,0.5027095427005249,0.49110899559498955,0.48142780176842015,0.5044602970162569,0.4990318930563224,0.4916762824319679,0.49143369421069333,0.49208753942446154,0.48919877896527664,0.5083297008478196
0.37151866557039753,0.9291217023769038,0.757838917524707,0.49470842771672185,0.503147280990346,0.49648419838677377,0.5056525359590818,0.5047605672002852,0.4978894088185602,0.5073100972576955,0.4924537888960605,0.4890429252597499,0.49420933923715915,0.4834739108753163
0.5973950221873834,0.8035581003521333,0.593016810469591,0.5029459457724919,0.47199776513498426,0.5039112879104425,0.4955496036755823,0.5033050016870624,0.5108680137692689,0.4913418772174537,0.5059389963974509,0.4912705002795581,0.4914963134229774,0.5087570046217006
0.9958702646170672,0.09616027029256363,0.06128140579262231,0.495998640907988,0.5041536019159023,0.4958318246077155,0.5085599708554843,0.5050123623719113,0.5041117465696885,0.5050020433303137,0.49206691394656266,0.4921937483711575,0.4887609045802641,0.49219517444509453
0.021075989917315262,1.0000678029151833,0.986585503496489,0.49951025509326835,0.5035958323444093,0.49632147231669205,0.5075251019748368,0.5046363296284204,0.5058059160989653,0.5037044935878926,0.500807750556415,0.4916127691897268,0.4925674938309772,0.49662871584117263
0.944138245425898,0.33087517859534815,0.21459018543309305,0.4953216932382598,0.5071280406076207,0.4944875125364293,0.5080667222737634,0.5031229224517524,0.5121649564303191,0.497069999319767,0.5013640849296146,0.49170476989462153,0.49447841516428065,0.5014039821927523
0.6954656973840112,0.7217817411238442,0.5118196641471152,0.5033152275848937,0.5022402883145081,0.5024456567459396,0.5074546182134324,0.45598042027315755,0.5112838109584515,0.4918647011498477,0.49621454509695584,0.49189740204628846,0.4946534086464069,0.499186647947079
0.4038177642214157,0.9181086417994037,0.7362038954709469,0.5040083133457489,0.527431098986509,0.5029937092668726,0.5060164464509955,0.5049977658670006,0.5145012915200697,0.5082041992303742,0.5008144850792177,0.4953696627685251,0.49355327313192604,0.4574356014302897
0.8616145829659523,0.5087880230694183,0.3395786461758538,0.4993764833371559,0.49974738985893175,0.5063374596968857,0.5074512421100486,0.4989327144870397,0.5006255415669637,0.5095686959122899,0.5083058515077821,0.4915265213947598,0.5132960082755237,0.5107461252680942
0.9995954514953066,0.04063026802761901,0.02586226372789091,0.49951025509326835,0.5035958323444093,0.4912912680257252,0.5075251019748368,0.5046363296284204,0.5058059160989653,0.5037044935878926,0.4962299479447294,0.4916127691897268,0.4925674938309772,0.4918460742414127
0.8248561389250064,0.565783735412431,0.3827436723406693,0.5027516529321061,0.502299763449116,0.5013667517580935,0.5085115767963467,0.5031194508426344,0.4987466908937126,0.5039362475783069,0.5089697175783142,0.5008488130098904,0.4936401509793446,0.5037170192632727
0.10450616491788618,0.9950987897208314,0.9333858105223197,0.5042019330063299,0.5071104468019336,0.5009280940114321,0.4981789838358883,0.49685292459176483,0.48852307680024504,0.5092955494692877,0.5092824487293177,0.49039284885780865,0.49311505013694684,0.4932828825226926
0.8880529902291978,0.4609454845608184,0.30479610797011103,0.4960454385286068,0.5076839318568439,0.5004496864878132,0.5074698685360027,0.5029177703852602,0.5106554087497956,0.5037937976520643,0.49572891693646687,0.48878919522140307,0.4912440244902689,0.4918418724004797
0.10258004810535891,0.9951517883363891,0.9346083133293981,0.49677033341324833,0.5065928163667697,0.4915724598223178,0.4950734986628599,0.5044441061463711,0.5031862212386219,0.5048297367911267,0.4922131336283133,0.4904176045363638,0.4952787724401542,0.49309942156778686
0.9331119674292224,0.3625948767793463,0.23594958988769693,0.4951936304760441,0.5071513002266638,0.4944875125364293,0.5103060156770621,0.5050185458860673,0.4921054897914758,0.49699463843152086,0.5015702625893679,0.4749353476674753,0.5120822214293189,0.5013553488072429
0.7051408751241867,0.7114549042465382,0.5028375131584847,0.5038548304022192,0.5075996537133888,0.5256765433779312,0.5092832437943753,0.5047492112511326,0.510650554568197,0.5053903417658119,0.4957188162424801,0.5031852474769911,0.5039668212075029,0.4741717467828843
0.9959885957795251,0.09373312319040188,0.05973674912744781,0.49951025509326835,0.5035958323444093,0.48984047491038823,0.5073508718761991,0.5046363296284204,0.5058059160989653,0.5033352362576263,0.49594216633655264,0.4916518307147942,0.4925674938309772,0.49662871584117263
0.5483063981295507,0.8370952435290555,0.6308307719559466,0.49543423568596157,0.5034350427758114,0.49178415461403063,0.4847412949400612,0.504917375807186,0.48842947993339336,0.5064260363352063,0.49631266782315947,0.4905021313954373,0.4931147973585004,0.4993633894094811
0.20120612307872274,0.9800138817703001,0.8710873224278843,0.4939056385613759,0.5026679299716921,0.5005332236034469,0.5081359427613584,0.5076343396780684,0.4931494580441677,0.5089936740776188,0.5087384545462549,0.49515504022444407,0.5036607085927503,0.49326343856781657
0.38393546556301883,0.923864670431301,0.749260328002777,0.49539689604052684,0.503383156672321,0.4965608876626332,0.5104501190518871,0.504682283122058,0.5111738677001877,0.49995064544439416,0.5008984711077145,0.5080524904621977,0.4900191680731752,0.5006014099025607
0.5185622234503912,0.8583853328421763,0.6540361836833859,0.4942215240311111,0.4844794460609829,0.48204016524549037,0.5097684918761778,0.49540813094376657,0.5091137763146732,0.49130265963208136,0.46471527238826355,0.5120061782438095,0.4761892492656037,0.49418410954887604
0.7287133627030492,0.6865956709927218,0.4810606419581264,0.49255051009353706,0.503396073548135,0.49369313630248707,0.49835750765699444,0.4967961560479903,0.5099446290401641,0.48240486247119885,0.5144344645592636,0.508020748945515,0.4828725112089269,0.5111067620328189
0.7363980108889651,0.6782231009994499,0.4738343780602686,0.49202008805304537,0.5022535807440359,0.4916200073406602,0.4883203474872159,0.5091333090861168,0.4864441942618657,0.5051449626099427,0.492670095152549,0.4879265940050763,0.48189539471318193,0.4938889773504071
0.7851985229926314,0.6212004425937252,0.4260984740193737,0.5006463548202466,0.5146683297049927,0.49439999512237476,0.5008066704843351,0.5137297670659333,0.5097701871281245,0.5039793881271459,0.5083896319130727,0.5204646848800735,0.4883687367441416,0.4936158475921838
0.14758282672878992,0.989895618936926,0.9057808143495885,0.4979457815532148,0.5012350089600889,0.4953066128092045,0.4820289794841307,0.5099001981303889,0.5005261181601927,0.49827842242320236,0.4925704672289629,0.49012976877561754,0.4884213631464697,0.4901007961446706
0.5756685598405341,0.8187755079374249,0.6098836965449883,0.4929631270195054,0.5086872474454877,0.5005737136224196,0.5144812881101888,0.5039510062969569,0.5104692699051813,0.5098174096647838,0.49385590532602164,0.4904024695314338,0.48561495767651,0.4999835783387257
0.6630942098186405,0.7491998919395652,0.5387658702079652,0.49363133350993504,0.5024250159214708,0.49110317135672465,0.49339911299743494,0.5009937909661419,0.5004121051397878,0.504019868566778,0.4931487034549838,0.49065718149234133,0.4883394246986595,0.49364383552428553
0.7177853913278175,0.6980101280494746,0.4911085288584335,0.49226382938457863,0.4926761341725018,0.4941945999902394,0.48051783057185093,0.503746929488329,0.4996618523007294,0.4909247424194374,0.4896521960277466,0.49034361934951937,0.48179375801648106,0.49217601537561995
0.9798424586890443,0.20568894642931473,0.13172680413786986,0.48480083778617283,0.5021501062760532,0.49319723508833163,0.4795636019607519,0.5027852972911165,0.5125535655096882,0.5020018603673216,0.49278386533944324,0.491607644084526,0.48783981839279356,0.49228109041682444
0.5342430956910489,0.8477420501861522,0.6420117838404283,0.49019050805515135,0.49476157957090705,0.4913012754688459,0.508975508032679,0.5058029336338917,0.5107510641538383,0.4917277026706295,0.4899070498143125,0.4697630892345827,0.4774709312930796,0.5042158262421881
0.8095529820790166,0.5880177107393855,0.3999192062909947,0.494823232168059,0.5044361205735927,0.4941507921646308,0.4896101364797657,0.49804488781043127,0.5105773496861769,0.5049617813120992,0.4930855767380468,0.49390671680002485,0.4898754605643947,0.4926610241226129
0.6547984557900925,0.757224043543457,0.5460985196949394,0.49359533934121747,0.5010116020361596,0.49443012487746235,0.478211535214643,0.4957455811918218,0.4979299716567254,0.4827906918948739,0.49507643692381703,0.48973353388173796,0.5054758119571544,0.4930658316895458
0.9899493467691335,0.1468410213400045,0.09374742476390074,0.4935995262860746,0.49622648207119274,0.49402035090915986,0.49329115218318437,0.5037464954550103,0.48615973641654225,0.5049627922734314,0.49263016781021046,0.4906646540548481,0.48561415409431236,0.5081294630865701
0.9187429126427822,0.39807596166886017,0.26029199222240773,0.4911015907521656,0.5084296166895919,0.5047354173232562,0.48682711386704935,0.5046640523124687,0.5088375537150898,0.48230556403297214,0.4857252425965912,0.4879215596728436,0.49065962763386034,0.4910751084094538
0.8584880769834908,0.5135902860100194,0.34322181437792665,0.4910336915014144,0.5028436457452113,0.4946409883322731,0.503920360084318,0.5038647042897673,0.4999394806134695,0.49317443436744635,0.4945507286433234,0.48721741941946206,0.5003557195918356,0.4990039751490972
0.8383321783813436,0.5468908556656471,0.36798503034785923,0.5063390318270712,0.5025520093612976,0.49228074173256536,0.4887001320867095,0.5028114643952579,0.5061898139839813,0.4959200845375502,0.508945632067079,0.5191613016259924,0.48600435807722625,0.5022105819249675
0.6752774573878889,0.7386065359283613,0.5284957003993886,0.5096981311218736,0.509777071785054,0.49494069897604503,0.48708159298522874,0.5031247387003288,0.506470686614435,0.49225704655831337,0.5085767283102645,0.48720795800018885,0.49416660596006196,0.5020964026571311
0.9593055407877323,0.2843156149812923,0.183428728357432,0.5033251833010634,0.508869480937056,0.5007103535075471,0.5083174364689081,0.5045701762824311,0.5105884421530388,0.4990322055095457,0.5095160094209746,0.5042157300874803,0.4878109888445289,0.5009203052481142
0.5887693632394713,0.808898003696209,0.5994488872944745,0.4950871323835383,0.5025861920172604,0.5076641704113083,0.5002499374088715,0.5038426229523167,0.5123578093397742,0.5018521295559458,0.4961048486948292,0.5014359213912386,0.4857406701802136,0.5012060369048456
0.8999890770200539,0.43731979937903503,0.2879543879809662,0.49188129146397414,0.508041605498034,0.5009405243024052,0.49028515470805945,0.5081187972874028,0.5091072175081374,0.5018511566675097,0.5003837353036292,0.4911502359521079,0.49035799632946475,0.5080451006795115
0.8299696398562013,0.5597862099498313,0.377759125012051,0.4950871323835383,0.5026749662993173,0.5215305411765728,0.5081457479933837,0.5038426229523167,0.5123583192848824,0.5105208211616274,0.49226147476395216,0.5014359213912386,0.4857745931963628,0.5008902595948138
0.5660768346712556,0.8248890933607007,0.6171143834987189,0.49138990343521316,0.49494553698426874,0.5063001913258292,0.4907236426793975,0.5029606959661528,0.5031767065601127,0.49696887030324605,0.5035071607223636,0.4896680015820323,0.49703278045752236,0.4921847954712549
0.46261617827441354,0.8870949481688177,0.6939794876600611,0.5036940136798451,0.5072096998207523,0.501239187204981,0.5023338592603938,0.5038122699728029,0.5113268844615861,0.5019520608567019,0.5092640900336357,0.4916100493393355,0.4943092043793619,0.5082234212292319
0.394309407938604,0.9194681675797369,0.7420907140269051,0.49497017362042284,0.5025271315968405,0.4972365774193907,0.4895531592757033,0.5045655010286415,0.5032704245421734,0.5037721570111484,0.5006596567142706,0.48781185300264285,0.4939550110849914,0.5084233887778553
0.8494814654289403,0.5287453459544322,0.35443888224082976,0.49132505859996256,0.5038638123413522,0.5014568439701375,0.5074386854948021,0.49900510859169056,0.49345454709119135,0.5016735722927731,0.4889210708324417,0.4911720763272183,0.4882883693377311,0.5079317440404076
0.24708821747869375,0.9694466699295925,0.8411238382792973,0.49921041514197145,0.5079260393867139,0.49985227215816036,0.5101250830048178,0.5025997583588538,0.48816600596458015,0.49878798410204156,0.501870262256487,0.4906369423367756,0.49429048337155423,0.49873478474207067
0.9077751359470769,0.4199276381770687,0.2758309547140658,0.4951184998619984,0.5034805069711086,0.49810207797353234,0.5106285086311699,0.503174423175227,0.5002837113952965,0.5019158264620018,0.49609376873395117,0.5009984544762681,0.5036867643468613,0.5011198106564133
0.7654323865439006,0.6447730599160667,0.44566218273230696,0.49368073914290456,0.5069182841988995,0.4932173229629444,0.48843526145506616,0.5028313246172483,0.5184025039553907,0.505315555107295,0.4902468198401264,0.49437412108848966,0.4937203205615746,0.49928271368320143
0.745774172824301,0.6668859429881879,0.4644856552119671,0.4951355218895403,0.5024060253203048,0.4981324113361469,0.5080162575855927,0.5029137919675166,0.5100745466441237,0.5034640703636645,0.500767879321413,0.49891897325917967,0.48575492082446836,0.4941676161831675
0.20623262303414014,0.9789145968449743,0.8678132947218927,0.5069060375199135,0.5039527590692019,0.5013310760067067,0.5078189200291924,0.5046273070636704,0.5111217391560278,0.5019919373025941,0.5009419410425241,0.4916166797480423,0.4925857544243831,0.5011506972373155
0.9694732358244575,0.2484151481967,0.1596899194155701,0.4951185374459383,0.5027345433560739,0.49811213366730567,0.48705985776673855,0.50317005376059,0.5146677685788518,0.5104116781779319,0.5092495190669875,0.4919149331902415,0.4920722051757174,0.49335018856201496
0.6863943315403461,0.7279150501246077,0.5186842573382029,0.49583608674593355,0.5024206434334447,0.4932173229629444,0.508510453054839,0.503123010102574,0.4938698106466023,0.4916538764021811,0.49217488546254173,0.4943018066929456,0.48792295514714507,0.4993308706473612
0.6987407292429686,0.7161007871130828,0.5078109112506899,0.49449532199547486,0.5082262137855956,0.493674629342374,0.510218824102,0.5044944642548943,0.5114667976645755,0.5070405138789141,0.4962830183447747,0.4946779473236288,0.5057409729516074,0.49924175614662925
0.3147990992753104,0.9498576154911168,0.7962657606318078,0.5084422932847883,0.5039267057736201,0.4933184269308992,0.5078189200291924,0.5047458039386331,0.5109199798001846,0.5019919373025941,0.5089629354768942,0.4916166797480423,0.49007390825088337,0.49125856095221493
0.6392877423628408,0.7698051558995428,0.5587992181685678,0.49503184510711007,0.5080017181561994,0.5008343527027996,0.5109465933241295,0.5045409324471353,0.5123537416303214,0.5105984028150132,0.49446092470084557,0.49783051118339605,0.5063715451707173,0.508567988608981
0.5067908539572625,0.8626159607997363,0.661839643019539,0.5036940136798451,0.5037355181885,0.5059672555462787,0.5023338592603938,0.5038122699728029,0.5113268844615861,0.5019520608567019,0.5092640900336357,0.4916100493393355,0.4943092043793619,0.5082234212292319
0.41706503532686373,0.9098765230025075,0.7263826930630972,0.4952121409644607,0.5071476568532431,0.4939936491294611,0.5001118088942471,0.5045330959560375,0.5147849962145925,0.5019093661578227,0.4961313387157117,0.5012822998925638,0.5217192259499626,0.5082234232855323
0.4434954397315225,0.8967776887545593,0.7076178764661131,0.49379256349921247,0.5028661583737685,0.49393791196772996,0.5055790085322657,0.5038178752981913,0.5113116499756116,0.5037445165029708,0.49345964856710645,0.49415733825445907,0.4940764145102196,0.4918797127063592
0.8896831484104089,0.4590989496944869,0.3032763951378307,0.5037959368193653,0.5041150789047061,0.49674728458509465,0.49411573244403545,0.4987922939703316,0.4992533599343538,0.5031253534277523,0.49690765681653326,0.5313984323431263,0.49371865458906977,0.505486251325847
0.816838414313436,0.577664406931355,0.39186418108299703,0.5038449902880368,0.5028025025144118,0.4965301553946024,0.5068408795636837,0.5043296064117757,0.5100025428663809,0.5051486601983816,0.5094949041753851,0.49149426187883805,0.4938006604627664,0.5057238071544242
0.7542679514311845,0.6569821995922576,0.45618338446295725,0.4951340929995433,0.5026243325596299,0.49632147231669205,0.5057709145205393,0.5046346074060178,0.5015050510491859,0.5036928323175309,0.5007548797525917,0.4916567035920768,0.4913022514016512,0.496503271346356
0.9499323191365511,0.31364848084561087,0.20302422775546458,0.4950379980414933,0.5034062513926385,0.49490755017992777,0.5085125914781462,0.502698328528468,0.500210592037022,0.5018476765875252,0.49609380417716725,0.4989404150342371,0.4854872882978755,0.5009798784742205
0.2828217841920515,0.9597668863066756,0.8175659621089431,0.5069060375199135,0.5040850355594312,0.5012323620810776,0.5078189200291924,0.5046163642226267,0.5127179702272262,0.5102358914276984,0.5098658238104683,0.49497409290741634,0.4943989454320334,0.5011506972373155
0.8682561797732453,0.49770984575504895,0.3313621843383039,0.503066492259791,0.5081074194996026,0.47851709230128814,0.49407693826169014,0.5046628724861201,0.499796458555723,0.5032848989411124,0.4961197852244573,0.48738199580960123,0.5033412921565138,0.5013742237451037
0.5456856517923327,0.8385100926989556,0.6327191560765294,0.4951936304760441,0.5034350427758114,0.49145110161603656,0.5079150287948522,0.504917375807186,0.5122064316989107,0.5064260363352063,0.49608154377921376,0.5009208065356383,0.49415217593288113,0.4993633894094811
0.6054324330373532,0.7967278314410673,0.5863205079390491,0.49470842771672185,0.5030993888574913,0.49648419838677377,0.5067403735206811,0.5031180626851188,0.4978894088185602,0.4916536463854341,0.4925383995249188,0.4890429252597499,0.49420933923715915,0.4834739108753163
0.7963450193227348,0.6054367430033625,0.4138290727372166,0.49604737823390216,0.5034436172518177,0.5012867596487937,0.5085599708554843,0.5050123623719113,0.5041117465696885,0.5035718749037983,0.49630319783626536,0.49219192154196323,0.4887609045802641,0.49885702701817103
0.9390248183446992,0.3447969464601482,0.2240281989965957,0.4950379980414933,0.5041667977574192,0.5014042178251648,0.5085125914781462,0.5050029047270813,0.5001127475014009,0.5018480950439005,0.49618197643834194,0.5005705862778823,0.48839196907208243,0.5056296076645801
0.7737855738965675,0.6349709567156071,0.43747126250620577,0.49667859227709715,0.5030867935230658,0.49138523044612303,0.49503580101222544,0.5031888532087145,0.49748749036712137,0.4915660474540582,0.5194594219431703,0.4910967971390921,0.49466449922541494,0.48350107349302424
0.879726296228082,0.4764911307377109,0.31601727711639727,0.49514482815983946,0.5070285084153958,0.49458709109166166,0.5084060813543384,0.49577918371211943,0.5122195586755646,0.496457997963453,0.4903345651886813,0.5033906946462413,0.4954436148583825,0.501634053915091
