7.064762995595526E-7,1.0005791254735121,0.999999550503534,0.5081682506853715,0.5006652046625073,0.5063789008621735,0.4923991992257891,0.5067667951964746,0.49735749069651713,0.49991128582005745,0.5030763036785728,0.4990937968651757,0.5095866295297117,0.5160789163689796
1.0001473788421271,1.6735528856641863E-6,1.065259860350866E-6,0.5018279271003653,0.5029202868700632,0.5001492013041802,0.49329165211604137,0.5003647009736435,0.503535390558281,0.4948222222117585,0.4937236420978657,0.4981515599155529,0.5014755281856189,0.49753884182426505
0.7951642694900636,0.6068172383369633,0.4149833303834508,0.5050895444288638,0.5027536571772482,0.5029129885358891,0.48945288684191424,0.49647442077903614,0.49779231547446323,0.4999739887512898,0.503289320665821,0.4995294078997724,0.506773709247532,0.4945950482804305
0.09156309965191874,0.9963126534038758,0.9416572715647344,0.5098355554358768,0.5024642146006237,0.5028175221030048,0.489444362958541,0.4972428801271974,0.5091182075665851,0.507188842149649,0.5038312994893793,0.49828712354005794,0.49474133873210674,0.5100678698082888
0.4825087676263245,0.8761374543314409,0.6795269543555178,0.5018296854623988,0.5029541555693837,0.5013029348607716,0.4918347267974415,0.508240275147913,0.5025892766306501,0.4998031051586242,0.5041362059528237,0.4967415202162587,0.494816216662949,0.4975373348223994
0.25804429963864606,0.9662771734677974,0.8338675625385059,0.4997457361005806,0.502118364520256,0.5027897193952304,0.4953381072417975,0.5048283186814266,0.4946014741222565,0.49979053063611956,0.5031242033381118,0.4966656663035985,0.49877866890759,0.5055018166534502
0.673047036650007,0.739860006142073,0.5300818062434022,0.5003509442819083,0.5078863244279698,0.5004992003329556,0.49234918986375353,0.4962370522891033,0.5055041712480635,0.4997606227211333,0.5044400218342944,0.498376538250509,0.5019362416185695,0.4990836078962838
0.9183039798968178,0.39641144905682996,0.25943095228077595,0.502203905757306,0.502813933231412,0.5078934753287636,0.49387919635848687,0.4986052633512449,0.49536705548503995,0.49926847892775805,0.5032541907076938,0.4990132419543433,0.5065444776063219,0.4953944716138623
0.7815812266647068,0.6258841741629882,0.429860836636783,0.5025335966561767,0.49157049445858353,0.5012242423225702,0.4911932535158838,0.5048875479217942,0.4955638832919506,0.5025343636465561,0.5033581002017751,0.500804945774584,0.501257882981237,0.46714833183185667
0.8166923318445395,0.577838058928794,0.39200807519965886,0.4996880057193019,0.5021895771083509,0.49404860614643253,0.4878177396569909,0.4962077176462917,0.4963677994077144,0.4997551989563774,0.5035438414546443,0.48652636850578596,0.5054642494267079,0.49890994373744113
0.4488525574502215,0.894337667289232,0.7038746617316556,0.5049646559545582,0.48715956912716324,0.502878506337835,0.4894951498882733,0.49550612802697513,0.49517090871855,0.5070988965776873,0.4871107005526074,0.4967304776346397,0.49486535120933883,0.49301666758802265
0.6020488065354933,0.7987004230495842,0.5887949151081137,0.5003509442819083,0.5078863244279698,0.5004992003329556,0.49234918986375353,0.4962370522891033,0.5055036716320466,0.4997606227211333,0.5044400218342944,0.498376538250509,0.5019362416185695,0.4990836078962838
0.02431433787935294,0.9998844403457724,0.9845222731019678,0.5020680648021967,0.5026466251177177,0.5051643523182786,0.49177264491264233,0.5061501014622802,0.497400155566433,0.4987812397054121,0.4973759508213478,0.4991211220959078,0.49987624073875303,0.5045432605006392
1.0001053592317406,0.016403746881737905,0.010440913234610577,0.5020799055808431,0.4928512631665933,0.49385636844545505,0.4907246348475709,0.49884883468188457,0.4963944623763261,0.4986142954144741,0.49732495742239197,0.5009685003744553,0.5054629550907863,0.49745295662728417
0.9874747374806296,0.16016949300702746,0.10236889538082111,0.502884501398319,0.502130589764131,0.5041387357064646,0.4878394738393805,0.4988034050542716,0.5054785183148556,0.4878872291873416,0.502136636641494,0.4957716128145873,0.4986727652863493,0.500031606286006
0.6552463422803532,0.7556667694171655,0.5452345402398499,0.5002679334443383,0.5028733802709205,0.50401163338902,0.49362322300056327,0.49109415099223336,0.5054484693897402,0.5006589188806221,0.49650639689090487,0.49959116410067084,0.5017631073999486,0.500000515957564
0.049161742482667865,0.9990098930259718,0.9686968965659751,0.5019710386466749,0.5025800556217235,0.5023623209889992,0.49186965953939027,0.4986859735736588,0.5080688580752211,0.4987631466533706,0.49391484840446226,0.4973878382537177,0.5019356719497342,0.5045399123005032
0.8472576582511105,0.5320180428874567,0.3569546923178149,0.5000085640885548,0.49280637356055756,0.49080772602411793,0.5027872152238071,0.4886944200592505,0.4968942603599815,0.49982572385414886,0.5040422097662707,0.4986729365494952,0.4895469179467704,0.49405057910260575
0.33922406371453523,0.945257116610194,0.7806497728042585,0.5004167781641561,0.5021779756280675,0.505383197063415,0.4920817803711417,0.5043656855376916,0.473758080004389,0.4988048265646058,0.5035724052414781,0.4966466638313897,0.506138512633434,0.44155848144526455
0.1673615047317419,0.9862987384751356,0.8929935287464332,0.501907404111897,0.5023636821102929,0.4940680166185509,0.49149282760797175,0.5051489778409215,0.5051631962283478,0.499991353093194,0.512904361593048,0.49911333601696134,0.50614534186932,0.4952641556133329
0.6989670858333961,0.715704575020211,0.5075317260585398,0.5024568815412819,0.491729636733737,0.5013454179541416,0.5031283169495435,0.5007393120138254,0.497058022616794,0.49993461557316715,0.5022587757673537,0.4966612993358252,0.49965704723686827,0.5168027055045711
0.5856428137292672,0.810866831817147,0.6017952040069084,0.5005503961850098,0.5020913755819352,0.4933013459788642,0.49105581268670445,0.49677915188007643,0.49638019096809094,0.49968871085716454,0.5036214772721807,0.498382113016588,0.5060596106854655,0.4940283627417501
0.8561466097290737,0.5172827026063049,0.3460035407171673,0.5005587870249021,0.506981500282492,0.5028964331027362,0.4888484424298591,0.49647442077903614,0.49773155796457025,0.5000400062864601,0.5032944843109859,0.5004264920289643,0.507153617091542,0.5047516796600509
0.9367283882325858,0.3524977890463796,0.22912986993485823,0.501766226039964,0.5026370420172108,0.5065750571204304,0.5194793137321336,0.5080991616409982,0.5118990853919358,0.4998096707188939,0.5028773980111397,0.5005081852710862,0.5071577580177348,0.5125409102757169
0.9992058114814814,0.047687208160775665,0.030359713251503107,0.49947285856900886,0.49352879358714596,0.501919719647018,0.4881144938778333,0.49727479459266766,0.4960332069214508,0.4987222554554504,0.4927432222339017,0.4983408398284539,0.5018827492281389,0.49150031018217355
0.6299266332813324,0.7770774051016738,0.5663393716468018,0.5000410127323729,0.4997340752014499,0.49473620574683697,0.4878643080662971,0.5008454774314263,0.49464350697959736,0.49989484274052703,0.49642070430570745,0.4916777814599799,0.506361110256606,0.4988307069026276
0.5021804325119315,0.8664495945279468,0.6656011094529699,0.5021703308354037,0.5028710487981346,0.5056460552293324,0.51910756860016,0.49591735282937577,0.527868146984189,0.49970250566340846,0.504130763257698,0.5003934171644708,0.5091528370022368,0.5124364829751978
0.8912455975648023,0.4547208015616518,0.3003449661164581,0.5011931399395808,0.502180245274516,0.4934065017921564,0.48943891074341883,0.5012242611312838,0.488861904750057,0.49838387003174073,0.5042112172469555,0.49663757661182567,0.48620991703246685,0.49398746682199696
0.5393851368362785,0.8458725797109233,0.6386186814762869,0.5499406402890713,0.50216663363532,0.5005238061249043,0.4920350387488432,0.5000023753955519,0.49708202551546227,0.4759544509135694,0.5039859056505497,0.49834139532995086,0.5016389510800939,0.4934649643767005
0.9698448365635595,0.24455308715074034,0.15724996870236416,0.5004426058383884,0.5000066216867943,0.501206865836513,0.49208284695494936,0.5045733062237805,0.5077727181411188,0.499826598374447,0.503500763772876,0.5000960263590476,0.5066668762304787,0.49957190239985944
0.9829685558309832,0.19101461541774334,0.12218782538107109,0.5003945722297032,0.5021661400528931,0.4659320729825942,0.4908218412574473,0.5005004803790682,0.4971573508037335,0.49419324820174004,0.5038302739561255,0.4984975436923382,0.501631582483156,0.4933206905954801
0.9765436742956002,0.21587898168370748,0.13850635962063929,0.5004060756550306,0.5029196002480615,0.5004365718090823,0.49760199702255964,0.5005051255909532,0.4970621989389493,0.4995912750471579,0.4930980938976728,0.49666967123076244,0.501404214049172,0.49397904330310477
0.9404719929453013,0.3403071409617783,0.22102793648634153,0.5003092657484485,0.5021417233946973,0.5005238061249043,0.4921086626934482,0.4974493311332742,0.4964054791653396,0.49974689614104717,0.5040457499097296,0.49834139532995086,0.4995835884295465,0.4935011041095999
0.23411720668980568,0.9724529416690004,0.849596543371448,0.5043212919733759,0.5000066216867943,0.5057941324730436,0.504496146380087,0.5033739176985186,0.4970570558938562,0.5071464307011138,0.5062026724000385,0.49911331149850324,0.5073994426139466,0.4995767842589306
0.7572035857927737,0.6535428137896516,0.4533054905891357,0.5000745735679415,0.5025600997947524,0.5070261423487856,0.4893573966264298,0.49865312166199977,0.49702738661091195,0.49715959036399165,0.5040107598637277,0.4983278078595033,0.49797000387588636,0.49482326895795997
0.9733443068387128,0.23180393477927966,0.1488397529325258,0.502884501398319,0.502130589764131,0.5041387357064646,0.487802142526775,0.4988034050542716,0.5147907540010707,0.48803422024692006,0.502136636641494,0.4958215726173846,0.4986727652863493,0.500031606286006
0.9066679547533287,0.432798796417836,0.2835279996475161,0.5017568714034643,0.506854853435059,0.5042478357128646,0.4886468775485999,0.5077504651572519,0.4963061652107414,0.43520959327941017,0.5112326355035179,0.50030871840594,0.5071546161470483,0.5048893032055223
0.35473278972002753,0.9351631318065765,0.7691878030301701,0.499660654152608,0.5021975574108432,0.5051079327784764,0.4919017256255569,0.4987831021622906,0.49640532877456,0.4988048265646058,0.5035724052414781,0.4966466638313897,0.5054277279935068,0.5040969930887599
0.5159699161703774,0.8567879221792157,0.6549227656224612,0.5018129248658854,0.5026360103358585,0.49361915914728055,0.501317435691287,0.4958662493763287,0.49728854517770305,0.49919542829745456,0.49349834619605554,0.4991101921436127,0.5013293644227746,0.4942874487007526
0.7242212355582139,0.6916196958914314,0.4853436093414156,0.5082291190942838,0.4706729840268361,0.5059902531791048,0.5156477062512286,0.5071339974347091,0.5115899273449689,0.49969338752301334,0.5040904784024536,0.4990716217848021,0.5018376486067933,0.4988655783207682
0.30497175232553,0.9527058237735664,0.8027727992743916,0.5017553688167328,0.5024219585970424,0.5011945146591219,0.5031283169495435,0.5006836541261747,0.497058022616794,0.49980361688652225,0.5022587757673537,0.4966612993358252,0.49964947700176343,0.5168027055045711
0.14714121966152952,0.989339495780122,0.9060066203698427,0.5018439007373096,0.5021430715578069,0.4939413624743778,0.49105147599157034,0.501341157771542,0.5054673384424921,0.49906423702292113,0.5043771662369614,0.49844529554773115,0.5064543855219773,0.49900710187417807
0.11644192617966627,0.9933627456114942,0.9257144681472141,0.5004060756550306,0.5029196002480615,0.5028855747681389,0.497441511503116,0.5006527227380655,0.4970621989389493,0.50682714649699,0.4930980938976728,0.49666967123076244,0.501404214049172,0.5049185941889245
0.8671357321866562,0.49932205777028094,0.33260658847364644,0.5017588339718126,0.5024241305572154,0.501282083678654,0.4918347267974415,0.508240275147913,0.5025892766306501,0.4998031051586242,0.5031673633445904,0.5005217538599596,0.47896313167068494,0.4957024833075704
0.43377955995388656,0.9011890962567468,0.7144062815815432,0.502056688706742,0.5030358965775787,0.504912568907358,0.5027260510808325,0.5033541320451156,0.4970658585672815,0.49736563065213574,0.5040701829243351,0.4989543350507341,0.503418368068062,0.49278338554989715
0.8287313069107447,0.5629452878390553,0.3798633919397789,0.5018301439214318,0.501589942442062,0.4940680326991835,0.4910284731377073,0.5051489778409215,0.45984336096540335,0.4998090863964008,0.5041096618970117,0.49653063174093864,0.50614534186932,0.4952641556133329
0.3815225649456991,0.9245724667560244,0.7508514237184859,0.500282644614287,0.4929894860368175,0.5007878568998062,0.4938562119412354,0.4984944473811503,0.4970462668544441,0.49710071803669237,0.4972617783233996,0.49664736265894943,0.5054633431948857,0.4935765828199877
0.7707471470171244,0.637564819506494,0.439974169772437,0.5004161844843534,0.49237037679889867,0.5012670208024366,0.49180379996684404,0.5082654278905553,0.49664465239039335,0.49923253923760397,0.5041378021212464,0.496725474267834,0.5014714179147302,0.4942856005689143
0.28570880880266886,0.9595444612622546,0.8157650684541986,0.4997457361005806,0.502118364520256,0.4672579815101847,0.5037429831238768,0.5047597579991734,0.49552275394060025,0.4987710818454121,0.5031242033381118,0.49927859739658,0.49877866890759,0.5055018166534502
0.32184619854697855,0.9471481679782296,0.7914661597208014,0.5024568815412819,0.5021435605157567,0.505804058777144,0.5046347976938832,0.484565307404209,0.49705104606469785,0.49993461557316715,0.503623883297289,0.49664942449829896,0.49966105131202526,0.49976921516030787
0.9906429287897139,0.14498624635306753,0.09251610358086204,0.47669786043783435,0.4918814830430191,0.504112597483467,0.4862526473261922,0.4986641873152615,0.49477336088357926,0.4887907351163662,0.5040904784024536,0.4959461039299008,0.507114082671877,0.511965240281619
0.5619431240381205,0.8273535006297851,0.6201714856292151,0.5000617730009415,0.5022258151353592,0.5076131036938479,0.5010981904656365,0.5074615008435787,0.49852526276451786,0.49873559158954595,0.5040688035055553,0.4988878266044814,0.5014912486609121,0.50182951020368
0.6155069019055623,0.7902940688466007,0.5787485941989596,0.5017319427657535,0.5015793695831731,0.5042024239407353,0.48867833270791333,0.5059869191662297,0.4659403148297031,0.49995347850066824,0.49238101695016423,0.49827436635512584,0.5071710665122017,0.5156711138610515
0.28204721319209225,0.9614173614126729,0.8183344720414913,0.5037577166139762,0.5025407955768408,0.5059780623193361,0.5044860084766457,0.5045333556510362,0.5055957650720992,0.49993048370501564,0.5030958427799903,0.49666152484169324,0.4615847738599148,0.5176167177814207
0.19148398775888864,0.9818329426813925,0.877381084741089,0.5005091309248846,0.5019952261956647,0.49359075318112133,0.49105147599157034,0.5010542427100968,0.5099977926570824,0.49907520812610306,0.503892783284349,0.49850314260708395,0.5064545982212698,0.4933221032376496
0.49068684505644417,0.8716077649931684,0.6735766982069167,0.5017588339718126,0.5024200881651174,0.5012670208024366,0.4918347267974415,0.508240275147913,0.5025892766306501,0.4998031051586242,0.5041362059528237,0.5005217538599596,0.5067136539455169,0.5047417012725911
0.4157644291833402,0.9109087909466291,0.7274078705443213,0.46971947709608164,0.5029498892335832,0.49534006881344855,0.5028094815222163,0.48977633050060937,0.5097374080503514,0.4992519726763609,0.49746963661410026,0.49539859523466145,0.5064994921383184,0.4909639493716292
0.8630801124136022,0.5061870796888722,0.3376795376393774,0.5021703308354037,0.5028750911902327,0.5076951573128938,0.4912144417201379,0.49591735282937577,0.49536705548503995,0.49926847892775805,0.503163277983773,0.4989883740187041,0.4814023147274048,0.4953944716138623
0.9802277339049146,0.20143142354514862,0.12902571716826433,0.5049319727873081,0.5023103970548679,0.5004499309769814,0.48965563540771695,0.4953585308798628,0.5078726934400106,0.5152091635582144,0.4866903011063084,0.5005107112783406,0.5067072877946383,0.493987205559495
0.18614503477502262,0.983991408675245,0.88097498263802,0.50248301868718,0.5021309543210509,0.5040395805901005,0.4785677940517459,0.5101459565296667,0.5086230211651569,0.49959719264536456,0.5028620490637011,0.5277297095257276,0.5014183410734473,0.4992731397229189
0.9142654678261032,0.41398996903350166,0.27068407881836887,0.5047769206567078,0.4854072508290646,0.5468435868797605,0.48932392615925546,0.49417796600117603,0.4955355060149051,0.4789920501307751,0.4775198020091561,0.49659572843611466,0.5067359641856242,0.49486304751512
0.9655005590596507,0.26252450068288746,0.16901402649943734,0.5017106002827215,0.5007846251710948,0.5040968810227121,0.48943891074341883,0.49175963242235116,0.5090120941998962,0.4984351725428655,0.49316840043322263,0.49584132871756936,0.4864883334855773,0.49498961027480576
0.23017721565893512,0.9751345932316364,0.8524292669405829,0.5024896783750796,0.5074632231760452,0.5055639613304089,0.4939199389792886,0.5101476287731987,0.5301460135571616,0.5024249968677174,0.5033751890420842,0.5272564419989368,0.5055355183842282,0.4995125684410202
0.9929362555018885,0.12349684026944813,0.07877530066194305,0.5000976175241807,0.49428525229151976,0.49531432391932395,0.4974697163544848,0.496959678470916,0.49777492665580153,0.49970404832374876,0.4933684350858134,0.5214751924192349,0.5022962805140566,0.4989880370131063
0.7443311527600441,0.6682415029847679,0.46574094349164524,0.5000982155785517,0.5023359045693917,0.4936162236236982,0.4894230562652744,0.5055241061658502,0.4955977305790824,0.4987359112450529,0.49356598989425493,0.49880835773958054,0.5014484403912837,0.49423409299882876
0.9639584868222804,0.26707971549344545,0.17206912311537348,0.501886510197814,0.5021309543210509,0.5040395805901005,0.49105044993279845,0.5069486805450646,0.5086230211651569,0.49959719264536456,0.5028620490637011,0.49977976239907257,0.5014183410734473,0.4939862712843243
0.6191252154577765,0.7859709770630207,0.5752420170919277,0.5017106002827215,0.502180245274516,0.5061980782730677,0.48943891074341883,0.49175963242235116,0.5090588601682711,0.4984351725428655,0.49734508893320906,0.49826152804347407,0.48629730127938975,0.49498202837136607
0.956032465419034,0.29396264165287195,0.18990792710624865,0.5050105979281221,0.5027536571772482,0.5020800493541745,0.4896490436521716,0.49682108941672987,0.49732918775113677,0.5006990421139387,0.5033366028963658,0.49820165915324216,0.49926028199899236,0.4945931097184871
0.3984508492263784,0.9174980492233976,0.7391740950199147,0.501921664442876,0.5029837034211607,0.49463531342711536,0.49130503827469396,0.4901868204254767,0.49576690644872,0.4992432669942833,0.49651617966552347,0.5004245594451205,0.49780650198673965,0.49417433421330925
0.8753530391745876,0.48589665636311563,0.3226007067331492,0.5047780727049025,0.4854072508290646,0.4801911682125676,0.4952961812655709,0.4989273075047895,0.4946142261965613,0.48001149892148254,0.502165386504583,0.49651459575408763,0.5067332301419061,0.494861480432125
0.5733479654571345,0.8201523630248541,0.6115951891990123,0.50036484450014,0.5021413058802207,0.5005238061249043,0.4921086626934482,0.4767533941314925,0.4960436372140987,0.49873341001598087,0.5039859056505497,0.49834139532995086,0.501544080845696,0.4934649643767005
0.9962181020598349,0.08983588738895204,0.057253557071746675,0.49968648182684033,0.5000262034695699,0.4944046937879554,0.4919027922093646,0.49882306918342734,0.5083746218352605,0.4997923608478214,0.4964126696034525,0.4929791629597553,0.5054275495181834,0.49944350735431414
0.04825300248781628,0.999216116344991,0.9692809498525066,0.5020617417252529,0.5020115366920422,0.49402858124038485,0.49222401223258133,0.496844632018891,0.508386075682145,0.4997099348454353,0.493359726516489,0.49738827066855057,0.5022962805140566,0.5118132299890114
0.9460483190932057,0.32471925335490986,0.2104904703730076,0.5018243413029692,0.5021526155788261,0.4939413624743778,0.49093604257628654,0.5018984714444987,0.5054273941513389,0.49906423702292113,0.5043771662369614,0.49844529554773115,0.5064543855219773,0.49900710187417807
0.5522272035355483,0.8340126821220936,0.6276683145907904,0.5021703308354037,0.5028739725628306,0.5076951573128938,0.4912129185488847,0.49591735282937577,0.49540978479066716,0.49926847892775805,0.5033755562639912,0.4995930164259807,0.5067484327129306,0.4953944716138623
2.379312457843412E-4,1.0001472364750916,0.9998485505662079,0.5000183851494618,0.5022755197566923,0.5049155509643619,0.5031496696559649,0.5033255018528734,0.4969051267582154,0.4999121952522325,0.5040701829243351,0.49882140509403017,0.5069484927427612,0.5045958077793937
0.6891198570019118,0.7255216445862939,0.5163779903709964,0.5044590934876051,0.5016535293756961,0.521299998747456,0.4997167051520031,0.4896882985468477,0.5055625835228564,0.4986536075754104,0.5019268609752516,0.4967395442883387,0.4990632739872164,0.5017381739652979
0.886348872654634,0.4674334559569371,0.3089533540484613,0.539336440558535,0.5015793695831731,0.49334508554237105,0.4923296836799485,0.5059869191662297,0.497058022616794,0.4999021759895435,0.5021431964525578,0.4966551723615839,0.5096555590293619,0.5156711138610515
0.6411508552922836,0.7678432519183083,0.5570893564491425,0.5018279271003653,0.5021652678448234,0.4939246615837054,0.5009346507862652,0.4981487925319296,0.5035199824482886,0.5057218212006602,0.4937236420978657,0.49813663033720856,0.5138147047748582,0.49916038600617
0.5408470844772545,0.8429599185248202,0.6368397399720701,0.5000533573872284,0.5021778264092023,0.5296324470217536,0.49131342199939415,0.49690421783980926,0.4925320653434045,0.4992515578642368,0.5033787272035781,0.4788718475711487,0.5056533793740099,0.494227157098425
0.9590930045037825,0.28376535369422806,0.1831313666823437,0.502022555701254,0.5020029870388084,0.5055266374379659,0.49175518877352065,0.49397049108715474,0.49735824300491915,0.4983659836686156,0.49732594863152535,0.5007215458595934,0.4976789490991115,0.49496217071201376
0.8826239515926904,0.4709909040948143,0.3120614569784112,0.5017466102800544,0.4860070595014055,0.4929301123932202,0.49183482411106644,0.5059949254569807,0.5025892766306501,0.49980366632394596,0.5041362059528237,0.49665499823592296,0.49444570333929083,0.4966372561927054
0.4006959704717543,0.9164082273465265,0.7375870134801439,0.5020691655082883,0.502351469385731,0.5052245902109239,0.492137204063328,0.505628305986275,0.49541656480096447,0.4987544264218862,0.49711288571341916,0.4991430405627288,0.49987624073875303,0.5042872595369569
0.5158258012466804,0.8571925256847246,0.6551341524390105,0.5037625073872848,0.5026395798787514,0.49404296874630355,0.5043548107872493,0.49591084876785546,0.5081762702884856,0.49919542829745456,0.5021836569078031,0.48387206086645046,0.5013964335345802,0.4990371267100571
0.9991836997064243,0.056080333670668066,0.035693567960320305,0.5164464671301143,0.48711000254979625,0.5018979040063276,0.4881144938778333,0.49727479459266766,0.4960332069214508,0.4987222554554504,0.4927432222339017,0.4983408398284539,0.4952787672205717,0.49150031018217355
0.44830135519344805,0.8946059954864342,0.7042646573177097,0.5018272033630062,0.5028740504910657,0.5057279965593292,0.5027275518135864,0.5224227894688073,0.4954703571382237,0.502468600007866,0.5036038839871485,0.49810748898660573,0.4996303503776589,0.49301149020340673
0.6480923289585651,0.7619495293129815,0.5512940968626368,0.5017588339718126,0.49237037679889867,0.5012670208024366,0.49180379996684404,0.5082654278905553,0.4966445606075221,0.49923253923760397,0.5041378021212464,0.5002590630005753,0.506738488288345,0.5047417012725911
0.577800783563227,0.8163679310320917,0.6078920296112222,0.50036484450014,0.5021414187496633,0.5005238061249043,0.4921086626934482,0.4974256282493077,0.4960436372140987,0.49974689614104717,0.5040457499097296,0.49834139532995086,0.5019296997579009,0.4934649643767005
0.7616746581866598,0.6489643818128178,0.4492418129564549,0.5140803962301652,0.5023574170115677,0.4940470106460209,0.48964308811108487,0.5055241061658502,0.5147500489965352,0.4992049742905423,0.5040411365141364,0.49880835773958054,0.5061074406249735,0.4989837710081333
0.9474914287520536,0.32169924516509607,0.20837505060918476,0.5037717281470235,0.5028979667271063,0.5020626065328743,0.5027275518135864,0.5073454237160777,0.5053419251377181,0.49919694137496745,0.5215419423183768,0.49910887945416454,0.49959191218098986,0.49429503986555046
0.7277608055728684,0.6861949356834158,0.48129076087898803,0.5024266148456323,0.5034217434656201,0.5074773627141572,0.4895704437439446,0.5007868917889853,0.49702738661091195,0.49715959036399165,0.5040107598637277,0.4983278078595033,0.49797000387588636,0.49482326895795997
0.6165896536657114,0.7877134465138974,0.5771958139990272,0.5002602524418536,0.5022570804880024,0.5078542399225291,0.49189681437745003,0.50692451354391,0.5094462515695513,0.49967059338204034,0.5038217561572123,0.4966831249670012,0.5063754956897932,0.4987654569202799
0.666194057904075,0.7466219189340246,0.5362019995977869,0.5031949160064725,0.49347406848275877,0.5051269521182822,0.48321684881721516,0.5071361709505825,0.5050325096065132,0.49867006354429594,0.5051027609749852,0.4964390969599793,0.5068355693575111,0.5102464753846272
0.5466108406255447,0.838279003114228,0.6321456785148593,0.513647237881242,0.493502554485363,0.49257615954086253,0.5085866966530026,0.5081823790372907,0.49746687208855866,0.49909765365909925,0.4976377294288088,0.4950588715149662,0.5162171384899652,0.49522629528935913
0.24551711712257399,0.9699839384907221,0.8421769188306674,0.498967918497784,0.5023847811500102,0.508743983802084,0.49199006431540926,0.506539234610369,0.49813029555294724,0.5002745359852107,0.5041658008419695,0.49656662108444977,0.4982330545698834,0.4813554878644526
0.9999773410857468,0.023320179782957518,0.014843733390655589,0.5002602524418536,0.5022631372308486,0.49510385000609464,0.4918693762168767,0.5068162352392027,0.49752081377993884,0.49943171854404944,0.4951802911859273,0.4966831249670012,0.5064371961362172,0.49496435596228994
0.8992655890856867,0.43828637897796435,0.2887088590530771,0.5072368501273403,0.5018281695450258,0.5050543909840932,0.48811614456221586,0.49301005148219135,0.4966362561664302,0.5023178103550595,0.5060277726572536,0.49673126732118456,0.5051340881927614,0.4949711751472347
0.2842123683242035,0.9597253219517902,0.8167101015994467,0.5136051718178111,0.5186523455603795,0.5026667894504709,0.4910650195950286,0.5082179337922426,0.49434243449924287,0.5111681155589477,0.5030621925662789,0.5007373716182388,0.5066913929491482,0.49496673819513737
0.4587986367037497,0.889266073225621,0.696771713377215,0.5025296808861178,0.49270124970788176,0.5042898125794875,0.48846240608501545,0.5037229282701088,0.5088708546760853,0.49783548251725285,0.5078117826291498,0.5004188140983357,0.5156448403280728,0.49447065589148315
0.9891703571399654,0.14965414894680426,0.09559091464050272,0.5005210830117257,0.5013215592240231,0.49460001715240703,0.48795200701809427,0.5037947080035461,0.49441512447688996,0.4996697149513769,0.5040310013842976,0.4967271112056749,0.5104041344648141,0.49164235956960695
0.8886111986451052,0.4596256739028554,0.30388705189285503,0.5138884458805432,0.5057614444321546,0.5007175458629793,0.49728547773318144,0.5062323081607223,0.5083540859717776,0.49962568079876285,0.5038050157245564,0.4971615318770187,0.5072858661920775,0.5049350925043669
0.47733380355010285,0.8792828172914249,0.683376846499674,0.5002448091441638,0.502821741126872,0.507506316336278,0.4884967630559865,0.5062682535660764,0.4979620083045969,0.49899978893215285,0.4905560845899085,0.49208926563390837,0.49357975707931107,0.4923402373434352
0.7085099567503991,0.7063158690977849,0.4990127417547018,0.5024240814284554,0.507484221510282,0.5076384600928032,0.49187320096591985,0.5061785003691633,0.5094511617850017,0.5039506927594594,0.5034710113320193,0.5005428379398429,0.5095561122987795,0.4989560713289887
0.4165124558102975,0.9096241975697676,0.7266354334488605,0.5025005881771888,0.5081716431896527,0.5000188131147291,0.4914864291779461,0.5062054618098403,0.49586332532568733,0.5014961789296309,0.5075181671013177,0.5038313663106347,0.49005026350020214,0.49129743676088
0.6960681961549996,0.7183701147334921,0.5100369636665331,0.5024240814284554,0.5024989533593055,0.4951763696957596,0.49193919393479457,0.5061785003691633,0.5099684364134478,0.49865751465401426,0.5033632318456109,0.5005428379398429,0.49826211206650717,0.5053759233610708
0.4374660645143864,0.899683927599039,0.7118770253975989,0.5018651564129386,0.5023652122674236,0.5067350399518795,0.4884969314338342,0.5043259229361775,0.5086963610694716,0.4973981340475775,0.49259689805335105,0.49911007592838363,0.5057281811108033,0.5052447812274595
0.9497661571270322,0.31383821302729265,0.20317204998841637,0.500283615957179,0.5019746841018432,0.5064312847551835,0.5075076703379746,0.5055564979491007,0.4973901955387377,0.49969856339760316,0.4929873763979897,0.49664699140335306,0.49807271751864163,0.49154814672857566
0.36922634946905036,0.9296281071934563,0.7593132416800377,0.499469392536099,0.5031693993976785,0.5066766509212365,0.49177037263926043,0.5057097270857867,0.49765124431540136,0.4998308390372293,0.5052322904097399,0.500559411917686,0.5073373564907513,0.49490907533337425
0.9396772403433924,0.34318590863894816,0.2229226938349182,0.49967524264438035,0.5023406759521698,0.4928609996674225,0.48908261825631844,0.5064879431713372,0.49730655318887695,0.4994506908455056,0.4898964576027879,0.49659052776789964,0.5067277231721935,0.5007148281258726
0.7696023770472021,0.6389914050532196,0.441138141538194,0.5026764524716569,0.5021675587100746,0.5014369981635416,0.4893257586388161,0.49909741940877983,0.5086660828604409,0.498786424430346,0.504138165437781,0.5004887347206513,0.5069596529339051,0.49472572017965255
0.8564290924364486,0.5169942304793395,0.34575345218280973,0.5050105979281221,0.5025567886481822,0.5028898033454731,0.4866245148763261,0.49664476421076315,0.4976852551226671,0.4989969198691028,0.5032944843109859,0.496606989264634,0.5063975527255636,0.49122350413544247
0.779305720545372,0.6274340188729914,0.43153566419396516,0.5003048900412341,0.48418503495770915,0.5051587997314855,0.49186511573461617,0.4983289547858936,0.49690083777133087,0.49704804800512453,0.507826625962419,0.5033190142924852,0.5068286246044077,0.49649350648441737
0.5644998487287951,0.8257651074379112,0.6182573988107332,0.5020100939290087,0.5015943419091445,0.4940973455765475,0.4868917639121927,0.501115791305438,0.5054077482330641,0.4990696938723927,0.4973778408931488,0.499402838480455,0.49823623387114924,0.5043659386029538
0.9294415630700356,0.3698520064058267,0.241100636896398,0.5006129501950161,0.5025078164658858,0.5050578811855269,0.49120625300259596,0.5063740167547709,0.4972686689922953,0.5021985537163466,0.5032459986276243,0.49659052776789964,0.5105263342103722,0.4944731433577677
0.9097606401874931,0.4159013981861125,0.2729748327886053,0.501886510197814,0.5074717691506823,0.5023661530416946,0.49441212685495095,0.5065997692599344,0.508652513374644,0.49979181872412143,0.49391484840446226,0.49983785728492997,0.5067324587776507,0.5046999885246785
0.513605824301264,0.8582702553806999,0.6566985217628974,0.5020355483898676,0.501022032282042,0.4938484418941664,0.49393935239136955,0.506937236675734,0.5015480753043978,0.49866230026515196,0.4980643896661561,0.5033437635330025,0.5039103276562217,0.4931388967130591
0.6754510962970628,0.7380219745413598,0.5281631606859443,0.5029384137391932,0.5024861314097041,0.5072287450840484,0.49172542470927794,0.5095422263778534,0.5053025130351618,0.49969300073922035,0.5033620939387685,0.4973377778511544,0.5091867769112467,0.4901200118821344
0.9197948019590569,0.393187696803407,0.2571712580718645,0.502884501398319,0.5031947213279467,0.5052566442308734,0.4875664821717841,0.5068166051905059,0.49839246866897086,0.4999587380021608,0.5043889859692212,0.5005784320089386,0.5062481693421036,0.49898373571941423
0.7364097901380477,0.677072852127729,0.47329086295258244,0.5006757519586917,0.50127470344543,0.506052139179514,0.48782159781132467,0.49627195846733774,0.5087175438330694,0.49871124186795124,0.49305606243815286,0.49838047564376964,0.505789447114116,0.5007141689181925
0.7964838221610883,0.6050731862850627,0.41359140642226644,0.5005281264639669,0.5013400218064082,0.503948525112368,0.4918638887387486,0.49663115421877063,0.4952008753643579,0.4974127029245594,0.4926027772309613,0.4990933376033933,0.4982236944781947,0.49185408970431926
0.5877733880481146,0.8094914050355763,0.6001835637732454,0.5008042618203397,0.5136721449900131,0.4981132793028237,0.5027535544264594,0.5065083737360188,0.4952722885903443,0.5020122877488268,0.5035452550620572,0.4981304994022251,0.5067417284018604,0.4930801857961554
0.8390405033392945,0.544327653857614,0.36637219031635965,0.49926900714811057,0.5021302417040374,0.5019379771871073,0.4961582135808685,0.49231396926789583,0.4968968439570059,0.4996947708274957,0.5041445249417948,0.5004702289943512,0.5054414013387697,0.49882595972760563
0.9797583122064145,0.20223064315343428,0.1295840259653091,0.49254563862848455,0.5022738865167927,0.4939078562313007,0.4879805078973332,0.4979788420835612,0.5086065285072159,0.4990298035239652,0.5031388575937502,0.4960765304890604,0.5067808782471036,0.5043659386029538
0.6861174782673576,0.7279015209799139,0.5188065431613144,0.5050170758068833,0.5027668176065391,0.5028898033454731,0.4880335008422028,0.4966050952567228,0.49774250700012623,0.5004794512452273,0.5033816012661193,0.496606989264634,0.5067421303605318,0.4945931097184871
0.20644692319230035,0.9787506645737761,0.8676583275179801,0.500512255245461,0.5019936319972718,0.4939077818470211,0.4919496306721348,0.4979218320017002,0.5082227484138218,0.49990150439333914,0.5041360268919708,0.5004156529623551,0.506637394889902,0.4931356298138795
0.7455967373683617,0.6666928163689264,0.46446930502426526,0.502469690042441,0.5021447106126932,0.4939266509944033,0.5027872152238071,0.5043083192713474,0.5053880155963927,0.49955928945271294,0.504041396836275,0.4988065257689294,0.5067683177932306,0.4945066888400183
0.8695915722851894,0.4943454347235375,0.32908183474569913,0.5053395524302347,0.5012751924083113,0.5051079327784764,0.4897723366296791,0.49496903145029625,0.49719808509204555,0.49875974207054996,0.49315569805070025,0.49666665914752195,0.5054141192137188,0.5007839698374875
0.825969089628684,0.5641686452183663,0.3814953135638244,0.5002115733910479,0.5021283001095282,0.4940680326991835,0.4910373402451274,0.5051489778409215,0.4967930663861254,0.49980714676781623,0.5041096618970117,0.49535697413647917,0.50614534186932,0.4952641556133329
0.6393821154779201,0.7695388150284855,0.5586447489019287,0.5002455771374646,0.4979318070123829,0.5057671119615182,0.48132289478345186,0.5065082175284628,0.49523804670769506,0.5020122877488268,0.503866899510875,0.49534922193201025,0.49729004225729095,0.499583561263248
0.8499581905612513,0.5274652475157791,0.3535869219645581,0.5005587870249021,0.5021532854548351,0.5026881823553286,0.48672977695744424,0.5057465556241001,0.49773155796457025,0.4998899727714454,0.5032944843109859,0.496606989264634,0.5067335887209247,0.49451896563944303
0.3940664349780203,0.9193158811397545,0.7421946417180336,0.5019875995783598,0.502245391455071,0.5071099998261717,0.4940529655555653,0.5053209660871681,0.4970462668544441,0.49961751776802515,0.49734065089306134,0.4984330041421157,0.5058567083205504,0.4937489741376055
2.146068024647744E-6,1.000213970363244,0.9999986340629328,0.5004463148286387,0.502277596913812,0.4933954535418791,0.49126870257275684,0.5007584459292705,0.4973902267881767,0.4999114840854248,0.49390384831788287,0.4990937968651757,0.5064831647234734,0.4988517637693937
0.7172195790373871,0.6975939132638017,0.4911696589927018,0.500356061465587,0.49211080925905387,0.5006284322690541,0.49314874640208667,0.4906784003966807,0.4853325952244071,0.4990422625899085,0.5040904784024536,0.5006774872924132,0.507114082671877,0.49367413106136
0.4959128925374433,0.8686225558860419,0.6697460490151299,0.5018369591003355,0.502355916351163,0.5073979847315259,0.4907696364140308,0.5006306295541968,0.49543939557965516,0.4987545083982696,0.5034358819494614,0.4991196203213055,0.49808582260105566,0.5054314026748474
0.818396889523817,0.5750309358102204,0.38992291437726284,0.5004463148286387,0.502277596913812,0.4933954535418791,0.49126870257275684,0.4988148047858792,0.4973902267881767,0.4987537724632841,0.4938504129849349,0.4990937968651757,0.5064831647234734,0.4988517637693937
0.7893554300078025,0.6148694654431369,0.4212983935579417,0.5136328043826351,0.5019477943960787,0.5008373957916471,0.48934531823987637,0.4942069238864282,0.49437350731169527,0.49903180373152517,0.5131102429090698,0.4995258191563258,0.49764316332585157,0.49496217071201376
0.8783029538359568,0.4790868184269519,0.31790096788878247,0.5097831078401779,0.5021546630602904,0.4888200335505907,0.4910495884751888,0.4917970798026198,0.49686728498110116,0.49990717409389634,0.5035971598316097,0.4955065989569475,0.4978018502452327,0.49296488004355177
0.5284820716462318,0.8492278325928069,0.6456180727523211,0.5018748078763855,0.5026360103358585,0.4932302583619325,0.4921224498666357,0.49591414783456095,0.497632021646258,0.4992057284123468,0.49306725368327325,0.49925987839443176,0.5066776007675058,0.4975312393807066
0.34230360778671687,0.9397082519061158,0.7776116237342388,0.5024568815412819,0.5021435605157567,0.5061564151812545,0.5046347976938832,0.4981222277315152,0.5035433195133193,0.4998756238629809,0.5037640450596809,0.49664942449829896,0.49966105131202526,0.49976921516030787
0.8085393906707112,0.5891170083530837,0.40086427673143504,0.4996880057193019,0.5021895771083509,0.5005004351354294,0.4878177396569909,0.4962077176462917,0.4970896498472784,0.4997787459552435,0.5030071442665275,0.48652636850578596,0.5053943576874179,0.49890994373744113
0.31330046097404624,0.9498318153817993,0.7971660645215035,0.4997449428306351,0.5021200582460336,0.5049155509643619,0.5031496696559649,0.5033255018528734,0.4946505037347306,0.4999121952522325,0.5031157699964656,0.49662711357397066,0.5069484927427612,0.5045958077793937
