8.519773528727812E-9,1.0004239681088078,0.9999999945784424,0.49530596565247287,0.5042469962749966,0.49520110017459795,0.4959716929819379,0.4932116067636552,0.5030957407705233,0.5000301763433252,0.49795090461276276,0.5135519353723516,0.49393716873277954,0.4919774066195583
0.9808910989459293,0.1955591546183343,0.12527953603710712,0.49577976991962713,0.5031078383905914,0.4958697888137292,0.4967788138320943,0.5010759009830342,0.5025476249380665,0.49898659902261594,0.494875409844743,0.5062273153475502,0.5043424405902349,0.4930811779430608
0.9488759148269263,0.31673581371291837,0.20510073134662168,0.4952780471529038,0.5027349499042157,0.4940677856503354,0.5026179176300434,0.49325330904794884,0.4998946657809133,0.5000887558202702,0.4948885697032133,0.4918198578333341,0.48848494721055985,0.5006953969283484
0.1946422789303477,0.9811473438438901,0.8753246331660559,0.49528122831172,0.5054569646732257,0.4949214639546162,0.498145433999131,0.49530355309817353,0.5008472401952171,0.4999312482235899,0.4988991993976041,0.5061833309282089,0.5083606529962504,0.4926225720940564
1.0002979053311303,1.9309822351390637E-8,1.22893536458335E-8,0.4934322504771308,0.5025358064827132,0.5004052860657928,0.4962313611316202,0.5007998676329505,0.5059758200425982,0.4994798106100977,0.49603341641961113,0.5042768611140462,0.4890292297851283,0.49344493697265246
0.9960973492575695,0.09276009716970923,0.05911379305676042,0.49546360131425904,0.4963172495868286,0.5006330285488079,0.49728888515885766,0.5001820705232152,0.5028365370369847,0.5050404775916917,0.5148051097015198,0.5061202695726611,0.5086396912324822,0.5006545006176052
0.5812778906551377,0.8140612982533827,0.6052376247747564,0.49547591664553586,0.5027426654459803,0.5001937035545105,0.49654630723798227,0.498317726832148,0.5036670727262901,0.5036556101844123,0.5035312771701875,0.4917876430422577,0.4888423677004024,0.5039809846889906
0.44623892776637114,0.89522030688812,0.7056133404813338,0.49516136253122167,0.5054789060079169,0.49234477553749034,0.49621519417273907,0.5004828036888189,0.5000571150357689,0.49566769171297137,0.5110630689735443,0.5016563042427343,0.4991922639868297,0.49823901186300146
0.8133835936205923,0.5820892261154278,0.3954332989352783,0.4933068861178381,0.4973525171890274,0.5004019570286016,0.498067327704484,0.5004756375107557,0.49255827876381086,0.5054252488084541,0.4955376868525615,0.5038634384353097,0.4996876871687659,0.5058879713920221
0.09278820067290168,0.9964950657763141,0.9408918649753157,0.4972445564420253,0.5198966423897589,0.504510503246649,0.507029522798201,0.5004709165083912,0.5019830374642842,0.5036443366978512,0.5096376008676387,0.507334869570074,0.4888423677004024,0.4933766263318859
0.3165156532751424,0.9491007918217562,0.7950774578963282,0.4950980799236977,0.49708603714395694,0.4961281239002186,0.49568853022757164,0.49380195348973355,0.5025612057789874,0.49898722391025246,0.4950429783985293,0.48185052115359456,0.5045089592624155,0.5008422793809969
0.7081989678963619,0.706579279662229,0.49927117546073463,0.4954754220853605,0.5011212742675819,0.4935401154294506,0.4967401986168353,0.5003709721087752,0.5032482809511026,0.5043788536178597,0.5033974494766494,0.5051228964916009,0.48401913978907724,0.4983192556838231
0.8947634899718745,0.44739557008633285,0.29517510444436124,0.49573698565082225,0.4985357447069625,0.5009633789367169,0.4972797213543547,0.5007886427636077,0.5018241946467611,0.5056997622515664,0.5125374420377695,0.5054865305032691,0.4889746166493144,0.4971284674064287
0.3740359689556834,0.9277291818922333,0.7560222888168777,0.49552269259118553,0.5030019401244957,0.5003519939809226,0.48929855578861314,0.5007351851448063,0.4985975000449621,0.5045274975787942,0.5047878654959654,0.5031141520349381,0.49255819558216074,0.506116969063863
0.9638733815833018,0.2724196156474721,0.17535431306472823,0.4955121701215753,0.5105412760378333,0.5004019570286016,0.498067327704484,0.5004968871465566,0.4925775270803111,0.4628074633291232,0.49646523673782184,0.49336580831791255,0.49969428218161455,0.5006784739236135
0.8116628773467972,0.5846690152500233,0.39740576269088973,0.4954623293076282,0.4983997119294573,0.49443318151125654,0.498067327704484,0.5004759283512444,0.4907032291453928,0.5075666483046327,0.4964772931063194,0.4924522495025268,0.4996943022569933,0.4932225756987667
0.689722413785504,0.7244642242649764,0.5156364620349846,0.49555171421001915,0.5058545320658622,0.4942029211434244,0.49633516865337884,0.5019116075326375,0.5010950794906164,0.49996144435982875,0.49942024853604555,0.5121681324190199,0.49925345532228127,0.505268632387742
0.5403802285825139,0.841903577583437,0.63672678363393,0.495379388244787,0.4981026783150056,0.49979970575815935,0.5028453044247718,0.492165744491304,0.5007420104831763,0.5017632626240391,0.4949483154089351,0.5057586050875011,0.48422668709314776,0.5007285485611197
0.8971600527198463,0.4425363217118055,0.2917271357207135,0.4970766183379433,0.5022967568602265,0.49958934037036057,0.5053813115789446,0.49955009343908496,0.49204789843341473,0.5074240777155413,0.5037080105728322,0.5057605657940759,0.5084253735441919,0.5093694524995213
0.16863561737750654,0.9860431080609616,0.8921669061208655,0.497790198471073,0.504557276368287,0.4940554265765961,0.49779913981082974,0.4932767350860769,0.4906570676912149,0.49953146704180246,0.4954080432555433,0.5097493527795888,0.4996633812538546,0.49331932478676
0.5037678350777941,0.8652859158232373,0.6643568464012044,0.4951075206226117,0.5004832900273467,0.5016080399333759,0.5297315556334534,0.5010765573219275,0.5048449987321816,0.5063889396617101,0.5035683301360503,0.5125248437281588,0.5087170053104022,0.5053224992242447
0.992416216360504,0.12827853462920674,0.0818349625414743,0.4907722978815379,0.4981157725033576,0.5051602181804421,0.5073326330560317,0.4997224411036916,0.502559845079569,0.5017762620489921,0.4887779459358127,0.5096987822521362,0.4843354276563687,0.5053082550310987
0.9999855484380089,0.022559333867720653,0.014359489843180917,0.49551003845779384,0.49821012586247093,0.4942529628671982,0.4902628535497573,0.5018470031602035,0.502241290226383,0.49592433793385365,0.49631353089824615,0.5035877345307922,0.4992535068467908,0.5060590996780088
0.9863655211944854,0.1684255829690452,0.10766680133631507,0.49551003845779384,0.49821012586247093,0.49667725955279696,0.4966936858694087,0.5015854146421311,0.5107154837122448,0.49592433793385365,0.5048876769342491,0.5035078055472804,0.5029570855781984,0.5204360685569517
0.14013412167120154,0.9907385696858902,0.9105472851713781,0.48919411385095135,0.5037299369349626,0.505802694416256,0.49293933673145945,0.5021317737739605,0.4964586958360241,0.5009495225161384,0.5147885389534651,0.5045990886144314,0.5113028507811888,0.5005148447568634
0.014926266491800316,1.0000217222948506,0.9904985555794297,0.4960866748955192,0.5009292055555823,0.4998974398243124,0.5048639209407182,0.5004707066622359,0.5021559747710158,0.5054881389819758,0.5048821050980468,0.5057622662913311,0.4993453872456741,0.5008988676875357
0.3161382270624217,0.9495171388408902,0.7953890094370848,0.49523874445364074,0.5027352484142548,0.48488329625642046,0.4959519579974753,0.5006366008771818,0.5136281402476394,0.5001432055422181,0.50368301343397,0.4918198578333341,0.48841926692670995,0.5093273613643692
0.03833867687202588,0.9995728898752557,0.9755943743571237,0.5049327614723538,0.5113045720941841,0.4952993118325853,0.49598383253956746,0.5007665020612543,0.5031057061358041,0.5053502939339287,0.5050712901190928,0.503459287855815,0.4938150094984232,0.4983532247036949
0.9517829320719455,0.3109171652076904,0.20100628802825665,0.4954903819049712,0.5027135278727444,0.5006330285488079,0.49728888515885766,0.5008275566523087,0.5028365370369847,0.5052963428804069,0.5329571052654821,0.5059798003523129,0.5092046069924852,0.5006418818611661
0.9998050010404703,0.02905021389173167,0.018492344710645203,0.49555171421001915,0.5058630506699741,0.4942029211434244,0.49633516865337884,0.5018517065153273,0.492276610389768,0.4959234730610877,0.49942024853604555,0.5041716276404172,0.49925345532228127,0.505268632387742
0.1745335002932621,0.9850692300782067,0.8883629596948558,0.4955595030364816,0.5039501808641094,0.4940554265765961,0.49316872644325177,0.49322771046322456,0.4906570676912149,0.49953146704180246,0.4954080432555433,0.5097493527795888,0.4996633812538546,0.49331932478676
0.9960777002328903,0.09293593870077019,0.0592263693930222,0.4954903819049712,0.502661974133837,0.5006330285488079,0.49728888515885766,0.5008275566523087,0.5028365370369847,0.5050404775916917,0.5148051097015198,0.5060933560445601,0.5088201917645162,0.5006545006176052
0.7008262940908262,0.7141332947789811,0.5059869201039525,0.4953250102705918,0.5011212742675819,0.48857191006371736,0.4963987071950289,0.5110746949772493,0.5033210861754485,0.5043160401123948,0.5143698547357102,0.5051228964916009,0.498957865283497,0.5043534222800822
0.0876112842677798,0.9965885024774762,0.9441775068674149,0.49717702083391957,0.5087689557749285,0.5006315865442087,0.4961865579397649,0.5004440180946766,0.49315700193035295,0.5071656323742828,0.5096596510742175,0.5097387826931322,0.4993032820634727,0.49327069222790326
0.4206525630203421,0.907714023721523,0.7237340484632391,0.49529179528188305,0.5042518599209193,0.4958763856789325,0.5056308350675356,0.4871544250220383,0.49340020096136017,0.49997064689879434,0.4979431220967627,0.5096130868171602,0.5042931253642841,0.49417179362141844
0.7638327777076095,0.6457621119583641,0.44679956178838187,0.4954754220853605,0.5011212742675819,0.5008072057841347,0.4990631106746443,0.5004684804325261,0.5032482809511026,0.5045693429183659,0.510969475351022,0.5055002784088752,0.4994447066189251,0.5043341258881702
0.635707337586849,0.7736513652667838,0.5621126944218293,0.4957311581460729,0.4993200279495658,0.4954915389593092,0.48295807821204173,0.5007892680914638,0.501823600774781,0.5275700457619779,0.4978892492749397,0.5120411186654845,0.5083606374838865,0.5040503000593938
0.9768989258215062,0.2185699629406153,0.14012858439188386,0.49530102173746116,0.5028767994549115,0.4951868248191916,0.5048904264861067,0.50422020485559,0.5021723476765516,0.504726410176952,0.5034435002883706,0.5061620881348072,0.4714506562539811,0.4919740727244984
0.7862700913813566,0.6183232737767332,0.42423924221307563,0.4954754220853605,0.5011212742675819,0.4935401154294506,0.4967401986168353,0.5004721759559997,0.5032482809511026,0.5045693429183659,0.510969475351022,0.5051228964916009,0.498957865283497,0.5043276517004591
0.9998952001782754,0.028524296339747405,0.018156110200211795,0.49555171421001915,0.502511824543823,0.4942029211434244,0.49633516865337884,0.5018517065153273,0.492276610389768,0.49598904573618613,0.49942024853604555,0.502375582429877,0.4892325079445918,0.505268632387742
0.9508621379126655,0.31397395185075483,0.20303537423718765,0.4957413488876554,0.5028731145231078,0.49590526588106915,0.49592650652266923,0.49325330904794884,0.4998948872024608,0.49880210689755744,0.5204737440867332,0.4919143082169793,0.47239827631724124,0.4977243243149684
0.8873680316082947,0.46345292227432494,0.3064120121827267,0.4955256895223195,0.4837359373786012,0.5012200570490029,0.4962313611316202,0.5020868997107889,0.5059758200425982,0.5082575629429571,0.5146538484010138,0.5055943495984284,0.4890292297851283,0.5181613338547356
0.3084138256763524,0.9552088364075514,0.8011776336130283,0.4950980799236977,0.4609569483389028,0.504004439463268,0.4974279320336721,0.501041154461277,0.5096026109713226,0.4997213754924684,0.538597610145435,0.5191933176282122,0.5087313375334525,0.51286904558842
0.4263732251218192,0.9048287532912688,0.7196584239454601,0.49516136253122167,0.49177759187017855,0.5001198982632213,0.49706338809429834,0.5004710528285011,0.5000571150357689,0.5050128971445957,0.511107492140721,0.5016512365898229,0.4991922639868297,0.49832686694218753
0.9985443242643164,0.06333524770083758,0.040325231052068033,0.49502718679208124,0.49241527246875283,0.4921358277864884,0.48262814162427004,0.5003556226429866,0.4987670636735242,0.5051847708456926,0.49553719034852667,0.5049897955088717,0.49884806016927935,0.5055095405379566
0.08627814838171936,0.9971770194411969,0.9450549656028346,0.4972445564420253,0.5199066105607936,0.5001937035545105,0.4874955019712228,0.5004709165083912,0.49986830686624467,0.5036556101844123,0.5096376008676387,0.4917876430422577,0.4888423677004024,0.4933766263318859
0.7048771212530546,0.7105229250255464,0.5025393606985518,0.4957573439519756,0.5108536993235606,0.5222977992117331,0.49681523284099194,0.5010570717454633,0.4926234193201073,0.5074854100641478,0.5026649094256128,0.4917613189478995,0.4993645057244455,0.5041050213341157
0.9804933449684804,0.19771227874670178,0.12667299379238328,0.4954743574129404,0.5025236716125128,0.4940568586755208,0.4936584900421582,0.5018979499494931,0.5023988395163415,0.49553330418358194,0.5050202813080553,0.5061546721177237,0.5025119337950581,0.5052496790367362
0.5442893418261306,0.8392357177804354,0.6337158842693436,0.4933022128852647,0.49604003238399363,0.506276212540486,0.498440757966346,0.49325016101694047,0.4912213337292507,0.4990290701820533,0.5049698457189591,0.5010850667576282,0.5030035802689022,0.5047821073747994
0.003536820980854031,1.0001415826234636,0.9977487179604937,0.49547549132207264,0.5030366361904658,0.49980224870362,0.4963165159361839,0.5004583419113756,0.5007104552627539,0.5036072691371567,0.5048653911047948,0.5051373234869314,0.4936687107098569,0.5008125326887851
0.22965862886827548,0.974135941909889,0.8526043765967966,0.4955223493244977,0.5058684226415721,0.4940678351768127,0.49879340879946626,0.49367121753203186,0.5026870422637021,0.5084460740807275,0.5116118466702211,0.4824009967944141,0.5090733023108378,0.5102458124547502
0.6201311392615384,0.7849150024565194,0.5743232688290965,0.4934315087679105,0.4983342401655531,0.500420187178702,0.488170496106174,0.5007899720139642,0.5030872862788566,0.4996868363076411,0.4959496640388914,0.5055210508814646,0.4936979023281604,0.4933553534593112
0.9986327099414697,0.0577354196666215,0.03676490803215188,0.49503319361902465,0.5029915728083564,0.5133141635619505,0.4975122911975912,0.5003558671049498,0.49873750669616435,0.5051847708456926,0.49553719034852667,0.5017375154900725,0.4988504037919584,0.5055095405379566
0.12003927536246534,0.9938621910371738,0.9234793363896131,0.4954720311479234,0.5023839618113475,0.4892031325866967,0.5162510533184896,0.5005598160169322,0.5031057061358041,0.5052239199391875,0.5191120641787421,0.5051448652256209,0.49877320764014715,0.48425821583234024
0.02810597907289627,0.999783631070247,0.9821080179919282,0.508185431944956,0.5009205229615492,0.5003501239511136,0.5030038055141199,0.5004733123863504,0.49980179368694566,0.506966528852091,0.5050130110431672,0.5051497325971749,0.49932548074540545,0.5008465384905529
0.9827092774132435,0.19207585097384267,0.12288160477692672,0.49530102173746116,0.5028767994549115,0.495185462867176,0.5048904264861067,0.5165936393968694,0.5022599169253579,0.504726410176952,0.5034768394302359,0.5061620881348072,0.4714506562539811,0.5076879881757289
0.6930957953046373,0.7223075634818592,0.5131369968518233,0.4953277847686536,0.5025358064827132,0.48852835975170916,0.49641266871652634,0.5020419024148086,0.5059758200425982,0.5042983875118724,0.4738336334386182,0.5042768611140462,0.4890292297851283,0.5001776251399481
0.8966299196363707,0.4435332666391572,0.29244539047161466,0.4970766183379433,0.5022967568602265,0.4995899671648349,0.5053813115789446,0.5002419828199184,0.4921703588564381,0.5047569625387359,0.5037080105728322,0.5057605657940759,0.5084718115156242,0.5093694524995213
0.4505067314252742,0.8931752239690182,0.7026019752348582,0.4951673693581651,0.4997757611158734,0.5135554722349808,0.4979073840260039,0.500443192609968,0.500027558058409,0.49566769171297137,0.5110630689735443,0.5016563042427343,0.4991946076095088,0.49832686694218753
0.9999130036194658,0.027425792739408365,0.017456944231569405,0.4950651250361902,0.5058630506699741,0.4948280814591003,0.5031918204359079,0.5104769761377815,0.4998562557962907,0.4959234730610877,0.504612618216876,0.5041946144578991,0.4991357276415563,0.5052310707522523
0.7710203357103141,0.6424559003511023,0.44225437498476816,0.49409240925778153,0.5111767370808654,0.5069719643003557,0.5097981607731651,0.5002784004433288,0.4517121735798686,0.5151853806190806,0.5026595429549705,0.5259850792894003,0.49933988845411953,0.4925890072479048
0.17420719515498526,0.9850907305969849,0.8885698164297032,0.5097184050867067,0.5054604586219957,0.5070012190517841,0.49817758222511377,0.49974890839107905,0.5065174494366945,0.504537704801901,0.4988816792227843,0.5042716265307406,0.5083791621296445,0.5068143599994304
0.9245480610510695,0.38263094058151537,0.24980637265240171,0.4908437035031884,0.5027352484142548,0.48501676674670985,0.4959519579974753,0.49325330904794884,0.4998946657809133,0.5001432055422181,0.50368301343397,0.4918198578333341,0.48841926692670995,0.497708063391812
0.3611832845421353,0.9329574646909193,0.7648520676997017,0.49555832387022253,0.5158924998735205,0.4981977119062503,0.49642145649267855,0.49997820644716146,0.5023963744722495,0.504444380143174,0.5085156097268615,0.5041522085871395,0.49979966388544134,0.505268632387742
0.9889952915903814,0.14962776512638162,0.095590979018217,0.4951047780511509,0.503018732176811,0.5007933602403897,0.49900043450339976,0.5003584391593541,0.5031057061358041,0.5000104729731225,0.5131256988069627,0.5055025583401563,0.4994538201042932,0.4983546251509248
0.7528821261453057,0.6588665471439975,0.45766673442290406,0.49547500392337496,0.5011212742675819,0.4935401154294506,0.5065105905372438,0.5003709721087752,0.5067391176810045,0.5043788536178597,0.5032705816603086,0.5053585326491303,0.48401913978907724,0.4983192556838231
0.3263590888018649,0.9461280630752442,0.7885394128766909,0.49516136253122167,0.4922681523172063,0.4923771364595187,0.5084558658003344,0.5005983030409965,0.5000571150357689,0.5019412538171768,0.5247110086893851,0.5016563042427343,0.4990913707081589,0.49832686694218753
1.5471512788173362E-4,1.0003953254021518,0.9999015442133649,0.4954720311479234,0.49570054861731816,0.4892031325866967,0.4977817777613915,0.500424983021962,0.5031057061358041,0.5052239199391875,0.5108484920953755,0.5051100556693062,0.49942485691994093,0.49267824297735524
0.4573217102170489,0.890554847404199,0.6979821326408545,0.49529179528188305,0.5042518599209193,0.49524909882733525,0.49606053717718374,0.49310666365877465,0.49340020096136017,0.4997617915096869,0.4979414013816679,0.491310488167149,0.49936419877719934,0.4705839820059181
0.8886160242450608,0.45919574537826885,0.30364259536667837,0.49528771755982665,0.5050888935074344,0.4935718572687184,0.5034283183566315,0.5006002918537564,0.502293494085456,0.5064804866309949,0.508545360090874,0.5052358589315847,0.49979076213920404,0.5005284327977836
0.7851901597500236,0.6196576892673664,0.4253317220288463,0.4955186120481831,0.5030003557556427,0.500351425500678,0.5025809134518529,0.5006645210741404,0.4985430158178375,0.5051495198147314,0.5033056323938666,0.502901302239439,0.48892920678677654,0.49346321820476524
0.045322680323323025,0.9991902232019487,0.971143081849989,0.49553269457948285,0.5039444215062197,0.5001122377739716,0.4930921580243969,0.4913870409859399,0.4985530775392776,0.49991433540270913,0.5032618914397144,0.5029466700798114,0.49919224929870637,0.5061720877979096
0.5827954555682987,0.8139823223014642,0.6044230641274014,0.49549706369426344,0.49931880012396995,0.4954915389593092,0.5030855171547244,0.5006575869728185,0.5008656459094067,0.5275700457619779,0.4978892492749397,0.5117723121390738,0.5116537046359365,0.5041880986552326
0.9341126120733044,0.3658491231610126,0.23764448102129726,0.4909067951040244,0.5042170134467905,0.4879315249882856,0.49890738014131875,0.49336938674463165,0.49985047381517084,0.504655360088004,0.5049182549730901,0.553088596873981,0.49373932179159535,0.49753057712830473
0.15097830738392984,0.9889279982075457,0.9035528354054596,0.4954754220853605,0.5011212742675819,0.4935401154294506,0.4967789552228421,0.5004721759559997,0.5032479112483659,0.5070043914585749,0.5143698547357102,0.5051228964916009,0.498957865283497,0.5043534222800822
0.9995143599046877,0.03501967708326228,0.02229593079437389,0.4950459401437464,0.5029915728083564,0.5000760523445753,0.4975023344451471,0.5006514171239431,0.4987741114411758,0.49922647126863107,0.4957947049730166,0.5011953480221025,0.49893610384132825,0.4919283517816463
0.9919401273867947,0.12868172829845,0.08212830539264387,0.49574674738550234,0.5025308761975441,0.49601627304196766,0.5051004518424801,0.5006046020402156,0.5025476249380665,0.4987532407246096,0.4979646545095984,0.5024114032030085,0.48945401913537695,0.4925097227322782
0.9978930413206835,0.06864407076447458,0.04372356280341089,0.49528771755982665,0.5050844721192559,0.4935718572687184,0.503638608888835,0.5006002918537564,0.5023200050382928,0.5064804866309949,0.5086445028165449,0.5050866147794583,0.4997925809614224,0.5004817532431693
0.887690513648453,0.4623273584643792,0.30568245827327434,0.4949807314364919,0.4900335947103547,0.4940568586755208,0.4901313951211702,0.49357516291035436,0.49244565069834,0.5053302752656776,0.4947831947008097,0.5044705232921265,0.5007684774115733,0.5209369600728029
0.9530679059376331,0.3031842110582933,0.196073265418713,0.4951148149119502,0.49715380721599267,0.5066685978530772,0.4957582534404367,0.5005362081058267,0.5026670000951045,0.5030236873489701,0.4958666443487027,0.5005880531982537,0.5006583868569998,0.5008400778180836
0.026872399132734558,0.9998083153745441,0.9828933380142723,0.49552269259118553,0.5030019401244957,0.50040139273571,0.49884606361017914,0.5007139512613703,0.49862883040640515,0.5052541337266112,0.5050008063565722,0.5031141520349381,0.4939385623422041,0.5061146479620799
0.9780387832957177,0.20914143276957986,0.13411338995807712,0.4957466667372537,0.5028742703560818,0.49597491898971785,0.4963402075482775,0.5005367570870651,0.5021247105449026,0.4987804514015364,0.5034435002883706,0.5004770824540009,0.5043424405902349,0.4924627928583044
0.3413500219588593,0.9410327065985518,0.7784697353446668,0.49571159955817634,0.5114364664060506,0.5080578959819058,0.490349141389057,0.5021187244177427,0.5053240029988564,0.504495400422368,0.49845009371063087,0.5035683154775146,0.5247398015304943,0.5065709711663509
0.9994528806974822,0.04164395207773004,0.026510541398364403,0.49460424385437346,0.5058630506699741,0.49419259195992715,0.4939960229348421,0.500277965914222,0.4926173304350859,0.4957346694789184,0.4973493038162064,0.49294571882792376,0.4993319816646106,0.4924623747808953
0.7247157374099098,0.6924482966077065,0.4855072937491406,0.49409240925778153,0.5111767370808654,0.5069719643003557,0.5097981607731651,0.5002784004433288,0.500939469890533,0.5335890017916541,0.5050196142834236,0.5260316511369929,0.5142396668512709,0.4973931082835157
0.1363088266784665,0.9912687795359156,0.9130043553185038,0.49510733788676453,0.5037299369349626,0.5064495232075664,0.4964614413703157,0.5018997395386748,0.5007377313609782,0.48828338404789606,0.514635399147018,0.5045990886144314,0.5113028507811888,0.5005148447568634
0.5058000453344056,0.863398605702478,0.6626353723569269,0.49487358539238524,0.5024107933679471,0.48932311521328814,0.49662089505848045,0.5005602819216506,0.5006875507443518,0.4881506236662429,0.4963378289896101,0.49366207351225655,0.4829839598246577,0.4981604667910443
0.8132219051666207,0.5831137513198027,0.39602320878390485,0.4949674146606139,0.5025213357555766,0.4940568586755208,0.4936584900421582,0.5018337562205185,0.49293580704525813,0.5054755884931192,0.49486438290181106,0.5044429881238651,0.5007684774115733,0.5209369600728029
0.5217932804476174,0.8545247726804646,0.6510084667053752,0.4933599095750091,0.49833358695846164,0.500420187178702,0.5023938050879873,0.4995623791412816,0.49901500453005265,0.49993751440908507,0.49553706241324513,0.5136215478481998,0.5255687277844527,0.518068606088262
0.32685282164052415,0.9457082255315563,0.7881553477942305,0.49509881871055517,0.48510920125508195,0.5002488417420774,0.4974937709639466,0.5006431814012366,0.5018870063961827,0.4849744817222883,0.4957947049730166,0.50054142707467,0.5085047249002981,0.5051067843033272
0.9695067412326129,0.2461858143336499,0.15831018190964818,0.4954743574129404,0.5025236716125128,0.4940568586755208,0.4936584900421582,0.5018979499494931,0.49293580704525813,0.49553330418358194,0.4957008714919782,0.493187158272309,0.5025119337950581,0.5053198453420564
0.45277260007902753,0.8927823416804109,0.7012028381165297,0.49529179528188305,0.5042518599209193,0.49524909882733525,0.4960423914371371,0.49310666365877465,0.49340020096136017,0.4999633954784497,0.4979414013816679,0.5097850769701284,0.4995021814876439,0.4724074740236143
0.9908189123004231,0.1373836507229616,0.08771232128666154,0.4951047780511509,0.503018732176811,0.4935262698857056,0.49667752244559077,0.5003621346828278,0.5031057061358041,0.5000104729731225,0.5131256988069627,0.505125176422882,0.49896697876886514,0.49834815096321367
0.6748203413380854,0.7388930557922205,0.5288333281256761,0.4952805021771315,0.5041240490358175,0.4955039303233336,0.48295807821204173,0.49963264556462783,0.5008944630322647,0.4999312482235899,0.49748910227524457,0.5136055878337015,0.5083606529962504,0.4922337718843236
0.7917828783869688,0.6115745871942861,0.4186951712150395,0.4958579309235565,0.5029915728083564,0.5004056205262796,0.5026129525505462,0.5006645210741404,0.49861713134562147,0.5051495198147314,0.5033944119614615,0.5028860604807318,0.49968288435055797,0.519742546877451
0.8927799491950623,0.45119677121996576,0.29790341395671993,0.4954623293076282,0.4983997119294573,0.49443318151125654,0.498067327704484,0.5004260837220351,0.4907032291453928,0.5075666483046327,0.49646523673782184,0.4924522495025268,0.4996943772499554,0.4932225756987667
0.9452770633593781,0.32728698034292397,0.21219543034263394,0.4952780471529038,0.5027994584418334,0.4940677856503354,0.5026179176300434,0.5007167838479963,0.5052926359029737,0.5002699775362297,0.5034194158877678,0.5118710078236748,0.508877934969017,0.5006953969283484
0.7178317549502641,0.699990031369648,0.4919892650682414,0.48728638039311994,0.4813280353681936,0.492433076123134,0.5031933014328593,0.5006583206465315,0.49340007976384925,0.49977766900331816,0.4855854194015886,0.5141996543025541,0.46095642101944234,0.4913288589142019
0.7755225774888093,0.6335850515422282,0.4360897106548726,0.5104464756736837,0.4910399246364488,0.5233071210382946,0.49587031328549097,0.4957067111090808,0.5006615280795025,0.5169913637366301,0.5046414256746053,0.5146340087404472,0.492496220402721,0.49092531266246914
0.39818504477267364,0.9185589142747878,0.739597844158735,0.495752931188355,0.5060894074995417,0.5246998648451531,0.4976433450413357,0.49680184381196446,0.49200844149569684,0.5180272197651479,0.49530654205314445,0.5057371784807496,0.5011539275055648,0.5049130549279308
0.8798353244465856,0.4784121388818434,0.31705801219638285,0.49529660732631425,0.5022699638575951,0.5008210583941928,0.49723401165891573,0.5031643987325626,0.5026962002742482,0.4999456572678099,0.48820632860253044,0.4863910257211765,0.4746899647335966,0.4781987691023138
0.9397217001042335,0.3496358453341408,0.22675978826609333,0.4950302114139945,0.481473188699769,0.4874756912249948,0.4875191936306026,0.48282539796979695,0.46997680734686614,0.5173695715618493,0.5117225611648891,0.48565233817694003,0.48838805837285304,0.5008805249257462
0.7293618971502978,0.6874264077872487,0.4811622037706304,0.49531881960129726,0.5349961638919918,0.5202559454233291,0.4975877342315833,0.5001088953470987,0.49111963347234405,0.5067498068351853,0.4982267419170397,0.4923505909823908,0.48160888417806813,0.4914983412033573
0.7371260585468801,0.6771427937820851,0.4730152724287767,0.493209181032555,0.5057065592177051,0.4958400950663394,0.49452887738974205,0.5004789029883087,0.5086738137668623,0.4928275715818835,0.5224479178709437,0.5124306155163229,0.4988006870195422,0.5050458782822156
0.7959008733952505,0.6066215657594504,0.41460009447683566,0.4963250554033785,0.5099165654697091,0.4898401973394977,0.497414034754436,0.5006385653858563,0.5013009169889462,0.5154558203881763,0.5048479251556379,0.4914180198265487,0.5083114349836311,0.5097330747373259
0.8084281028254297,0.589694293584853,0.4012028080297778,0.4955169123821548,0.5093759959061694,0.4949560466197026,0.49301697198677574,0.4824009144034091,0.5029594555533314,0.5002949988965565,0.5109672796671348,0.4963575095354673,0.501148768737591,0.4965626042802519
0.47807808638805266,0.8795489720815836,0.6830416273672884,0.4952823704354181,0.5025372979375056,0.5199676855205836,0.495774737469261,0.49412534924073664,0.49111963347234405,0.4990514506658259,0.4981689616108841,0.5061026488630516,0.47969797880429904,0.4916545997467228
0.8583056165382656,0.5149683435694367,0.34403354410828924,0.4959168362692555,0.5025721355096558,0.48853829255560616,0.4944438542575696,0.493255214690748,0.492684061950632,0.5173339026201038,0.5087406997987444,0.505612027372633,0.4845463272436815,0.49711872157549436
0.7446149073014156,0.6683820882536432,0.4656868946050621,0.49576191798909053,0.5045235959356085,0.4877735347962287,0.49330439527838993,0.5003855386096064,0.4988854669030481,0.5170730992923089,0.49628402606268873,0.5051967726617208,0.5013842487685267,0.5049454922751381
0.6394184572783952,0.7697738765144947,0.558722531504611,0.49286583436887715,0.49812813392942457,0.4888149827382924,0.49675822731001157,0.5000806910122885,0.5009903004416448,0.5050534470538398,0.4942833559188795,0.50881259354698,0.48383404333716007,0.4892563384912376
0.3426198172158141,0.9398907874879912,0.7774623083789857,0.4904013320503053,0.5011174598125349,0.49353257773166254,0.4968968077483691,0.501654345820864,0.5032511670590306,0.5073039163286972,0.5033974494766494,0.49167200867005145,0.5085456937966348,0.5051007394284777
0.5938414875761688,0.8052361490335525,0.595468390286847,0.49286583436887715,0.5034073208672374,0.4888149827382924,0.49675822731001157,0.5015853005997971,0.5009903004416448,0.5050629341245116,0.5026221270388684,0.50881259354698,0.4886751389442815,0.5092902451311452
0.9597828439334286,0.2838102076417733,0.18303423618634346,0.49577003768704736,0.5016743216257049,0.47565009695004196,0.5082341870349719,0.5025863746504595,0.5031050689776126,0.5071524306204257,0.49667540356964235,0.49210258899541337,0.5039126940967147,0.5052594248350059
0.6186158341078674,0.7870286139116488,0.5759126968133778,0.49286583436887715,0.5034073208672374,0.4912768016096233,0.49676237627748476,0.5015853005997971,0.5238797353333818,0.5050629341245116,0.5026221270388684,0.5087379155665487,0.4886751389442815,0.5095023269380975
0.5777111123672298,0.8173271809309985,0.6082910673707045,0.4959167998770594,0.5017538168612674,0.5237462889715254,0.5012754887197594,0.5018984660362897,0.4908750105723863,0.5052346131325673,0.5024829763483376,0.5064230563480627,0.4889001869688306,0.5040463673983269
0.020406546834308363,0.9999754808207131,0.9870102732377545,0.49553668926468136,0.5040527399857062,0.5004250237296632,0.5030038055141199,0.5004687085220214,0.49986890447471694,0.506966528852091,0.5048619591680056,0.505090491023027,0.49376205961968733,0.5009462814481808
0.4948310817181759,0.8697651681132336,0.6707041488529137,0.4869104003282077,0.5025233691817902,0.49271365088130625,0.49530352352599627,0.5002928980791643,0.509725076040822,0.507059359240572,0.4846769136801987,0.5048652761522702,0.5032167248924726,0.49713107935315687
0.8995924503316686,0.4374976754160306,0.28816652413740773,0.49514676422165205,0.5011212742675819,0.48862049483418946,0.49670744585438525,0.5016423089949279,0.5041951133096797,0.49576193418133985,0.5033974494766494,0.5057339236094074,0.49215784012911007,0.5051007394284777
0.9898469305620303,0.14506384888646426,0.09263831850029436,0.4904013320503053,0.5011174598125349,0.49348842716589153,0.4968968077483691,0.5002842060222377,0.5102941517134687,0.5073039163286972,0.5033974494766494,0.5016831986944001,0.5086568930302828,0.505100604648221
1.7685045727297457E-4,1.0002829447511783,0.9998874453500683,0.4955298831823576,0.49570054861731816,0.5008609316142809,0.4977817777613915,0.5004687085220214,0.5031057061358041,0.5053520755013209,0.5130846561633513,0.5051100556693062,0.499397536863945,0.4983758765570995
0.7065376355800683,0.7082104224709017,0.5007527338223416,0.4905396234047904,0.5012490553170686,0.49353257773166254,0.4916030372938469,0.5006455967977661,0.5033210243542834,0.5073039163286972,0.49613366347516047,0.49167171151623124,0.49955600045298343,0.5050941275298798
0.4374925676507788,0.8999569584530832,0.7119378197769791,0.5047680586836645,0.5009593094183313,0.49444913676240815,0.49897146746814314,0.5005652189946104,0.4984841402450097,0.506326941940599,0.48658400768992116,0.5135173657218611,0.487929866775467,0.49262773828237666
0.20529893355596662,0.9790168860637805,0.8684081718900553,0.501068160044752,0.5058538937862103,0.4942124180594851,0.5058057515536467,0.5002517234154644,0.49226902115759724,0.4959074393660672,0.49735974715586345,0.5094640841514896,0.4993319816646106,0.5058848058373073
0.6741951069001073,0.7390777921603584,0.5292064025777193,0.49508125021383403,0.502786032524495,0.4957791679466507,0.5026049796333467,0.5023375564979186,0.5056539664828891,0.49527096616726435,0.5034919217690773,0.5124985728296414,0.5086621815678198,0.5052577129391854
0.9275243728771186,0.37635901041804776,0.24539669840981793,0.49302700770744534,0.5042096402566328,0.5238504680202208,0.4902071356981427,0.5017666761260623,0.501119843487019,0.49996224648046406,0.49036049202854415,0.49180501434209756,0.4943680924571617,0.4932141160045723
0.669733453613678,0.7430898198498467,0.5330248063536847,0.4934551059104992,0.5025356647284588,0.5062592315964439,0.49308127430507814,0.5019835206244085,0.5005123157695587,0.5061421988386108,0.5027024627615931,0.4914615263780026,0.5003573040994711,0.48979941334550636
0.9495485921349135,0.3156316450081972,0.2042988765583408,0.4952841034937484,0.5027352484142548,0.48503037606981203,0.4959519579974753,0.49325330904794884,0.4998946657809133,0.5001432055422181,0.489406569356763,0.4918198578333341,0.48848494721055985,0.497708063391812
0.6281879134632692,0.7785817017208189,0.5678017090728814,0.4959573960170242,0.504729926803378,0.4941630028176946,0.4977823443377993,0.496466330866607,0.5025361431175129,0.5045797948223938,0.4856175840049241,0.5051041881059462,0.49880428480062444,0.4927373939052795
0.9790672817828677,0.20589604023901698,0.13195710519545745,0.4904991544050845,0.4927976583453287,0.48483296701816064,0.4966292829256206,0.4932614882435532,0.4985663511475089,0.49898197278757905,0.4978051997917274,0.4983430439354553,0.4941025821133972,0.49709098315499595
0.6050765997378922,0.7965322531793031,0.5864255093188722,0.49506605930294084,0.4965051034817343,0.5003760784130655,0.4981099367583661,0.5004675525899496,0.4984522283175595,0.5042764244678638,0.49592100214381113,0.5049477553556696,0.4878859675277722,0.5064479902577061
0.8174443141971858,0.5763697434510477,0.39096871372275716,0.4977541233612618,0.5025213357555766,0.5075071803071373,0.49747572965596687,0.5020817860243725,0.5062616237244082,0.5042293056981239,0.5037538818064783,0.5039758441074879,0.499016029231056,0.506495804821875
0.837027347418988,0.5475744834800086,0.3688032155811255,0.49510535108810483,0.50365035713269,0.5070099583579218,0.49308066443723997,0.5002784004433288,0.5019450550721649,0.5001029293869643,0.5028391957575515,0.5045789388632325,0.49933988845411953,0.49234246606785526
0.563718501009915,0.8264520047302688,0.6189145602286021,0.4939026553173514,0.5025358064827132,0.48852835975170916,0.4962313611316202,0.5020593279229512,0.5059758200425982,0.5045330991466962,0.5035029730172398,0.5042768611140462,0.48903876197811424,0.5001776251399481
0.6541679492308228,0.7569805591561595,0.5463006520288518,0.4956239304902304,0.49809944722728805,0.5053393153235641,0.49590712072059245,0.5010633076083634,0.502559845079569,0.5017762620489921,0.4942069579437684,0.5082279443885991,0.48413681029299593,0.5067648054756436
0.9195375057416962,0.3933294101402263,0.2573185792156393,0.49549138725623576,0.5028767994549115,0.49997750657009093,0.49804433653788555,0.5004623278996142,0.5001003890378519,0.4990299790950942,0.49480304964082034,0.5015481791719197,0.49385715181130796,0.4947195443751299
0.9092246621630696,0.41760817605881145,0.27410428831099715,0.4958714657966842,0.5087689557749285,0.4892953508723361,0.4951991897628192,0.4936334512955334,0.49308947793077235,0.5073287956593064,0.5096596510742175,0.5054987362399892,0.4993032820634727,0.49327069222790326
0.6867244760698884,0.7272950164675294,0.5182606566129535,0.504813865220214,0.5112663395632447,0.49997750657009093,0.49804433653788555,0.5004309149281225,0.5031141537392039,0.5052628658698659,0.49808523938215715,0.5033899428488637,0.49370044116032963,0.4947195443751299
0.868889899385885,0.4955120013077329,0.32994800601732416,0.49634917449725313,0.50405398927012,0.5004250237296632,0.49691670234130253,0.5004225665327379,0.4910772162933559,0.5052257469398062,0.5047128426922829,0.5017312568300553,0.4936692695368499,0.5062473039825308
0.5277191981223024,0.8498503352526711,0.6462395679251154,0.4951076836189969,0.4961679174128497,0.4959234246772414,0.5026240056862901,0.5010765573219275,0.5048645416602177,0.49745790342313073,0.5034660412862776,0.5125248437281588,0.5086621815678198,0.5054016671404788
0.8294363562991084,0.5590149315712336,0.37754193764970134,0.5005437407302886,0.5033346386130707,0.5072368399965704,0.4975317167851802,0.49974978256562264,0.5063111839743779,0.505045359339064,0.5046996295290396,0.5056146138378581,0.49931306953797916,0.5064686468899428
0.5143959847779331,0.8579301247290638,0.6561558606718068,0.4957601781574654,0.49652585065605775,0.4935591964053368,0.4988046675651879,0.49642393161559034,0.5002397958495916,0.4952725319975545,0.5110460536941176,0.5016943322859372,0.4939815223606714,0.49262773828237666
0.458620759854879,0.8896973194398285,0.6969980119849803,0.4778099705851892,0.5043003239420523,0.4947134788289031,0.4978121180109312,0.5004693956899019,0.4924296882969844,0.5052579742365932,0.4956426545529729,0.501899491043344,0.4937824976151603,0.48397938108433125
0.6968800196656405,0.7176627415122112,0.5093526616119457,0.4951109666556525,0.5108536993235606,0.5015644324336683,0.49681523284099194,0.5006108946695556,0.49270892150398243,0.5063897558392011,0.5026817339454847,0.4917613189478995,0.49993039230809866,0.5041228754707195
0.1460564010748702,0.9894913514859031,0.9067037970791848,0.49553346669571824,0.5003289979305141,0.4979364420139203,0.5030038055141199,0.5006411958189105,0.5000182914831827,0.4995877782466868,0.5035056615200137,0.5113167842880091,0.49379537214505687,0.5000591120932255
0.24862206057919048,0.9688978492249076,0.840091618496143,0.49511649680328124,0.500478840199125,0.4992409271305476,0.49887155702389924,0.5010447874009525,0.5097284474560372,0.5084461412884983,0.503442502356694,0.5060693021388953,0.5043024091346479,0.5052675562239094
0.849728504067648,0.5279403086435976,0.3539208700766741,0.4948923765375566,0.5039444215062197,0.4998534889544048,0.4930921580243969,0.4997403393207002,0.4985530775392776,0.49991433540270913,0.5032311373672819,0.5029466700798114,0.48361951286464105,0.5008247040380952
0.2852243006035983,0.9591016651397511,0.8159801129753526,0.4956451835094001,0.5027351233163989,0.5065170478399831,0.49872290796219737,0.5011732982470862,0.4998946657809133,0.508492863443378,0.5036641322937111,0.5189779956916553,0.5083870785836269,0.5051250633731217
0.4193030255315677,0.9081270892722472,0.7246238971293197,0.4952845486730763,0.5050844721192559,0.493574265214509,0.503638608888835,0.5006002918537564,0.5023200050382928,0.5064804866309949,0.5086445028165449,0.5054339086229531,0.4997925809614224,0.5004817532431693
