4.6756524621229655E-9,1.000364492078302,0.9999999970244718,0.4991391987912692,0.503728352210082,0.5005340555424926,0.5093812612521118,0.5042929985446817,0.4996198246810681,0.5103182891354084,0.505064861929467,0.5071147123623612,0.494979142418298,0.4940809813569594
1.0002313694981675,9.299713554844882E-7,5.919012047520271E-7,0.5036382503177649,0.5036616746911186,0.5019156516442692,0.5015228933033812,0.5042835842489284,0.5060733506547779,0.5026209613020383,0.5042126812475135,0.5060926116639758,0.5089608539513908,0.5012117022679844
0.7485860075084769,0.6634438057746049,0.4616596898118967,0.49596273702695903,0.5028961237385462,0.4988069319214526,0.5045419614967744,0.4973194470902126,0.5083079476235127,0.4973062159008785,0.49948981086126687,0.49122498842153434,0.49379082714183137,0.4951738073898971
0.49956587348319836,0.8665538460845092,0.6670741234859384,0.498155848517536,0.4996714952022312,0.5016984864870521,0.5016368397584168,0.5043255143577497,0.5020547215909189,0.49606216859161417,0.5011053852182583,0.5049048650217535,0.5116901792599747,0.4944022489627225
0.7218065071197816,0.6927623611249903,0.4869306610653579,0.4979321911351746,0.49127914032080583,0.4967585330512433,0.5050201642834737,0.5039530607101717,0.5075104381542026,0.4970098399882629,0.4994611840177316,0.49531986081184315,0.5142762460003146,0.49375207460120135
0.42175894084883714,0.9077558217900511,0.7231067769896825,0.49814385416426765,0.5042035740223214,0.4771183600064862,0.5017335675105915,0.5062832155356377,0.5044088162356718,0.4963140683614772,0.4920831875653449,0.5092188835628135,0.5121816183388026,0.4941760360830619
0.9996529156355229,0.0329790992491978,0.02099482172756406,0.49362786671044756,0.4996703718811981,0.5005575077907795,0.4969661225426985,0.5030612314930966,0.49488513894872665,0.49762143977560935,0.505064861929467,0.5044104342317645,0.494979142418298,0.4940809813569594
0.4402234379411435,0.8983374689901852,0.7099243068954211,0.49935034321228056,0.4961281467477538,0.5015442922834258,0.5092651462288063,0.5043862212350494,0.4986976318846264,0.4968256162951563,0.49553587191982507,0.5069449812927165,0.5126768983680213,0.4936879037309011
0.927331921034429,0.38235958840700285,0.24897159742838076,0.44664694606537386,0.5030428607022075,0.5043769063158535,0.5021609860333772,0.5031366748499746,0.49978169120686544,0.4900424601496704,0.5005325157770885,0.5080959922289792,0.49650337795909794,0.500491531838196
0.5734167521434584,0.81961918983101,0.6113648889315577,0.5023367910970692,0.5036303523804962,0.5011609276408266,0.501218049006419,0.5041177102587872,0.5071409525920834,0.5111045601456141,0.49992641087517026,0.5053221110505939,0.4955994038683235,0.4944570196168688
0.47907296622760276,0.8808321351158107,0.6828757171953517,0.5022558714495198,0.495810098509884,0.5042985207888182,0.4969314840998172,0.523680940561063,0.5357057611736883,0.4947595234971055,0.5204082618551696,0.48792851341864046,0.4966945662803724,0.48594143133672657
0.682204988231573,0.7322680844911625,0.5225227749130685,0.4999224298300444,0.49596628098874834,0.5045223361799298,0.49749373905295036,0.5033615699739443,0.4986767982412119,0.504880161595441,0.48055385541430284,0.4828510555867495,0.49543037473338875,0.4939360221708494
0.08788866001315447,0.996440329761975,0.9439933984832637,0.501679865856717,0.5031075480895916,0.510738051931768,0.49867501996453356,0.5042876372237315,0.5064784713051731,0.5077625699983345,0.5005408359987723,0.49986148094056,0.49416385929281437,0.49507032464320294
0.6435936567651368,0.7663463648567043,0.5552862149388251,0.5022558714495198,0.5014493294781264,0.5043446439145063,0.4969380238540892,0.5041681018874112,0.4978504395197488,0.5231283849475711,0.4998610577899742,0.5040687149688107,0.5117239279163205,0.49823623618662616
0.18803165731482432,0.9835298296455117,0.8797418869704039,0.5150565190147406,0.4933247402994152,0.4766813160469215,0.49765653052857944,0.5032110256465304,0.48819382041587406,0.5072425915432855,0.5006167144190397,0.49224764832920476,0.48997395253665077,0.4873964106966091
0.8380716537552202,0.5460127717371885,0.3676075525588228,0.4957031005003891,0.49125695269965025,0.5013111546419182,0.5037646147466119,0.4975809438657789,0.499672044990082,0.4975299155777392,0.5042332522117521,0.4915945599271208,0.5032829531638345,0.4950215105799471
0.9328176010163113,0.36178610588038324,0.23553776077891644,0.49797862270806076,0.4917842325579121,0.5016161919412842,0.49010173312786987,0.504000572852775,0.5046781654817378,0.49826149838330963,0.48398844935229945,0.5038640463599666,0.49595256768880824,0.5042461662098685
0.9637816241981265,0.26788210318952943,0.17259129114706095,0.5019693182821467,0.5009728683542525,0.4970224469929878,0.5051194736137397,0.5049991654638918,0.505872915207458,0.4960203049707858,0.500480375695939,0.4880481492163185,0.4926711800817121,0.49757919941408596
0.05943046527312431,0.9983505774160071,0.9621475522660732,0.4996562209490957,0.5037532056243671,0.5005452262031229,0.5009799634516516,0.5043706531276768,0.49813646058446415,0.4978775716249415,0.505064861929467,0.5043703007190704,0.49568989180859324,0.49652882612011673
0.5180209166316961,0.855857483608518,0.6534992399168004,0.5040683113625404,0.5031466113577825,0.5014117664471319,0.5035952088347898,0.4966203059552596,0.49420344764799834,0.5015692081002366,0.5159691908164392,0.5082427172450175,0.4974594488210481,0.5007042280730578
0.8244385085869781,0.5689086405667129,0.3845316057143213,0.5066637452883367,0.5163205953200547,0.5005538047417207,0.5051351634595113,0.5042500015103197,0.4944587988116215,0.48070501780324537,0.5000533978554415,0.5065179245781052,0.4953207548754068,0.47078265490944304
0.6076113730095944,0.7948996861395752,0.5845128487715331,0.49794070740537116,0.5023873464934163,0.4987222452724301,0.509057646092234,0.5061369879268529,0.5069813193703354,0.5077474782491254,0.4907785137613953,0.5094836204368292,0.49362663353659075,0.5085307072796404
0.3524347023231521,0.9365955475483659,0.7708779285734315,0.5073066697663058,0.5048938137446833,0.5043295616755817,0.5090074047737824,0.5042445447176278,0.5059782720455054,0.5023624392981964,0.49985925107509166,0.4935012834090564,0.5167009875315511,0.48764124789662844
0.7842947439241768,0.6206806948336946,0.42619594643860825,0.49781094751819976,0.4961499754050699,0.5019311452731854,0.5011356791915057,0.5031127169913989,0.4980155909230527,0.49903914950358647,0.49944966568318094,0.4918135288722716,0.4935227325674721,0.49426339163679656
0.9168570896506573,0.4004415219132819,0.2621502158427931,0.4977092635911796,0.5041475895967904,0.5018105389993144,0.4981267415480592,0.49696472983070067,0.483742789365757,0.5069277274264613,0.4977609925442133,0.5050491214358673,0.5083456042060776,0.4937428919179593
0.3051678054655237,0.9530571371897448,0.8027221518972143,0.5015651671421497,0.5044232720789569,0.4926236704452206,0.497026145396389,0.5028150939857601,0.4955896261853132,0.4961664039120254,0.5052429329738284,0.4921249320569233,0.4893438131058675,0.48020136127973767
0.8004087132958281,0.6005965249766947,0.40981311901030537,0.5063620489859186,0.5083298331834415,0.500543700527058,0.5140718449298732,0.5056199769500198,0.5068466315718001,0.4952113667794111,0.5062758080322627,0.49590578158512005,0.48992719004616614,0.48914933679092654
0.029714210955952863,1.0001521475102289,0.9810917853712667,0.5064156586543808,0.5085740823401029,0.5005488483067794,0.5019005967091316,0.5054145355356721,0.5067267273302135,0.49574787142472504,0.5062012184288655,0.4922705389070469,0.5116741868362826,0.512154345851695
0.624351971598686,0.7819511144018471,0.5710471699781765,0.498347682623455,0.5044142224944788,0.4905519783683576,0.5104078596889425,0.503609779605207,0.5097567449283293,0.5137791018911464,0.4995793722499829,0.5043524715472777,0.49578310113455537,0.5087447160013734
0.5932614192293261,0.8055509986229359,0.5958843793138348,0.49845767744324704,0.4996275221501933,0.5005072907804814,0.501851228286866,0.5030038069876906,0.5059511825509797,0.49563688069573336,0.5042007457496862,0.4927229239059156,0.5086447397271904,0.48514554591105946
0.9085653145050889,0.4216624144995687,0.27662079907813375,0.507485174744211,0.5001531466377819,0.5042622573202052,0.5039084734976357,0.49687118955534815,0.507172819500182,0.5022460814344941,0.5247014071331887,0.505319068425341,0.4716389241802404,0.49328213045147057
0.975419290883364,0.22436492503016636,0.1439310659194094,0.49874990193562424,0.4926876541382234,0.49868937259546126,0.5098521712756279,0.5041005427964881,0.49464975594688926,0.4958407962838386,0.5008449125260007,0.48760236383423233,0.5213020728516901,0.5081278077557226
0.9900029372915341,0.14279292840117777,0.09119384046304706,0.5022909455656711,0.5033685329591324,0.5047057903807188,0.5021984836237958,0.5042465306501706,0.4996416357892051,0.5021985068697989,0.5013427597993358,0.5046187305631737,0.5030098730296884,0.4877924493197008
0.561614051113377,0.8281143322060636,0.6206166656931158,0.5069861013093204,0.503754705923005,0.5098822647939795,0.501218049006419,0.5096156158830237,0.5074756872090477,0.5075310134135834,0.4958705131782642,0.5053478241214123,0.5121731217935429,0.4944570196168688
0.3304914339902947,0.9445753612999019,0.7857321674758417,0.5085263024175501,0.504453312498548,0.5016472260707358,0.5027752357114659,0.5028150939857601,0.5100471038687019,0.5026969543506005,0.5052429329738284,0.49244317333769255,0.4893438131058675,0.5174957974558145
0.9985414605744954,0.057808773088431464,0.03681487066797212,0.5036382503177649,0.5036616746911186,0.5019156516442692,0.5017721158258782,0.5042835842489284,0.5060733506547779,0.5026209613020383,0.5041021031979583,0.496003868228016,0.5091435816332323,0.5012117022679844
0.9827814666992762,0.1870199092485938,0.11971516119033268,0.4976500272273397,0.4984841192098921,0.5034161843156836,0.50222702211609,0.5042231111290997,0.49707392278749846,0.48618145939658475,0.49597830721323033,0.4915087719754317,0.4925141317870003,0.4943671040059618
0.996733790806099,0.08452907902398128,0.05386034739274001,0.49601143184928725,0.5024206254240524,0.4988590699211955,0.5038665716433567,0.511340072857988,0.5062361312872384,0.4972101664195512,0.4960768604232678,0.5075448439740287,0.5049567740237011,0.5012180477263631
0.10676843790702707,0.9946509454761389,0.9319242337352356,0.4980477551951752,0.5094618761293777,0.5016191689027267,0.49934568703861204,0.5043387452809832,0.5048087865240443,0.49593305538900384,0.5119543199490532,0.5059225841401913,0.4961135177722251,0.5041194494462315
0.9707096393149861,0.2424886568395973,0.1558417474432772,0.5022558714495198,0.49251098610173394,0.5043446439145063,0.4969314840998172,0.5041695810431439,0.4935403273042908,0.4947595234971055,0.5000888372699905,0.48792851341864046,0.49559344832799157,0.48594143133672657
0.711148817854247,0.7038226886632193,0.4967038791940308,0.5027587241246455,0.4960862220397486,0.4983348907766618,0.5016201223268815,0.5048268567042229,0.506357694372203,0.49708094991665036,0.4944003480284829,0.4810772245796716,0.5047240464002374,0.49391322874384797
0.5267031209483063,0.8504265709031733,0.6469823774172541,0.5027045489928844,0.5048554659488265,0.5005288165705828,0.5051045956447374,0.5067779051929094,0.5097715765116656,0.49793533958662695,0.4998970994151436,0.49201614275812233,0.49800313332864854,0.5070753360240489
0.699797579466198,0.7145210380548181,0.5066271532847412,0.5022909455656711,0.5033685329591324,0.5046733137262684,0.5057282311061798,0.5042304425287535,0.4996416357892051,0.502391408272287,0.501285098375541,0.5047285403029623,0.5030098730296884,0.49935733058321263
0.962005128158873,0.27897813328998444,0.17968860843410742,0.4981559157777154,0.5036221617680404,0.47895651353692226,0.4718868907198301,0.5063860098057738,0.49608517857434375,0.49656772953814277,0.5000257722864019,0.49220008080152894,0.502178283003005,0.5160256126624077
0.9524805990785555,0.3053580501340142,0.19750506689291028,0.49929559203859475,0.4966851422054767,0.504605949737938,0.509337767925902,0.5043919372560884,0.4995441705887046,0.5018637894013183,0.5011253933659442,0.5071329768813748,0.50104617236708,0.49405993896023453
0.9554500046487115,0.2960858887137987,0.191308526600489,0.4986853502333966,0.4995199236061333,0.5072394179564872,0.5046436251706037,0.5069241212056342,0.5077955871132833,0.4995119282784174,0.4963205104154502,0.492636919843695,0.5005799438795338,0.49522816150724186
0.8648489999498861,0.5040753178747894,0.33595195200825956,0.4943310560122465,0.4966534849120689,0.5014904673905575,0.49874157465342445,0.4964906680319357,0.5044928257240862,0.5039138402518563,0.49790660061267855,0.5081894248205068,0.4713468535644947,0.49368180082899327
0.9873920475209889,0.15914977072134487,0.10173660899673778,0.4974386248879935,0.4994779902616915,0.5020735134782577,0.49700265515985165,0.5030859031160823,0.49863659201107574,0.497589598938419,0.49588891093883464,0.5053163765574243,0.49524129830947927,0.49445700900275935
0.1635862175841026,0.9869120554482763,0.8954274860081551,0.4981684424684241,0.5020590239359664,0.5005248923529192,0.5050321166381052,0.5054086601552864,0.5074902909187939,0.49582274531526693,0.5061569869284692,0.4953235145053635,0.511741755049512,0.4933509195784218
0.2110778888690649,0.977628441262228,0.8646266471327702,0.4974386248879935,0.4994779902616915,0.5020735134782577,0.5027411535412222,0.5062405840514211,0.49863659201107574,0.497589598938419,0.49588891093883464,0.5044924427789671,0.49524129830947927,0.4944663392528544
0.39901390661363867,0.9171951297261122,0.7387685833397893,0.496938083809145,0.5044133235887499,0.4990259524329633,0.5027497592323916,0.5030390775591638,0.507551607623494,0.496017383808857,0.5055171140099368,0.4923259856999221,0.49546314235967753,0.5002769129228437
0.12262567274390522,0.9935935597122412,0.9218260280111732,0.5231536579958429,0.5037775778646685,0.5014948692240375,0.5051351634595113,0.5042501451057143,0.5085110502568962,0.496350626097286,0.5006725699641663,0.5056543094084089,0.49661610664031497,0.4798677464563829
0.9947700385662167,0.10484802903433636,0.06685242936176167,0.49349068084482506,0.5024206254240524,0.4988590699211955,0.5038665716433567,0.511340072857988,0.5062361312872384,0.4972100415511151,0.4958382966996113,0.5013034167312713,0.4955307023579057,0.5012180477263631
0.8574505198500921,0.51496110414401,0.34430960682118256,0.4938661344911921,0.5037255091906698,0.5005336421625648,0.5036787908825483,0.504384406707597,0.4984439263239491,0.49766650747369046,0.49591534458670516,0.49220008080152894,0.5008102576389417,0.4942943440903516
0.9865104626811647,0.17512792340137637,0.11184917635404604,0.49744614929306863,0.49916934049712985,0.5012112662892168,0.49709295777044493,0.5030504458218691,0.504505531998366,0.4972018900354007,0.4960259554349888,0.4912394630568983,0.4675087066859427,0.4729503912434514
0.992448419775858,0.12470115136069886,0.07957425701057758,0.49776658889461256,0.5036595720719124,0.5047572631675743,0.5021984836237958,0.5031443541292739,0.4996416357892051,0.5022326226481902,0.5013427597993358,0.5046187305631737,0.49563143944532684,0.4877924493197008
0.7686271596213163,0.6414977517329494,0.4427604704180592,0.49596273702695903,0.502858546437638,0.49883878064012543,0.5045419614967744,0.49734866693633056,0.5083079476235127,0.4973062159008785,0.49951755075634274,0.49143723200554085,0.5304346987516175,0.4951738073898971
0.14131744730425674,0.9903283766740432,0.9097650906088915,0.5013760963645879,0.5038369943247849,0.49883878064012543,0.5051320997720588,0.5042718307500258,0.5084766887930694,0.49772960132820865,0.49951755075634274,0.5083799485194165,0.511231673370524,0.495078109039047
0.27074469709031745,0.9633283773090875,0.8255768068667733,0.4965640577286457,0.5026089154625861,0.5018102897959308,0.5026338233095059,0.504241110678162,0.5106231622017752,0.502565026442863,0.5191896012956039,0.49243910523999446,0.5046896534296812,0.49381378761007383
0.27847801396877125,0.9606621942425561,0.8203790460537047,0.4981771919400354,0.505312110990353,0.5005867711581706,0.5035971507970625,0.49634553008117127,0.5099859209909275,0.49773809890909754,0.49797032620030873,0.5044291288497176,0.5048709505326876,0.500654053559899
0.7741066003890413,0.633978908541852,0.43685376003553744,0.4958801303600684,0.502854443600849,0.49883242838138975,0.49628148295201546,0.49651882842757833,0.5068320970032814,0.49768716599305607,0.4968675151630229,0.49252073595400747,0.5050133328811728,0.4802609753586673
9.21180470528198E-8,1.0001811218362744,0.9999999413664498,0.4938411476715352,0.503728352210082,0.5005452262031229,0.5009799634516516,0.5042929985446817,0.4945484690301081,0.4978775716249415,0.505064861929467,0.5043703007190704,0.49568989180859324,0.49652882612011673
0.3343732625764706,0.9433546502469871,0.7831451464561052,0.5015651671421497,0.5175822767562923,0.4926236704452206,0.5045457678887046,0.5027586773553498,0.5071491996759078,0.5022773956773148,0.5051537698134131,0.4922005377828997,0.5172586422379831,0.4949458495443914
0.808758033077263,0.5884282233786284,0.4004279834544712,0.4934462092840024,0.503728352210082,0.5004589932634625,0.4968502119121812,0.5042929985446817,0.49448182500313,0.4978775716249415,0.4958405724536029,0.5013847046105591,0.49587518037217826,0.49652882612011673
0.6210260074423569,0.784318618610909,0.5736411706644574,0.4961239144476233,0.5029416151719648,0.4987779090113857,0.5045511502564713,0.4965944935095388,0.5062337639697887,0.4956854179514434,0.49073181880767963,0.5076268768616182,0.5089228099835632,0.5087046740012109
0.913000715824089,0.4099534031692275,0.268676890701746,0.4976895766714027,0.5081328700336025,0.500543700527058,0.5140718449298732,0.49676287575148964,0.4837146231766518,0.4952113667794111,0.49754237920019295,0.49590578158512005,0.48992719004616614,0.4889078554897482
0.8520175196596428,0.5239695245926677,0.35100532051992656,0.49387214658403944,0.5036355532748081,0.49295537034092907,0.5036787908825483,0.5027613266729264,0.4984439263239491,0.5044580436392438,0.4993529718738111,0.4921228984550889,0.5002433913487848,0.4942943440903516
0.540925318211969,0.8414930521185521,0.6362937327445205,0.49689268063327446,0.4872740392143752,0.5013308309898522,0.5036794293767338,0.5060764193220916,0.49808226957871743,0.4980467072029382,0.49575138071683633,0.49220008080152894,0.4954105054484445,0.5049021929311566
0.9471490379590857,0.32404380363012364,0.20985692771048536,0.49545395042303425,0.49212248457676727,0.5020015722800875,0.5012113311279675,0.5031745790381019,0.4999063031703845,0.49549767130449673,0.49690962171123304,0.49127191150188587,0.4959998349681224,0.471242208656695
0.2544956680892437,0.9673830153556818,0.8362311404944766,0.4965681166814513,0.5028939827754441,0.4988069319214526,0.5045017573398859,0.5039678657198648,0.5106263716018226,0.4973062159008785,0.49948981086126687,0.49231505312246776,0.49379082714183137,0.4951738073898971
0.8797039723626607,0.4760082894534897,0.3157538208144325,0.5015623192242585,0.4962634071000708,0.5015234150009822,0.5012701831381402,0.5113530353098216,0.4986296694856124,0.4971622621292482,0.49598564517028754,0.5060323790207569,0.4958123142796685,0.49849731208819464
0.9979116905406538,0.07014227068103421,0.04467392821817129,0.48734456082647776,0.5045345980249925,0.5020118162225629,0.501218049006419,0.505041815371829,0.49359385614762763,0.4980718365334129,0.5042003302890048,0.4914066561327731,0.4980879195486719,0.49528876593589116
0.8152606035866802,0.5803227623243108,0.3938245151834663,0.49995345043212447,0.4994695600994323,0.4923393996085539,0.5140799159312741,0.5075001704722447,0.4996107362525871,0.4952113667794111,0.5002534707977738,0.4959892173980209,0.48992719004616614,0.5160551273921249
0.5533254264523013,0.8387647256821134,0.6287503156272543,0.5144562408871388,0.4960753243401919,0.5025071170440034,0.49765653052857944,0.5032110256465304,0.519321050154386,0.5621193449742217,0.5006268280381806,0.48142779317765394,0.5031908118754904,0.4986354953363953
0.1713598573026116,0.9855327326134613,0.8904032096155875,0.5016327947202645,0.5031075480895916,0.5107179979846918,0.49865651076400863,0.5043815428821071,0.5068934860416532,0.5080415031124728,0.5007680161857113,0.4999280643005656,0.49416385929281437,0.4950613630390528
0.9397235884746721,0.3429188663190743,0.2227529409895938,0.4979925271047193,0.5045114531804791,0.5011245006616891,0.5050424369034275,0.506777841457949,0.5075558745642649,0.49449562983718737,0.4926315940599872,0.4915649870766096,0.4979271528639014,0.49523688753850204
0.3819522216743496,0.9255933777287819,0.7508464984512211,0.49995702053594127,0.5169890231230585,0.5043735756449205,0.5091758966616989,0.5042303774838427,0.5106232023207281,0.5022328775427656,0.5125549312220136,0.4959758525615494,0.5167109197025037,0.5179912844415365
0.24788403611664006,0.9693090541124456,0.8406115196645801,0.507485174744211,0.4996242122168106,0.5042622573202052,0.5039084734976357,0.5042970889042235,0.507172819500182,0.5022460814344941,0.5132228402460192,0.505319068425341,0.5087351293689824,0.5076897701043851
0.8921711121334214,0.4520405977405482,0.2985575863597912,0.4961367752975192,0.5037526583917267,0.5011917403672745,0.5012005828282219,0.5026757767244815,0.4984176502177988,0.4980375541680178,0.49575138071683633,0.49220008080152894,0.5008102576389417,0.4945176435192771
0.6520155711209858,0.7588124900243992,0.5480991364643227,0.4979321911351746,0.49127914032080583,0.4967585330512433,0.5050201642834737,0.5039530607101717,0.5075104381542026,0.49708687700745446,0.4994611840177316,0.49541920632446645,0.5142762460003146,0.49378704137949353
0.9452414832132944,0.327192566272884,0.21214605670534353,0.49545395042303425,0.5048018033624192,0.5020015722800875,0.5012113311279675,0.5031753102327995,0.499755460470017,0.4952956089716467,0.4969146241356951,0.49129790633394,0.4959998349681224,0.49075532263684873
0.9381365209808843,0.34715841503473166,0.22563385519197124,0.5028954954002938,0.49128765878294134,0.5042451727668671,0.4970583957302251,0.503744384334711,0.5045700908377935,0.49823396817159654,0.4957318480423704,0.5038589829095128,0.5105276545844888,0.5040708677003432
0.21600842370025217,0.9767295513153904,0.8614387383103181,0.4974386248879935,0.4994779902616915,0.5020380929620788,0.5039714794605322,0.5063758490657821,0.5079672467663031,0.497589598938419,0.49588891093883464,0.5043295208553736,0.5115570260559067,0.4950842582162756
0.8727861116418871,0.48892829153636713,0.3250802763795371,0.496405837153249,0.502016770322478,0.5043722109226509,0.502932975947142,0.4965944935095388,0.49473134695866205,0.5022086825036124,0.49682322474249974,0.5076268768616182,0.5089228099835632,0.5128972132792561
0.5967312822175677,0.8026871537553881,0.5930251088368191,0.5027834310839674,0.49924836118206417,0.504268750249815,0.504795773687254,0.5029965316755336,0.4986485259221739,0.49768716599305607,0.5042969495228422,0.49222582240393403,0.49543037473338875,0.4943472656519366
0.8461610450730197,0.5331451711458345,0.3579335110902875,0.495746347456866,0.5044518377574958,0.5005452262031229,0.5009294863729968,0.5042929985446817,0.5007887889504594,0.49786851368256996,0.5014582243126317,0.5043703007190704,0.4954369740160722,0.4966204931297673
0.6575075293949721,0.7538158794870535,0.543375526182814,0.4984566719352428,0.503158720992243,0.5021421567186404,0.5036169661638437,0.5041018220802138,0.4945774784961443,0.4960022501811935,0.5004907952275891,0.4887254494845077,0.492632873279709,0.49816833704602603
0.7816463580710721,0.6239312289610169,0.4288645822099172,0.4989305671612234,0.5036595720719124,0.504652995680836,0.5022059340302149,0.5031443541292739,0.4995279481924726,0.502143542059268,0.5013398135035456,0.5045929468354852,0.4956986181571136,0.4942167596751512
0.8709581333162582,0.49256853408491424,0.3276693143654329,0.4962695705880424,0.502016770322478,0.5043717734183271,0.502932975947142,0.49667453835987996,0.49473134695866205,0.5140555307130386,0.4969112350685349,0.5076268768616182,0.5089228099835632,0.5128972132792561
0.9716038086580964,0.23821614175507352,0.15306595630936798,0.498155848517536,0.49261637358095733,0.5017446096127403,0.5016343352113224,0.5043773033050455,0.4928194907911348,0.4960553849766509,0.4999877236725536,0.5049048650217535,0.49561660968861604,0.48631836050750926
0.8967951158172621,0.44330675727074276,0.29226957664396686,0.49998854663315145,0.5007333069824507,0.5020051250512192,0.5049536260589055,0.5050454582369791,0.5062455079034663,0.4960113167170525,0.4959496091433553,0.5080323699085795,0.5130448387486001,0.504532759179108
0.3654288821670279,0.9318225620268541,0.7620732202306874,0.5070037777704353,0.503754705923005,0.5098822647939795,0.501218049006419,0.5095648407031894,0.5074756872090477,0.5074443357656828,0.518537048320016,0.5052743865918955,0.5121731217935429,0.49446387947324905
0.29399601896617006,0.955983809126213,0.8100626638706658,0.5013760963645879,0.5038554496414451,0.49887420115630415,0.5045762786324768,0.5029274667087644,0.49855852795573974,0.4976972327728772,0.49951755075634274,0.4922877570951587,0.49509924106548103,0.49446019007562575
0.9936559904998672,0.1144060594692627,0.07297682562942631,0.5016489978349166,0.5047828334905877,0.5020118162225629,0.501218049006419,0.505041815371829,0.5063783670042997,0.4980718365334129,0.4959219442306245,0.5073907878888515,0.4958123142796685,0.4944570196168688
0.7574484292795345,0.6557637342410302,0.45427217513967894,0.5324490962165325,0.5029416151719648,0.4987595392267396,0.5045511502564713,0.4959858309294891,0.5062337639697887,0.4765543794480363,0.49073181880767963,0.49120188265637976,0.502091941338693,0.5043748387827738
0.70083517319639,0.713992781958488,0.5059202621748419,0.4979321911351746,0.49127914032080583,0.4983886540590315,0.5050155943403567,0.5039530607101717,0.5075104381542026,0.4970098399882629,0.49511180111743386,0.49531986081184315,0.5142762460003146,0.49375207460120135
0.36935872440040796,0.9299535553000168,0.7593114000206105,0.503228685348657,0.49618518469299094,0.5014493583764355,0.5025109111825671,0.485531950902487,0.5067733003836759,0.5079914901136565,0.511812619450741,0.5079241885656762,0.4958193767715643,0.5068769457183666
0.6263742972699099,0.7799105840689241,0.5692310795028358,0.49504700743626395,0.5030086213745196,0.5002845162789696,0.5100418475838111,0.5036021417871276,0.5060636067642784,0.4992099599953995,0.5007940692692886,0.5049325987324651,0.5075003484975141,0.493957887770972
0.3462031009968482,0.9391132045249129,0.7751516019145697,0.5032034282822749,0.5163430889792715,0.5076185701323017,0.5096129118697499,0.5037042010830562,0.5053929837839264,0.501811071049446,0.4937539253874151,0.5019051637742017,0.518512487068718,0.49404609747982886
0.6177584879956575,0.7874965152780597,0.5765253429533608,0.5089036926520388,0.5164431630309221,0.500735414675033,0.5140909712541588,0.5049660646233085,0.5068252241824969,0.4980983156643965,0.5002908505437151,0.48599097608405367,0.49379598991208246,0.4945849431073337
0.8896441926722609,0.45960710497899104,0.3035748466847588,0.4971084185503158,0.4954593515030013,0.5008865997252779,0.5031006157422809,0.5048916975311767,0.5043596462157817,0.4702158501550128,0.5113606539347849,0.48557630491600834,0.49546213100846065,0.5049716627187825
0.47918875455276044,0.878476826442919,0.6820950700315784,0.49888075543812244,0.511491165445413,0.5018847938027703,0.5044906717821915,0.501935806768538,0.4950879273231837,0.4860347146474607,0.5040153368850386,0.5050039077784425,0.5146686773325289,0.49406554010930165
0.8693128274116886,0.4956883555555325,0.3299121772812218,0.5022785454453793,0.492152327942926,0.5014411105909408,0.488356617522791,0.5049539453480114,0.5045963503320869,0.4956039345102859,0.5035902391491279,0.4858573528160533,0.4859118790348571,0.5049823885197253
0.778846899763031,0.627857950718769,0.431928902137937,0.5022812568766561,0.4910901395240986,0.5016336819305932,0.49573503458837836,0.5021478146725543,0.5095410902290441,0.4948036665434748,0.4999318021171929,0.49210023753859017,0.5048878747291436,0.509464141691117
0.032087218837321185,0.9998719106350332,0.979577034148123,0.4991883672042684,0.5032810629984442,0.5019242903721877,0.5038762037847814,0.5048953766304638,0.5068359098114912,0.4956366041042991,0.5060433649554192,0.4922961999754887,0.5121898194294263,0.5047213172981148
0.4949193020581099,0.8694773113436863,0.6705647792075504,0.4989198470968255,0.49618518469299094,0.4995508809155661,0.5023260899998766,0.48535710001088955,0.5044726858320159,0.5083123579007272,0.5037549002065252,0.4915322203971643,0.4975049296058118,0.507139410424464
0.5292726909213377,0.8491315171269472,0.6451586071143351,0.5030392404093508,0.49618518469299094,0.5019495132730046,0.5025111313110986,0.5037987190217611,0.5068992865051419,0.508308686185685,0.5002958895616306,0.4916711239789902,0.5162814988512483,0.5087912015303409
0.20241874101675586,0.9797443023036755,0.8702969483250359,0.506619966605012,0.5024090151535373,0.5019610400917173,0.5018610369012484,0.5061922554290681,0.5065780482475403,0.487940508380377,0.5054687930321744,0.492332213121537,0.4957451301439272,0.5067259306291394
0.6663161782233371,0.7462787403001634,0.5359986282337129,0.5027877418226052,0.49107076917836007,0.49998760759462724,0.5028017086647589,0.5020192440721406,0.5068872521302292,0.5078237433533769,0.5026107310286326,0.48510016430552766,0.49951160594466804,0.49583274459580134
0.6049086430223314,0.7966841304192237,0.5865690956127981,0.5023890767751878,0.4935266392204864,0.5015664260184017,0.5060043440427847,0.5025099062846915,0.5043718958889033,0.49883339339994587,0.5039758232741053,0.49215104014618727,0.4951464172342363,0.5098043041414172
0.3927385022797163,0.9199426954768233,0.7431286179706813,0.5030295863408148,0.49995272866617924,0.4995765994700616,0.5025109111825671,0.5044234815448191,0.4984088580029142,0.508280392038296,0.49493985257872086,0.5072098663250537,0.4938416327930097,0.506868023552217
0.9595308578890394,0.28308311090627886,0.1826360075787966,0.49585045224584473,0.5039034386854795,0.49949367781504506,0.5138234401891633,0.4931691009053404,0.4986645986990003,0.49588935851311433,0.49944595134290426,0.4929911809490849,0.4932323326481604,0.49422963542213477
0.9688076211940891,0.24963683465711015,0.16054812089576376,0.49238466948388815,0.5031399049661532,0.5014686166449261,0.49661807995996515,0.5039970264304542,0.49588093242359205,0.49539617212508946,0.5052851822451253,0.4917974302709363,0.5040641974899855,0.4856487746340082
0.7885016563099552,0.6159873600513709,0.4221933180665903,0.4965772453908201,0.5008256145691959,0.5018188323038171,0.4867598044589117,0.4963298090818378,0.5045219725310701,0.48920867218181907,0.4919562741056483,0.4865613744467546,0.5006091253456112,0.500651140735124
0.2844352544580169,0.9599622029513962,0.816616981999143,0.4964795663016571,0.5166767145043782,0.49954925430010877,0.48030892637305495,0.5020708413929139,0.5202916517075198,0.4933018964267301,0.5045688265587436,0.4994996776189408,0.49757565815221,0.5069520470674499
0.8998499254206023,0.4369736983801578,0.2877949816372536,0.502373504889846,0.4979852386382788,0.5039773557856471,0.5031458563500184,0.506149957143894,0.5042516114068606,0.5097414987577882,0.4989831126678971,0.49152133663499026,0.49510800460524307,0.4925948227596537
0.849093118590888,0.5289850661547126,0.35469898665748345,0.49804793467927866,0.5037690193426547,0.4983027086535901,0.4919940112671236,0.5049539927624211,0.5069152324278957,0.5078646136835241,0.4938143814516543,0.5082479547533971,0.4943271185323781,0.49413436354680285
0.9898101491759292,0.14423777098232052,0.0921215109528856,0.4979772337397095,0.49949917089338153,0.5003795351470156,0.5043802114064535,0.5043761740322669,0.5046126093289046,0.5085143973969587,0.500350970366407,0.4923908668789374,0.49503767853510816,0.5067124218921554
0.9091265097049963,0.4178626534760391,0.27427749108965715,0.49584073278567486,0.4933827739999022,0.5003422556054736,0.502257305343563,0.49334071436195304,0.503391445415158,0.48477512685344215,0.5039678170587097,0.49149487489909705,0.4950119212789091,0.5096457754867194
0.15574778910866305,0.9882148125883311,0.9004840006008624,0.5064713568850925,0.5041091119852055,0.5026668329706523,0.502784085210095,0.5042234506731137,0.5068435852105094,0.506873110000594,0.49947419300167273,0.49215928667206954,0.5122725890670583,0.5038667380568825
0.9796439848111193,0.20413073282686472,0.13078257971818263,0.4979542545090632,0.4912565399912652,0.5041383820212545,0.49761787019696246,0.5031370477425113,0.5100015217788625,0.49597118843181814,0.4994822058697309,0.4866107965183807,0.495667065584663,0.5160549541544506
0.6981439218871133,0.7164060650625221,0.5082184409776577,0.4981709124310758,0.5039458619337716,0.502070210973726,0.5012316262885337,0.504676337682639,0.5069891349955277,0.4981208591715016,0.4999033810760719,0.5084112550622859,0.4953528588441095,0.5113983077875311
0.4378851916928195,0.8993143000448287,0.7115342522039333,0.49330375718802294,0.5037265657646436,0.5025128515068262,0.502124261626163,0.5042601795130273,0.49850509606590776,0.4979616310702373,0.5050755639527283,0.4924385332572591,0.49569003777907505,0.49230664987710904
0.7969490039287803,0.6055232603566753,0.4136403750829968,0.506619966605012,0.5035710154837004,0.5045701388211935,0.5021618206795795,0.49617556487350034,0.5064841118384871,0.5061887398376975,0.5127428566608954,0.49224285552789776,0.5113219357939294,0.5191003205504079
0.6553054947651781,0.7561392139875622,0.5454030297327844,0.4985897790509301,0.5044638333247689,0.49063407936370784,0.5050499433830937,0.5018403665013476,0.5076710387622905,0.5084598327202032,0.5045758343641773,0.4919437011343592,0.5093955924470055,0.488055427668889
0.7466626651676992,0.6659978309550212,0.46368757787935183,0.4984535502937977,0.4874575320165872,0.4993385691172255,0.5025882558122498,0.4931206938539404,0.506878302903032,0.49638185040420496,0.4993213178766059,0.48595154001538965,0.49331656344786046,0.503453497321366
0.6870238632197754,0.7276569788445254,0.5182802608805592,0.5087564765902071,0.4997213280226503,0.49193405391999184,0.5090671487005111,0.5059884848422177,0.5082089413317015,0.5118898647423377,0.5013106630426433,0.5129522037833618,0.4964916542629217,0.5096191517167908
0.9193865217276224,0.3948595881098969,0.25825147288684547,0.4974523208111304,0.5007693523228699,0.501601949575739,0.5049536260589055,0.5025096817160418,0.5094808275825543,0.49611739957933326,0.49191691159078993,0.48610225684819564,0.5130919535666717,0.504162987947807
0.6764636932481645,0.7370184273522811,0.5272566466469466,0.5034326983842039,0.49335795685511524,0.5016031549584871,0.5019767710926405,0.5061846910388202,0.49881421987468316,0.49816455841084983,0.49944656277487476,0.491375191774035,0.5139613767299551,0.49504534713263454
0.5879492985666022,0.8091808809896267,0.599976841200267,0.49829150884622797,0.5053073862210469,0.4982600967324713,0.5013846086642166,0.5022859715226746,0.5064109418901489,0.49637734435282094,0.4911527849064016,0.5032025308555063,0.49782733300477205,0.4936532979040162
0.4240523512543473,0.9061123411954877,0.7213425843633043,0.4943823192316458,0.5040255373996835,0.49911714442021066,0.501734676020155,0.5062832155356377,0.5044088162356718,0.497048156241399,0.5008430862735919,0.49373821564186393,0.5113673134049919,0.48810146578470326
0.5130983693678512,0.8587930835920093,0.6571464690537778,0.5017733171160808,0.4967933021505563,0.5024068741417619,0.49764501272552186,0.5037852712753628,0.4996416357892051,0.5077623013188425,0.49477503044825094,0.4940554342670351,0.48996022755081664,0.4883914829277374
0.8183505046785297,0.5753379361521948,0.39009974302288275,0.49794070740537116,0.5023919085371876,0.498883959388816,0.5092717187360352,0.503036025628694,0.506969122102486,0.495683522937199,0.5014912736954803,0.508130276298508,0.4935604045574078,0.5084969069157291
0.31658968038173513,0.9491319120776078,0.7950390397174197,0.49818558325791784,0.507041083285354,0.48765299763882886,0.5037265060345752,0.5032014984117087,0.5098403069305322,0.501533179722663,0.49689654605467365,0.5084003308360574,0.5049436418551677,0.5103338068081541
0.7086507260497621,0.7060523471770777,0.4988307245967973,0.506393393632434,0.5032879475171876,0.5046522573821679,0.502974496581775,0.5095276056357054,0.5044433836779283,0.5023565166927119,0.5045021106655357,0.4922705389070469,0.4957651101578947,0.49281483595122183
0.9299251279077726,0.36965034159817606,0.24086769308589207,0.4979942605861249,0.5045114531804791,0.5072840938887074,0.5022028830088171,0.5060396813302425,0.5075539475782948,0.4940988378885535,0.4924570061980373,0.49122034466158687,0.4817381036367129,0.49523688753850204
0.45956807388865273,0.8884751769505748,0.6961057373167192,0.5014879608485785,0.5040177886667956,0.49911714442021066,0.501734676020155,0.5062832155356377,0.5047824809131234,0.497048156241399,0.5008430862735919,0.5064032312657757,0.5113673134049919,0.4944057004899296
0.7379173540487209,0.6756831682384263,0.47199071088072536,0.507029854224628,0.5075445724993833,0.5015754601397853,0.5104076482930177,0.5048003389596553,0.5108234953488697,0.5014526752346466,0.4995701381205523,0.49251686405123285,0.49439377320682554,0.5093640564517694
0.7155663651309814,0.6988736393159627,0.4924871850713523,0.49810199630143925,0.5016718757418849,0.5024255430425956,0.5050141265696846,0.504359669912579,0.49993822433742036,0.5067743410949054,0.4954143749904028,0.49223441068951607,0.4932322903140568,0.5005551105996325
0.6389829275785137,0.7695775653618885,0.5588559220952085,0.4982604834138739,0.4963359401492392,0.5016389410001365,0.5023892074058743,0.5062205572575781,0.50444713026594,0.5083722685888443,0.504074811552027,0.49272908004527277,0.5029268119682673,0.4934487928162049
0.9999292628120345,0.021263787771180556,0.013535865246766976,0.501197365391056,0.5032282824272672,0.5020118162225629,0.5012950076941686,0.5043419516244266,0.49918989952365683,0.4963674677135127,0.49508694618688004,0.5057415142804557,0.4958508034532414,0.4944570196168688
0.7281074181527324,0.6858772452677627,0.48099231589987473,0.49892554069193473,0.4961210854752959,0.5016911385810808,0.4900796691049222,0.5025896249474661,0.49463775292901674,0.49696436305739516,0.5046651986355611,0.505035023213696,0.4935227325674721,0.49427769047547365
0.769482333648664,0.6391942214560404,0.44128624918000897,0.5028784519348749,0.502854443600849,0.49883878064012543,0.5045419614967744,0.5030627317231254,0.5083079476235127,0.49768716599305607,0.49951755075634274,0.49222597477263547,0.5113933027177977,0.49515618776398607
0.8271682149352921,0.562309934663201,0.3800879119595021,0.5066452484897958,0.5031058544461692,0.5005443836351489,0.504975318018774,0.5042483701329978,0.5046792230305159,0.4982549676319039,0.5010524156605651,0.506501675386654,0.4959545442527932,0.5042719376495473
0.7553854080077449,0.6558410158936994,0.4551686840250807,0.49822589006612833,0.507033103769127,0.49896819418329197,0.5104078596889425,0.5030011170251574,0.5097058835562703,0.5019670325906753,0.5000167557485815,0.4914144437973622,0.50221933609448,0.5044148807829364
0.9491413703908643,0.3155990355880486,0.20436093625087146,0.4983872715577773,0.49846208574879525,0.49827772691049954,0.5016885400119575,0.5047746787571976,0.5096909030294059,0.49909179817241744,0.4963137746790351,0.4915904726351814,0.5008241039156383,0.49523436635635776
0.5646227705412135,0.8259370899329505,0.6182545867998113,0.506785661136671,0.5038085732180659,0.5100371743418688,0.5036962570607454,0.5043670960666472,0.5071672286982336,0.5071242079396637,0.4958705131782642,0.5053478241214123,0.4890404533130056,0.5048415690287482
0.5446759993827912,0.8393054135926834,0.6335336056092,0.49600656505413193,0.5038065256867876,0.5013334004448711,0.5036787908825483,0.504384406707597,0.5199810032127696,0.4980375541680178,0.5005723332091258,0.49228254714097897,0.5007916076688583,0.5049021929311566
