1.000143782452267,1.015260627704248E-5,6.462420714108598E-6,0.5013703360215187,0.4970554271193795,0.49896708584120664,0.4971941263564793,0.5006757830734371,0.4969843439034927,0.49893519951540327,0.5020871795594959,0.49952283113788754,0.48998310140157425,0.49705255970733436
1.0312281144657066E-4,1.0002008324523533,0.9999343631614909,0.4994212257296492,0.5021767814799054,0.5029547104772895,0.5024384889303847,0.5096889056750512,0.49742420373539226,0.5006338124067897,0.4988149615217953,0.4998847039143919,0.4924006030033115,0.495416542018549
0.9999765378286064,0.018255529285814056,0.011620812698114241,0.5013703360215187,0.4970554271193795,0.49933333737118857,0.4971941263564793,0.5006757830734371,0.4969843439034927,0.49893519951540327,0.5020871795594959,0.49952283113788754,0.48998310140157425,0.49705255970733436
0.999763994168948,0.031216907661108576,0.019871535695309337,0.4961537924677212,0.4947033345830084,0.5013000876986399,0.49124893820444676,0.5101355484520849,0.5012247268252952,0.5008711428839232,0.5023810139796445,0.49825907263149305,0.49996788731582353,0.4959466609504524
0.9997160940106474,0.032406761471976776,0.020629420239699145,0.5013648630414343,0.49846767979880546,0.4987727489146291,0.49159337193094904,0.5101355484520849,0.5012810366891468,0.5026679128127828,0.5023810139796445,0.5054510146105525,0.5035593777995869,0.4977030878711472
0.9990215707052703,0.04985111568848928,0.031740960398603094,0.5013737908663122,0.4984689498585712,0.4988278636653887,0.5056131881978309,0.5101355484520849,0.5012856722564261,0.5024546921099767,0.5065126060753965,0.5054508412702279,0.4937024838724997,0.4977030878711472
0.9981468425221388,0.06425912884016018,0.040928101919767215,0.5013808403961751,0.4985605075315985,0.4987945580470618,0.5056131881978309,0.5088792640921082,0.5012856722564261,0.5023769564075095,0.5065126060753965,0.5054508412702279,0.5035593777995869,0.4977030878711472
0.9966773478269655,0.08447507392245729,0.05382913389181426,0.4890608618202221,0.49457180948451956,0.49631985524118244,0.5023808337477444,0.4923175901325007,0.5012233459692665,0.500873299206393,0.4990785159081623,0.49818379747037644,0.4988452908959819,0.49603088530077266
0.9952089676182722,0.09924177901725403,0.06327425045076462,0.4960037388301362,0.4945716271495941,0.4964564843193368,0.5023841551953652,0.4923149876440084,0.5012233459692665,0.500873299206393,0.4990779561841952,0.49818379747037644,0.49998723182461835,0.49603088530077266
0.9940072198579123,0.11159933274976945,0.07117661121338044,0.48906086093879414,0.49455993054337427,0.49632036737107144,0.5024811049504271,0.49225438324381177,0.5012322768716139,0.500873299206393,0.4991125081655124,0.49818379747037644,0.49884487097077646,0.4960377696607902
0.9934667746873729,0.1182562017789584,0.07542442455514356,0.48906086093879414,0.494587482166683,0.49632036737107144,0.5024811049504271,0.49225438324381177,0.5012324106710757,0.48487299412658114,0.4990315426849804,0.49818379747037644,0.49884487097077646,0.4960377696607902
0.9921025968431801,0.13051886685579944,0.08327409343889708,0.4891705396352526,0.48667769468616046,0.49940374599161075,0.5024959808592009,0.49659127391223135,0.5012308936392486,0.5001515008031824,0.4988990889745012,0.4951362692566563,0.4826150313706082,0.4969100678886415
0.9900030282428043,0.14505034910298215,0.09261541856800279,0.4877459275747667,0.48661272293688645,0.496082835568872,0.5022835051552161,0.5037947754165152,0.501196189985473,0.4885548080001089,0.49734892545125237,0.5015088736561787,0.4923916535966142,0.5029462524515494
0.9874068822456421,0.16175889959322862,0.10337403447997337,0.4877926441821464,0.4868898143606773,0.496082835568872,0.5022835051552161,0.505416411195387,0.501196189985473,0.488397211938581,0.49734892545125237,0.5014883229464879,0.5066477678336553,0.50294961243004
0.9850090931533642,0.1758845636477679,0.11249014017033301,0.48785619472817715,0.4868849067783131,0.49013097874530187,0.502519250321742,0.5054361706413563,0.501196189985473,0.5013362292181045,0.4916937697438896,0.5009284334358821,0.5068377387782499,0.49595365763898963
0.9831885326005315,0.18372714415521707,0.1176078649341923,0.49626156682273664,0.5068716295941955,0.5034415308778258,0.5024359959922242,0.49288066584502416,0.501128338400152,0.5005545894930348,0.49281864432595684,0.5007088645781674,0.5003398064709026,0.4950779416764735
0.9795643320569904,0.2021728516219798,0.12957296011695202,0.49626156682273664,0.5068716295941955,0.5034415308778258,0.5024359959922242,0.49288066584502416,0.5011977900304724,0.5005463050629841,0.49281864432595684,0.5016564338894239,0.5003398064709026,0.4950779416764735
0.9763802421518825,0.21683646617139518,0.1391238979498584,0.4966270755962871,0.5068717468325709,0.5034414185700552,0.5041155391085904,0.4969891062892815,0.501917020475556,0.5006898572300729,0.49281860873273514,0.5016582401708876,0.5007297734807467,0.5035709113794508
0.9735279271631477,0.22931332304729926,0.14727050214507503,0.49663865588479617,0.5068717446469215,0.5034419245037008,0.5026998786306551,0.4968909019414631,0.501917020475556,0.5006904603255136,0.49281860873273514,0.5016582401708876,0.5007592410525862,0.4950780577402614
0.9702369357911992,0.2431354650550204,0.15631406354492783,0.49317204764852646,0.5049899974308081,0.5034103103666862,0.5026538401868952,0.497082615501653,0.5022081150339128,0.5006812521639858,0.49155003511865203,0.5061139390215112,0.5004111628874386,0.49507470683367827
0.967132343610896,0.25532372320052027,0.16431912290445658,0.5065078352443623,0.5068174955651208,0.503118678044408,0.5063244932426183,0.4929266015853618,0.5013064460590153,0.5006086831979565,0.5039379717465639,0.5060969367970802,0.5001339664020887,0.495081966802216
0.9616863490730059,0.27504943144464866,0.17734358306535997,0.4932355860948849,0.5058569484874537,0.5034952498615529,0.5026538401868952,0.497082615501653,0.5022081150339128,0.5006812521639858,0.49155003511865203,0.5061139390215112,0.5004111628874386,0.49507470683367827
0.9580371663664076,0.287612402805659,0.18566984225828825,0.5065078352443623,0.5068175212186686,0.5031094188973029,0.5063244932426183,0.49711230303599463,0.5013064460590153,0.5006642172799447,0.5039379717465639,0.5060969367970802,0.5072256837129221,0.49508687603284013
0.9539493425097738,0.3008983325852715,0.19451683366820413,0.4925868628834886,0.49198601717726825,0.503480426582976,0.5026538401868952,0.49708276294511633,0.5035096597340243,0.5008703245875742,0.4914529212739009,0.5053259541273343,0.5007664835518155,0.4958033113234794
0.9480886961089501,0.3191995118023179,0.2067465308839311,0.48355304134075666,0.49506812549126883,0.5037217274306972,0.5025462807470589,0.4969318378179066,0.5017047541494415,0.5011732933787623,0.4960113154493645,0.4961562725696673,0.5006841905574377,0.4955088172043036
0.9428624006702617,0.33406416520554433,0.21677410040062262,0.4903061986894588,0.4955257638342144,0.5037186278742863,0.5026432601219528,0.5086101179293308,0.5015333562980723,0.5013967563040419,0.4916594511616838,0.4988013401281916,0.5006950822210242,0.49693099929598183
0.938673157593422,0.3458901574966151,0.22475840269741978,0.49024687854683974,0.49506812549126883,0.5037216138773046,0.5026424825858423,0.5126179003157816,0.5017047541494415,0.5012731575191886,0.5042577226879429,0.4988581023132927,0.5006951643910132,0.507045944877155
0.9306132995615546,0.36657381598863076,0.2388862172113193,0.4929140706623161,0.4950524757059453,0.503260240239398,0.5026279409025624,0.4970443499656998,0.5015296013313191,0.5010515619192979,0.4915393701972576,0.4960101239948015,0.4984208054037526,0.4962163536350388
0.9253089559130461,0.3798616281286652,0.2479925760226005,0.4929140706623161,0.5112862065154815,0.5037582719506022,0.5026343892896933,0.4970443499656998,0.5015563497918936,0.5010515619192979,0.5044945682694314,0.49952699944923473,0.4995908512898311,0.49622900548324506
0.9206130618649423,0.391311490692174,0.2558686357916317,0.4881380896370131,0.5100463846576102,0.5037496326298481,0.5018293376403347,0.5043392248461742,0.4975365294800759,0.5009842198189765,0.504122769494666,0.4994226964637106,0.4995971995019531,0.4950915454390975
0.9103046632397148,0.4156193875295824,0.27266777067600584,0.48821337920607416,0.5096580556675454,0.5037496188895377,0.5073140958020586,0.504341681855503,0.5087692149081019,0.5153263269846591,0.5041229703660449,0.5048882369180392,0.5011784790757864,0.4950909723568079
0.9026638384656155,0.43085201640566134,0.28350765955022783,0.49966761181122177,0.49683904111131244,0.496082835568872,0.5070618995595956,0.5038486996421566,0.5012490739873735,0.5031403506377597,0.4975967926902966,0.5054896679142661,0.49250518635604756,0.495093509874427
0.895539382818788,0.44656259732598413,0.2944803873768356,0.4992326978354061,0.4966434465393692,0.5029812498548507,0.5118667925422689,0.5051216132997829,0.5107752647941319,0.49983555621615994,0.49879298141644124,0.4997750346665825,0.492395423178171,0.5184650097023369
0.8871524510263792,0.46235817782433253,0.3058580168604043,0.5059258814345745,0.496676712488135,0.5041438180978555,0.5112544531415261,0.5056424575804005,0.5008019941639955,0.49740097244468284,0.5046658330344206,0.5064958766651437,0.4957687123751086,0.4901971866224243
0.877324358391863,0.48056861978752,0.3190270860247948,0.5059257272018014,0.49592140271144275,0.5034380296707847,0.49236369213023984,0.4928003065599337,0.5009737359204606,0.5030220661092045,0.5045536284854636,0.4995994473129894,0.49616474962826423,0.489867970669843
0.8684301653320816,0.49623942957358963,0.3304951557883925,0.5059279602267112,0.49653344343552397,0.5041278558996626,0.49236369213023984,0.5030549054770518,0.5009737359204606,0.5030220661092045,0.5045536284854636,0.4995994473129894,0.5067020332687739,0.4978781136144419
0.8616525956917929,0.5082253604361708,0.33925801938217,0.5059279961571757,0.49656114275902186,0.5041450755008182,0.5024618199902751,0.49661744726654505,0.5104963226581345,0.505021014574385,0.5045536341220077,0.4998220574371066,0.49533246501308725,0.48953811795730734
0.8489939595011191,0.528983466882578,0.3547314924893121,0.5059258457959815,0.49610916580276104,0.5041449318273553,0.49173675151620927,0.4965643545320472,0.5009580340297616,0.5030220661092045,0.5045523069415551,0.49959003560934256,0.49616474962826423,0.4893272523757377
0.8370501316834331,0.5476360821007397,0.3688280844357604,0.50592603757539,0.4961513000662935,0.5041480023231144,0.4925183210029293,0.4965643545320472,0.5009615096787783,0.5030281744523317,0.5027152960493871,0.49941016869666355,0.4959954370718005,0.48949787489110597
0.8279446473390487,0.5613285720581984,0.37929357892702287,0.5059258457959815,0.49609939444671164,0.5041480023231144,0.4925183210029293,0.4965643545320472,0.5009581369301775,0.5030220661092045,0.5045523069415551,0.49959003560934256,0.49616474962826423,0.489509862283919
0.8222434602643612,0.5700555169870072,0.38592548059193943,0.4995980590199876,0.49512139981944703,0.5041480023231144,0.49209083340905097,0.5129872157242332,0.5011161844432277,0.5030196404705489,0.5003664561355647,0.5098485693954634,0.5057868119137876,0.4894979868462407
0.8058992728767237,0.5928209509118018,0.4037585166871851,0.4925810175686391,0.4949569477225957,0.5041457094298487,0.4920900646470545,0.5134918129877281,0.501116241153107,0.5030213477799608,0.49682479491944614,0.5031225651741567,0.5054902281358286,0.5072421842957556
0.7923143978148424,0.6107739336018057,0.4180851818272378,0.4925810175686391,0.5141794431681455,0.5032610617595994,0.4920774803443049,0.4969161851503148,0.5011181258001194,0.5031351062504633,0.4968651920624237,0.5031428512615267,0.4960943063433891,0.4957194178397299
0.7816075509350446,0.6252320489901001,0.4295266093150366,0.4985433926993599,0.48763222005932283,0.49304864694026307,0.5073907892717233,0.4992724990002741,0.5013674297227382,0.5011645570957023,0.5004024041601332,0.5035405020290419,0.5243833101488339,0.5065799879380509
0.7685485207771016,0.6405505385642813,0.44232979826013374,0.49967984881449096,0.4962940428257826,0.5044439474281474,0.5071911508119922,0.5021190858978629,0.5095006716707711,0.5012030256083619,0.4995006349629739,0.49447084626282634,0.5148782468734165,0.507218794644654
0.7569024457621846,0.6539293210467865,0.4536169427462047,0.4995517793471702,0.4948971513121056,0.4984544099496974,0.5071581929013365,0.5021080644184828,0.5018672418828837,0.48755475945198007,0.49976813551678073,0.5034065706470728,0.4991077688421566,0.4973050799994024
0.7435928368734328,0.6691503022253327,0.46648520291779183,0.4995517793471702,0.48805315654838105,0.4986353403215086,0.4989811098503948,0.5019797404343967,0.5018672418828837,0.48757690099348605,0.5043505019589003,0.5034367567278353,0.4991077688421566,0.49734385632716815
0.723858673314434,0.6912027776454079,0.48531109764510083,0.49967090256177327,0.49639455949292766,0.5046407532714872,0.5087656301607197,0.5021197457691975,0.509523466514627,0.515135593913782,0.5043322881644641,0.5118141425556807,0.5148382680752315,0.5071889669929637
0.7148234092838526,0.6998774154148393,0.49327450647398596,0.4994842302441606,0.5012271669049234,0.49873796627477385,0.5086332711103949,0.5021080099129542,0.5018590295764591,0.50635046317026,0.504312447538519,0.5126712809403561,0.4906314983098347,0.4972948453814453
0.7003197420818813,0.7144285903437128,0.5063486019489681,0.4951611487877963,0.4948971513121056,0.5034393627625225,0.5025088425520621,0.4993550791312347,0.4936528919575529,0.4873439471815777,0.504185069955868,0.5118602561816,0.4991077688421566,0.49932665791929154
0.6857405540173102,0.7284459633107463,0.519218715534241,0.4994843183951768,0.5012271669049234,0.4959080300925128,0.5086332711103949,0.5021129661868804,0.5018285492235142,0.48755628830107045,0.5043101705517418,0.5126712809403561,0.49876078071790625,0.49941617327300925
0.6706476281425042,0.7423021384551486,0.5322570794924112,0.5064486409399388,0.4953832422847997,0.49989865345971224,0.5024959936578834,0.4990912032406981,0.5015305187136754,0.48818915988137335,0.498920817324449,0.5126727855840181,0.4984091876461184,0.49623463788385674
0.6540843707324683,0.7568132098485967,0.5462712583250886,0.5061865621693713,0.4954082125495212,0.49991486106369665,0.5072894357483962,0.4989972720962759,0.5015308406876323,0.5010172446621788,0.4991106025162711,0.5127042190716333,0.49832645367573863,0.49620769739201037
0.6439016179822245,0.7654503097276397,0.5547693565110969,0.5064486409399388,0.4954843144458433,0.5000954376543142,0.5040563389119893,0.4989972720962759,0.5015305187136754,0.5010171066740623,0.49913098138049217,0.5127039639769277,0.4984354179966423,0.49622041536172273
0.6247695174361347,0.7812327730190508,0.5705542649747581,0.5064486409399388,0.495407618456839,0.5000954376543142,0.5091035025522055,0.4989972720962759,0.5022184394840787,0.5010538324513238,0.49993372796547614,0.5127039188261592,0.4984354179966423,0.4962176838785723
0.6089312719415744,0.7937698901644769,0.5834089526226207,0.5064141225583322,0.495452665167783,0.5000851887656685,0.5183613500437421,0.49907946364564887,0.5022004467389933,0.5011881515293068,0.4973131030641797,0.5019583154561736,0.4984360990145189,0.49621777779951315
0.589864700612929,0.8077965952725282,0.5984727024576943,0.5064486409399388,0.4954362868785596,0.4998255676879935,0.5087877366054008,0.5083597958390745,0.5022184394840787,0.5010540386210975,0.4991685638870734,0.49783259879955666,0.49840525052760154,0.4962176838785723
0.5779101563251062,0.8167105454604713,0.6079611687627908,0.5064141225583322,0.4954528659837851,0.500088366844797,0.5183613500437421,0.5079508185398113,0.5021997946358119,0.5011881515293068,0.4973131030641797,0.5024295926249112,0.4985222435696122,0.49622228594063006
0.559574938188462,0.8292083713702394,0.6220814445229127,0.5053065332568659,0.4954358442725482,0.4998263635603386,0.5087966187159532,0.4989972720962759,0.5015296013313191,0.5013365027441102,0.49913322045794956,0.5127135090948544,0.5068579016495296,0.4962176838785723
0.5451501088755154,0.8389588956673781,0.6331605248891486,0.5053128575285394,0.4967911144853628,0.5034879852534658,0.5088334310704844,0.5080463894849007,0.5015267676051307,0.502863291146844,0.4992919624260093,0.5159559493661071,0.5070162926797895,0.5034474371374915
0.5276099384870079,0.8497719642804281,0.6462723316475145,0.5053065332568659,0.4967965464997995,0.49926423334984327,0.5017068699379924,0.4989972720962759,0.5015296013313191,0.501331833480186,0.49898857556690734,0.5114738992220164,0.5069588395491523,0.4962322420656079
0.5073900496538245,0.8619496072479701,0.6612959675362851,0.49858617024349006,0.49679111828265965,0.5012347319104798,0.502114207163043,0.5018045043023225,0.49684631289501874,0.50296873110086,0.5023860955121823,0.5113404497514961,0.5040385506690943,0.4968442071428793
0.4961212268189593,0.8685228886409908,0.6695994442966473,0.48913894002347913,0.4974259828410962,0.5001517441910119,0.5014327725761243,0.5018100126226609,0.5022670053043399,0.49892669084724833,0.5065604166661438,0.5042242326133912,0.5044306299053398,0.49583259071565267
0.4798402410909654,0.877617084247672,0.6814690124689302,0.48913894002347913,0.49944502042526273,0.5012786838466493,0.5014014725411724,0.501810249415488,0.5022670053043399,0.4988673161795096,0.5065604166661438,0.5042242326133912,0.5044306299053398,0.49586566277354865
0.4548994846216385,0.8908232850843432,0.6994315766254039,0.48929551365274243,0.4974033178344082,0.5034969241245764,0.5015736396771628,0.5021374320519684,0.5011499345108131,0.4988135427734622,0.5042731889668851,0.504365774953236,0.49297137210942926,0.49555612995030596
0.4469642714733505,0.8948290922750466,0.7050890920358693,0.4894496824378173,0.4968013506185092,0.5034969241245764,0.5014413104011252,0.5007913213395808,0.5018719903726302,0.5015207379476432,0.5042847486860809,0.5043652628273629,0.49288210100437047,0.49579491472526405
0.43093885507556484,0.9026998003920444,0.7164523224718712,0.4902672591808416,0.4966658255431939,0.5012566565312309,0.5014620628930392,0.5008198748163446,0.5018005303889431,0.4988289311587097,0.504254790183709,0.5115877851935785,0.5035193955533062,0.5028214248984177
0.4120885603221931,0.9114757919514495,0.7296859306283768,0.4902672591808416,0.4966658255431939,0.5032555412133398,0.5029204787974363,0.5009216570172377,0.5018005303889431,0.5008104628741932,0.5042617376328216,0.5115877851935785,0.5035193955533062,0.5028214248984177
0.39718908753602633,0.9180654174824677,0.7400544920075461,0.4992933665177019,0.49524618552901917,0.5032331527652527,0.5063169820667959,0.5044523901402771,0.5028289917337163,0.5096981685778064,0.5041452625602776,0.49397904777660767,0.49299092947916473,0.4980774151470931
0.381358884156746,0.9247104726761403,0.7509812263911992,0.48891511764357515,0.502474148644972,0.503232351550466,0.5029204206123438,0.49284473731762607,0.501827253304869,0.500673135373274,0.5040412615773466,0.49393586071147094,0.4985404090859878,0.49805183081450716
0.3668213074809005,0.9304377194452064,0.7609262471025634,0.4986099665455805,0.4970290394896387,0.503203355304262,0.502939504278612,0.5043121887036965,0.5030722016259321,0.5006729041873893,0.5040226145789752,0.4939799086845047,0.5045585581823268,0.49782034683089416
0.3507533803000564,0.9366419260827652,0.7718899477963802,0.49852430252264657,0.4946039170623346,0.5032206631824754,0.5030903722732744,0.5062312261650148,0.5018876480625646,0.5007193684304693,0.5040401559856765,0.4944517895396605,0.5045510695261983,0.5010282867481989
0.3272176605110792,0.9450752279223134,0.7878042313427015,0.4985946863902689,0.49455549745565125,0.499394647532807,0.5009052757037397,0.5062312261650148,0.5014579639939458,0.5001258612575064,0.4987032262552201,0.494451771688208,0.4965373746697104,0.5010282867481989
0.3199458568796029,0.9476105743118471,0.7927061362685364,0.49859547880750155,0.4944043185221685,0.49932355913723453,0.5009597878505583,0.4918962153663523,0.501459092840966,0.5001407927306354,0.498714400046549,0.494466890510916,0.5046814116125504,0.4970174914561769
0.3029334653995134,0.9532261530572579,0.804109355251804,0.49909559009975607,0.49455549745565125,0.503147633620951,0.5065801381708066,0.5060716632408493,0.5018693597853767,0.5007328483318674,0.5051041664122357,0.4944517895396605,0.5046814116125504,0.5010280880319516
0.2882934300581431,0.9578454404470016,0.8138799465036448,0.5065148361256195,0.4866753121993174,0.49932194376425476,0.5009699308002363,0.4968662475059471,0.5014586358566449,0.5001465470624973,0.4999337393559074,0.49469096563675974,0.5044749983674308,0.4970206793117748
0.27451075345412873,0.9618919154963431,0.8230220077306557,0.5059269173004366,0.48667769468616046,0.4994574251457934,0.5024959808592009,0.4965639944070868,0.5009249666404777,0.5001465470624973,0.49903776121048615,0.4946613993789416,0.49497329993187406,0.4969100678886415
0.25311984850480973,0.9677479891259051,0.8371370330858869,0.5013479749715342,0.5123660320415707,0.5034851740797346,0.5086857940801893,0.4994236609666322,0.5024595600405818,0.5002355306727305,0.5024268042863661,0.5003342081580695,0.49379901480091665,0.49689313552095
0.24347555769466633,0.9702829914639246,0.8434831215575935,0.49901280563254236,0.48609382786504823,0.49935064768029164,0.5088340671513825,0.49643570422261046,0.503863088303064,0.49932540087538474,0.4987957654807991,0.4947797481591159,0.49497329993187406,0.49687291912816695
0.23055692806154188,0.9733348152348302,0.8519309113461455,0.4958774467719909,0.5018666783771073,0.49053220734368297,0.49162081369560795,0.4946202455806952,0.5009581960121099,0.49748886590591146,0.5043980765537688,0.49971930188056735,0.4962475018906791,0.49569359104122523
0.21590504867345867,0.976595753525514,0.8614845949596889,0.49577341769408984,0.5018658742493665,0.5033197361250176,0.5070062210213366,0.4947352168985677,0.5017104650110281,0.49769397888232314,0.49779535725294977,0.5058497743666885,0.49856040551775777,0.49569362492909197
0.20270287496341927,0.9793980562851552,0.8700752393599314,0.5002818703746487,0.505036867331442,0.5033197361250176,0.5070062210213366,0.49894961571119245,0.5016769085480834,0.49769397888232314,0.4977954694749369,0.5058501771186289,0.49856040551775777,0.4956936249285048
0.18870758743249932,0.982197627981894,0.8791600680415936,0.5003938959123574,0.5055594803437312,0.5033197356438996,0.5071123114476135,0.4990544761231209,0.5016757405621944,0.49769397878426835,0.49780319509690396,0.5058499800769097,0.49856040551940367,0.4956936250525544
0.16134340272294614,0.9870260873121582,0.8968477799560254,0.5004000652631932,0.5054087760565745,0.5033016192759439,0.5038426673225965,0.4984944676781324,0.5018939213634865,0.49771615586061824,0.49790303080763915,0.5059159400116771,0.4985873164458272,0.4956936249310224
0.14671243926975422,0.9893384799199473,0.9062764829722081,0.4999930511913016,0.4987692007190751,0.5021774047210413,0.4970849110914049,0.4985049302110025,0.5018756037940765,0.5005380942907818,0.49776496635196305,0.4896538502231762,0.5007011185525518,0.49507605314512676
0.13646525175559723,0.9908096180848736,0.9128659021353686,0.49999308697682066,0.4987727084191225,0.5021535968988589,0.49701454643643705,0.4984251835876005,0.5018761255988925,0.5005362577410998,0.4979002446257323,0.4893750423189754,0.5005760210258735,0.49507621862964163
0.11962745312333642,0.9929989703180849,0.923673688913918,0.5000083719686227,0.5073622673379954,0.5034425266789837,0.5039934760015428,0.4986716593722974,0.5018955800115404,0.5006382635882078,0.49316898174007023,0.4953376826463235,0.5007509969668937,0.4952995411133261
0.11102602796440397,0.9939548238724467,0.9291823166236595,0.4986054559812605,0.4971073788147314,0.5034425112286792,0.5039934520985652,0.4987233803467486,0.5018768073941532,0.5006382635882078,0.4932511424283741,0.49531752397654294,0.5006300724862927,0.4950063710297467
0.09748342419478198,0.9953711618942958,0.937849725003898,0.49998895621449047,0.5071660484829449,0.5034425112286792,0.504234982585352,0.498737396087717,0.5018959812387912,0.5006678139038656,0.4932643768793572,0.5007630242402417,0.5007638880319197,0.5002597975861464
0.08700506919124942,0.9963200703800428,0.9445469460316462,0.4999930415731285,0.507085428017105,0.5034425112286792,0.5042251673570429,0.4987233803467486,0.5020469369196486,0.5006699391304208,0.49825336815736143,0.49531752397654294,0.500764341944724,0.5002019781719695
0.07465066514271555,0.9973706774341593,0.9524393066124636,0.49943818670899687,0.5003423065941588,0.5034521138342337,0.5024987359055963,0.5115128363639259,0.5024096540342022,0.49931226101957,0.4988893185475537,0.4993199135164317,0.4988341727372016,0.4999080932900048
0.05237282448784729,0.9988130266526538,0.9666493445890291,0.49942969010848215,0.5049866807459881,0.5034521138342337,0.5024987359055963,0.5115128363639259,0.5024096540342022,0.49931226101957,0.4988893185475537,0.4993199135164317,0.498865123069878,0.4999081879595997
0.04171836249260303,0.9993143852096658,0.9734384674222705,0.49942969010848215,0.5049866807459881,0.5034099628224283,0.502470231399025,0.5115128363639259,0.5024239083567672,0.49931226101957,0.4988893185475537,0.4993199135164317,0.49886261531686493,0.4999081879595997
0.030762278360207007,0.9997124074529307,0.9804166709017302,0.4994300067058068,0.5049866807459881,0.5034521138342337,0.5024987359055963,0.5115347302041156,0.5024096540342022,0.5006236048312322,0.4988893185475537,0.4993199135164317,0.498865123069878,0.4999081879595997
