1.000249660716414,9.617776837631431E-6,6.121338643075378E-6,0.5014154353505513,0.5028458432889157,0.5008682050383656,0.49978903652593293,0.5029599824242831,0.5032776428276535,0.5007127396300955,0.5000971961646284,0.4944910888801036,0.48628977429846004,0.5006480138686792
9.76576232990486E-6,1.000089821435832,0.9999937834809854,0.49799413161218065,0.5037521175857027,0.5018679401992069,0.5019721518873475,0.5041470090395682,0.5039937619076597,0.5016179406703976,0.4999514437724231,0.504214526411839,0.5023320127319207,0.49768211705112997
1.0000069096100976,0.01011538379815935,0.006439389216610726,0.503175694627464,0.502275450663577,0.5008866682434645,0.4998965796588497,0.5028762273279248,0.5005434354101402,0.5012496232969376,0.4999391988298311,0.49444832199574357,0.5006331642110267,0.5008084354174451
0.9998861284677735,0.018661071617087265,0.011879980916929631,0.498480102760583,0.5021741969201431,0.5008866547715626,0.4998961353140064,0.5028807144999115,0.5032776464343544,0.5012485321287004,0.5000104618439599,0.49444832199574357,0.5005845066147351,0.5008084354174451
0.9995779104354576,0.030723210430680294,0.019561104042669343,0.4985732783203398,0.502275450663577,0.5008866682434645,0.4998965796588497,0.5028762273279248,0.5005434354101402,0.5012496232969376,0.5000100836776431,0.49444832199574357,0.5005845066147351,0.5008084354174451
0.9981158014842025,0.06232972986015378,0.03970368825167846,0.49855653303319186,0.5022545731050484,0.5009077869062734,0.49989379874199164,0.5028755941159005,0.5032776452054417,0.501249624493618,0.5000106704272953,0.49449004343397723,0.5006810957845413,0.5008204595556766
0.9973450640933483,0.07536060662360468,0.048012527552524956,0.5014795321225203,0.5024716251057768,0.5001572928803473,0.49814045310323274,0.508286401130917,0.5032736311710271,0.5012473462544857,0.49743503976318565,0.5010486589672993,0.4906331649458464,0.4997823758937104
0.996424908007768,0.08691552944341682,0.055390474133757375,0.4974088094354613,0.4971238465377635,0.4995670314166225,0.4981341113107895,0.49118068047822483,0.5030789635110613,0.5012623968362684,0.4966322839720396,0.5009713633856379,0.4907670171711895,0.4981590931754819
0.995625150801796,0.09497854560096125,0.06054768337201654,0.4974088094354613,0.49711849397005264,0.4995670314166225,0.4981341113107895,0.49118068047822483,0.5030791058151473,0.5012623968362684,0.4966322839720396,0.5009369634321678,0.49530720269749484,0.4981590931754819
0.9938568326189887,0.1116589014557716,0.0712249735270429,0.4976188266826177,0.4971238465377635,0.4995670314166225,0.4981341113107895,0.4927201215287083,0.5030847951614216,0.5027355415859496,0.4966322839720396,0.5016392626858106,0.5020793949135998,0.49810489985780754
0.9926899300986511,0.12115606451770787,0.07731594590554632,0.4977352008720484,0.49685162056197113,0.5002404194771524,0.4981321177200439,0.49837504334407795,0.4979840974020926,0.5015170553548859,0.49759820881290967,0.4964432347078798,0.5023465967537254,0.49787322331341144
0.9909500480899384,0.1346413411680054,0.08597168474558843,0.49773520089157197,0.4970296669848729,0.5002404194771524,0.4981299374489169,0.49837504334407795,0.49798082497497514,0.5015713318884782,0.49759820881290967,0.4964432347078798,0.5023466223146792,0.49787322331341144
0.9889354417737329,0.14920730054795503,0.09533204760824579,0.4977351953408847,0.5091005639143474,0.5002290629303123,0.49812992643118065,0.49836901926028315,0.4982799384844281,0.5015708341470528,0.4975982088013781,0.4964432347078798,0.502351217394858,0.4978734569073897
0.9867580316406712,0.1625375407090681,0.10392996155477809,0.49773519547487505,0.49699860476288016,0.5002284254419057,0.49812992643118065,0.49836909798614665,0.4980870449391889,0.5015708088570839,0.4975982088013781,0.4964432347078798,0.5023488337170328,0.49787370755422405
0.985136424372107,0.1733480720859956,0.11088668752946415,0.5036083045528312,0.48783729517905483,0.4977084513610297,0.5052551102781518,0.5036076015293861,0.5009904953080305,0.5044556641012022,0.49582862564924296,0.5003203306159842,0.4953136771215906,0.5021202428907384
0.9823291544187744,0.18883283924047545,0.12090241957177696,0.4977871838617697,0.4875572215941098,0.4975919216820616,0.49109161006878643,0.5041629646071635,0.5010344290620932,0.5020789715856563,0.49768206222784955,0.4963071918162186,0.4952914496640532,0.49768160510929826
0.980141698785236,0.1996870290785925,0.12794925299853024,0.5036083045528312,0.4876458230938256,0.49770854622010974,0.5052551102781518,0.5036076015293861,0.5010304237178597,0.5044556641012022,0.4958141728446527,0.5003203306159842,0.495338424816928,0.5021202428907384
0.9763134768249012,0.21674644560136727,0.1390771709038785,0.5036634432512509,0.5015161743917854,0.4977084517963214,0.4959632954444716,0.5022818440973107,0.498131015851371,0.5044557193932613,0.5001276684705693,0.5006022450521856,0.49585417613477434,0.4996480242320328
0.9729157942163397,0.23186842846861533,0.14894287719643698,0.5036634432512509,0.5015247447313494,0.49161649794481366,0.4961708461151742,0.5022818948366324,0.498131015851371,0.5044563655848494,0.5008783674183832,0.5035202431461707,0.4958688966152695,0.502135822493498
0.971083072649064,0.2391799073916614,0.1537407300566461,0.5036588675152092,0.5015244510988864,0.4977084517963214,0.49617357871310885,0.5022863850943915,0.5030981407060334,0.5044791001827489,0.5008353794474207,0.5034437212300943,0.4958691024417621,0.5021358483320572
0.9660329374509582,0.2596362677736473,0.1671513979390995,0.5036549513181066,0.5027507437164125,0.5126154370210786,0.4961726375306147,0.5022858271609105,0.5032043609500764,0.5044226308281763,0.5004886176737566,0.5034595551556142,0.4984995428308504,0.4915720855478485
0.9622495636940893,0.27261153181377523,0.1757529935214398,0.5031795567662916,0.50151794050963,0.497519424644259,0.4962925496226775,0.5022865655059133,0.49896270902370043,0.504465462171776,0.4941251438663965,0.5006341929784082,0.49544211167757707,0.4974740500721342
0.9574721336152189,0.28982178662812924,0.18711986937900607,0.503654978919753,0.5027431476063,0.506928410937291,0.4928263784796596,0.5022917519453348,0.503613108078398,0.5012823132681173,0.5004531634364795,0.4879480517541576,0.5042472900936245,0.4915789323885866
0.9531357007655538,0.30364565362230067,0.19634003296413058,0.5036757708969687,0.5027419350546459,0.5075955121704001,0.4958815480294638,0.4986979969412054,0.498965317349283,0.5020954360565388,0.4953487194259682,0.48647535533238934,0.5046443932719892,0.49772903004951063
0.9476160644233352,0.3201577056633448,0.20742049581959027,0.5036757708969687,0.5027419350546459,0.5075955121704001,0.4959047471863951,0.4986979969412054,0.498965317349283,0.5020954360565388,0.4987742546095483,0.5103765790556138,0.5046443932719892,0.49772903004951063
0.9432740944538712,0.3328540415918536,0.2159606402314585,0.4995503831259288,0.5015981860678582,0.49725840513470865,0.4922487813597758,0.4987817308034808,0.5026882612928377,0.49269633635673404,0.5000346090439676,0.49088140967735056,0.4969089912464297,0.5073323604292356
0.9377963477635993,0.3477441737011925,0.22605865860363825,0.4995503831259288,0.5015981860678582,0.49741722960712087,0.49582461207350353,0.498772901692208,0.5026769200360124,0.49269313679598886,0.5029773947783891,0.4909120982047506,0.4969182940182134,0.49797349961740633
0.9327870060024767,0.36100702486991615,0.23508248134641815,0.4995503831259288,0.5015981860678582,0.49741701173144326,0.5064897306523056,0.4985104260221323,0.5026905569481228,0.4928768657632175,0.5000346090439676,0.4908786619092413,0.49690854418471375,0.49792283263956477
0.9239097450651949,0.38290337931335167,0.25012198981933836,0.4995503831259288,0.5015981860678582,0.49741722960712087,0.49582461207350353,0.4991556821953376,0.5026769200360124,0.4926381548269189,0.5001076505377778,0.49690977162523264,0.4969182940182134,0.49797349961740633
0.918380201708238,0.39601565577576575,0.2591804163188237,0.4995503831259288,0.501524047591657,0.4974162362062663,0.49582461207350353,0.4991627808049524,0.4982260098469533,0.4919785653927435,0.5001077523906333,0.49695743749739074,0.49586574568384156,0.4979745164323422
0.9113989017836865,0.4120525993814448,0.2703133745643791,0.49973903078598736,0.49647856080923247,0.5029859217069637,0.49585909657764704,0.4951056999503239,0.5038849709461433,0.5041010383894196,0.5001109688786577,0.49021761136827197,0.4952918636704417,0.4976855652715907
0.9028347913397609,0.4308589988046835,0.2834648069358601,0.49967525921247236,0.4964810897619593,0.5029859207995108,0.4953706352371551,0.4951030851256695,0.4943440017494747,0.503771555180464,0.4980345669802027,0.4902745634657078,0.48743650089412854,0.4976166953831678
0.8946694285502099,0.4472338172405157,0.29510979648141267,0.49812881852942875,0.4955408774263696,0.5018498929545645,0.5064469781269076,0.4956544092113281,0.503283111293014,0.5040867360128746,0.4980097632242538,0.49109410512696816,0.4952920350841196,0.497647277081474
0.8873039095585368,0.4616283291489521,0.30540151175832747,0.4982000791948313,0.49727089298283783,0.5018498929545645,0.5063445064191089,0.4956544185169087,0.503206376289285,0.5040575396571165,0.4980097705268615,0.4914644555734541,0.4952920350841196,0.4976595793775668
0.8793602268924235,0.47645836800383057,0.31610991527374954,0.5046967177754756,0.4972735903418264,0.5033821019636368,0.5055577689570057,0.4954978016416831,0.5029286498934538,0.5036776523299236,0.49970655450400436,0.503893888632496,0.49698398254333626,0.49777612435331886
0.8689156100208892,0.49548597580439174,0.3299255109556392,0.5047909898272968,0.4927102667383284,0.5075422868684498,0.5055518938847029,0.5037479437206762,0.502917916732475,0.5036744832081361,0.4997100567862509,0.5044223691618609,0.4969837081734521,0.494369288982365
0.8589814470405406,0.512441836238596,0.3424333202037301,0.504874321165233,0.500416048366012,0.5075422082358055,0.49638192766003386,0.5019592756850614,0.5036230406515511,0.49126069395855165,0.4971392493955021,0.5036311672733418,0.4970267311406947,0.4976765535624148
0.8488899688942914,0.5287554431492341,0.3546433045384298,0.504874321165233,0.5004837498476472,0.5023470020525385,0.4964304991892768,0.5043426013579264,0.5016240678249445,0.5011872974625411,0.5000199194169364,0.5043855731978081,0.49709072817231914,0.49767655352137596
0.8386936467869331,0.5448586458502338,0.3667759027635251,0.504874321165233,0.5004948460500571,0.5073894795300932,0.4965229027726024,0.5043426013579264,0.5016443215067793,0.5011872974625411,0.5000199194169364,0.5043855731978081,0.5008226306899958,0.4976765577140984
0.8281246022252665,0.5608610119262223,0.3789829727519755,0.504874321165233,0.4955038018085489,0.5076118662977394,0.49638037523236467,0.5029403070437107,0.5045100669930047,0.4955160688771939,0.5002162553281385,0.5035482448775134,0.5005370978671532,0.5008160507930367
0.8170716696299605,0.5767613865509927,0.3913091438975163,0.504874321165233,0.5022634990325849,0.507434007714038,0.5003241483100477,0.5028896975426682,0.5045100669930047,0.5017331098931898,0.5000416634426278,0.503597659881356,0.500589012030487,0.500811292954647
0.8055961646217068,0.5925598018608156,0.4037389373293314,0.49813376403079906,0.49685162056197113,0.5002404194771524,0.5003783381813494,0.49837504334407795,0.49537251283482353,0.5015159331758785,0.49759820881290967,0.4993663608395993,0.5023465967537254,0.49787322331341144
0.7927474509242933,0.609777397361823,0.41741450490097004,0.49954951528204056,0.4942090782494826,0.49627692742708124,0.5004799628457876,0.5050527330721527,0.5034316597727487,0.4947267093610058,0.49956827799696,0.500728137555692,0.4962610055111055,0.4967063601684849
0.7811732693140864,0.6245394948629336,0.4293550434989884,0.499549508371781,0.49428105345701917,0.4963014535969504,0.5004525653317202,0.5050542605648529,0.503330753622384,0.4947267093610058,0.5001149961275689,0.500728137555692,0.49584613715020465,0.4965970044679786
0.7683463034475781,0.6403661392738457,0.4423220436731346,0.4975504662871384,0.4939859845080202,0.503870806882885,0.5006405468183035,0.491159310252341,0.5033918754468836,0.49411387367972076,0.49988729734614235,0.5044262128367363,0.49706659127196773,0.4984786422716001
0.7572034907619553,0.6535175987302725,0.45329338074614955,0.5036968534358818,0.5019830328141685,0.5039958924599057,0.5007555407218696,0.4910936764919122,0.5068055185184077,0.49461548362126,0.4998874198450834,0.5044255357913343,0.49676191520177004,0.49847894623169153
0.7439822239319549,0.6683006260819607,0.46591733645438943,0.5014886838647963,0.5028459309310602,0.4972991002262007,0.5007998153786255,0.4981244216660259,0.5037147733365082,0.4947774524503668,0.4988496336483647,0.5007157900266517,0.5008877792712129,0.49852703292144895
0.7283420123871107,0.6853996612862757,0.4806686417593921,0.5014886838647963,0.5028459309310602,0.5075427945205904,0.5007998155001034,0.503746356590015,0.5037095230287948,0.49480932865096,0.4988496336483647,0.5007158566257222,0.5008888252720461,0.49852702400514
0.7145392677885372,0.6999568084720981,0.49343713056570954,0.499532125673508,0.4980073235339247,0.4964174526660003,0.4981157735188597,0.4882465861744536,0.5031222252059655,0.4949756055802443,0.49984347076250657,0.5037214533956484,0.49507154872788617,0.4954126314763081
0.7000679516469728,0.7143290571177513,0.5064187028236484,0.5036439718190535,0.49804436101446153,0.5015424713948609,0.5088021873721911,0.5035552587653672,0.5069505999283829,0.5014803673248405,0.49983886471428757,0.5037232160945166,0.5000081154288947,0.5025615909233312
0.685467366089911,0.7282371872729738,0.519254243141236,0.4995683796693384,0.5019566141643407,0.5015777080908869,0.4981170088571896,0.49339088161459566,0.5032881604438295,0.5013564468615557,0.500093134415271,0.5032001469278521,0.5000440489328527,0.49543740192958996
0.6709464454225328,0.7419320492839784,0.5319580717144884,0.503059676078097,0.5019579633754149,0.5015791232214396,0.49809450763080093,0.49356789051968425,0.5032774614949026,0.5012276301679313,0.5000829670225022,0.5038653228577035,0.5150821043271409,0.5008608853952312
0.6566693090134339,0.7547306925952809,0.5441601636141601,0.49964987012986534,0.5019566427883139,0.5015780468057126,0.49811697261253896,0.49383872588092187,0.5032774629899046,0.48312184332962393,0.5000829661549677,0.4915630098760181,0.5009707610853881,0.5008478261501546
0.6398483492500147,0.7687133750662439,0.5580807232250681,0.5031827096958368,0.5024674032263835,0.5018307853353706,0.4944856514673961,0.49850364994680607,0.5035943727032826,0.5041002780376388,0.5000821856662468,0.49109794130319234,0.5000580329436207,0.4986350597409425
0.6190539942196175,0.7854897478549766,0.5750880776166456,0.4993548493329105,0.5015947317530509,0.5018309986320065,0.4981437409409631,0.4985230987433273,0.5036021839355883,0.4983925148076567,0.5000705516341304,0.4909682186824932,0.500057377318408,0.4986180622482187
0.6074363295336169,0.7945495545397971,0.5844660238083759,0.4995325128899545,0.5015947317530509,0.5018389481878395,0.5103056200017961,0.49852093070621006,0.5036021839355883,0.5039101224599986,0.5000703477362766,0.5008612785538747,0.500057377318408,0.5006184235974072
0.5939179992436646,0.8046463050282114,0.5952063403018328,0.49954213945970266,0.5015947363157639,0.5048440590771621,0.5004506369379408,0.4983717835268733,0.5033315272199421,0.5039123560071007,0.5048837796377714,0.5007831963283653,0.49594970121265125,0.5008838433718544
0.5773257971758751,0.8166609417766254,0.6082465709465217,0.4995325128899545,0.5015947317530509,0.5018389481878395,0.49811697261253896,0.500150642379125,0.5036021839355883,0.5039101224599986,0.5000703477362766,0.4909682186824932,0.500057377318408,0.5007209119472582
0.5555918418725883,0.8318403892614504,0.6251196624457702,0.49954223252762586,0.5015947362964247,0.5049106720198353,0.5156436402193343,0.4985003717864059,0.5036003250249844,0.5040973527170444,0.5034351993363876,0.5009043172522758,0.5018218796140985,0.5008857839098971
0.5438483064724797,0.8392932489382534,0.6339713568719462,0.499526891807301,0.5016183692786869,0.5049106720198353,0.5044906649754943,0.49926299104725425,0.5027058751733954,0.5040949842173935,0.5034351992805745,0.5009011450915745,0.5017161999704683,0.49782071438474595
0.5288125792461343,0.8489803240288257,0.6453562331037531,0.49954309056643403,0.5107780480515208,0.5049106720198353,0.5044839022079025,0.49842147970118644,0.5027058751733954,0.504098315923935,0.5022778615220008,0.500901140638263,0.4973183227188458,0.4978207133050558
0.5117048110641237,0.8593181829989904,0.6580793882721536,0.5048686323528299,0.5022500369916661,0.5074454863736343,0.5003241483100477,0.5028896975426682,0.5036385467294392,0.5029897887807916,0.501897966659608,0.503925068603382,0.500589012030487,0.5007598645033814
0.4940203450626662,0.8697210499476297,0.6711387680950687,0.5041823418892665,0.5016452676041224,0.5050877418928217,0.4981391851886651,0.5014491179112232,0.5028062451700958,0.5030014854547213,0.5003966187589749,0.5090507397247974,0.5010658466799631,0.5091452498538663
0.4799031708796957,0.877620516254858,0.6814349182243403,0.4978944952436228,0.4973467058607872,0.49994107229062235,0.4921247007515403,0.49363544174124097,0.4954984993005917,0.5060927969173448,0.5018851926716901,0.5012245309883526,0.5014482180006453,0.5091562321151021
0.4647160711422451,0.8857727768513004,0.6924053794635955,0.5041890953406302,0.49932815231660327,0.5050878360321872,0.4981391851886651,0.49399260066001266,0.5032964881199065,0.5040842314188549,0.5000524888770337,0.5091528501239068,0.5010611573356674,0.5090162282004129
0.44581576191451205,0.8954569513655968,0.7059215598591125,0.5041869095321608,0.4973467058607872,0.49992273594187364,0.49228370638719304,0.49363544174124097,0.5026161421456552,0.5060927969173448,0.5018851661480209,0.5042516927315505,0.5048290579085434,0.5091562321151021
0.4294753113062535,0.903196671233921,0.717429315596876,0.49799413161218065,0.5000447866496678,0.5018679401992069,0.5019721518873475,0.5041470090395682,0.49812771697185265,0.5015991752658049,0.4933811055720332,0.504164621830542,0.5023320127319207,0.49768211705112997
0.41534879032581745,0.9100220484296657,0.7274141838295517,0.5014815606637739,0.4972510854402242,0.49934528231844855,0.49343613525252644,0.5021241570805655,0.4982086691958117,0.504205363366695,0.49325281451622743,0.5089487355650834,0.5063233895240564,0.4908863068399884
0.39664896155257645,0.9183065639544231,0.7404309194828915,0.5015287782029902,0.504672476831509,0.5138583337143031,0.500778241365986,0.5052941525805709,0.5015793742329173,0.503652137683136,0.4941205263562019,0.4995699299683486,0.4965042875414158,0.49901898475017514
0.37711919320495385,0.9265225940194737,0.7539153025497145,0.5050162599601108,0.504672476831509,0.5138583337143031,0.500778241365986,0.5052941525805709,0.5015793742329173,0.503652137683136,0.4941205263562019,0.4995740188618494,0.4965042875414158,0.49901898475017514
0.3667981864537185,0.9307202024166807,0.7610058676038008,0.49868841275540965,0.504672476831509,0.5138583337143031,0.49988616496396093,0.5028630258996267,0.5028044371382987,0.4976724278675534,0.4992918905228012,0.48818488330944826,0.49650544657385776,0.49899113174112303
0.35067144513202153,0.9368941399291387,0.7719950668829225,0.48784567512669197,0.4963919695802776,0.5036428436732091,0.5006397858496211,0.5056149731076595,0.5028044390558585,0.4980188231197459,0.4993163774594713,0.48818488330944826,0.4966122284788372,0.4989077584334601
0.33633670913500285,0.9419028755099826,0.7816584501339566,0.505039773447225,0.4941751124123486,0.49624967619444776,0.500479475493117,0.5017533812064696,0.5050160624232292,0.5023816156864586,0.499327217328345,0.49783609434981796,0.4962290689862583,0.5049806700587904
0.3167942781486044,0.9485969298306277,0.7948077375974302,0.5015133322491834,0.501583795796196,0.5041278186622433,0.4956788471457585,0.5014717056584803,0.502812021729198,0.5022080163589031,0.5004866731964532,0.49723905874996777,0.5052678413714049,0.49748964488531633
0.2913402763031198,0.9567225255692239,0.8118167372128866,0.5015133325883636,0.5015837956693135,0.5041156655454789,0.49593829150135293,0.5014717057373511,0.5028524666521534,0.5022080163589031,0.5004862931273573,0.4972358098859122,0.505667842964157,0.49772961432415314
0.2896890029989964,0.957191638030791,0.8129093022047018,0.5015133135270987,0.5015824799622455,0.5041156435991737,0.4959476398609029,0.5014717012896454,0.5028524666521534,0.5022079991697084,0.5003929518837051,0.4972383039985958,0.4994277686813546,0.4974836873318928
0.2731140039991884,0.9620521159242121,0.8239049958799513,0.5015133135270987,0.5015824799622455,0.5041159908310381,0.4959476398609029,0.5014717012896454,0.5028524666521534,0.5022079985090497,0.5003905267569,0.4972383039985958,0.4994277686813546,0.497485610461387
0.25709596755752534,0.9666127438694007,0.8345058276114017,0.5130783901514335,0.5015836937265035,0.5041156612635632,0.5001413334545943,0.5014717012896454,0.5028524597667507,0.502207998537754,0.4994423926657093,0.49718503875302406,0.49951130191849435,0.49774609809205905
0.2447708933528642,0.9700047762309202,0.8426405206466221,0.49955217274674074,0.5015986731904579,0.49918769381542816,0.5091495077087311,0.5052772264734943,0.48833775944300184,0.5035366738458653,0.4982248828267698,0.5034631959575219,0.48872063301460206,0.49774609809205905
0.218767868330469,0.9761200926415202,0.8596402846809517,0.4996894432506599,0.5015991529757606,0.49929540042782217,0.5091521548658183,0.5054632127703171,0.49166431724762333,0.5035370968723292,0.49840516822811376,0.501078357474219,0.48872258418180475,0.4977170780549562
0.21146318366537728,0.977618792659479,0.8643856440888324,0.49941737021369764,0.502272534013003,0.5050736340379947,0.5093987468563477,0.5037753396017614,0.49244270364882065,0.5037496696626419,0.5000621575599067,0.5008054027325974,0.4957367012246899,0.49806900440381346
0.20144108298064392,0.9797429279212585,0.8709061503991267,0.4994295050039003,0.509184944528558,0.5051340595333407,0.5057824413749388,0.5037761460050814,0.5033823003533566,0.5039223427926749,0.4977870644669318,0.5008063255154818,0.4960824544209539,0.49444419958747954
0.1891352436908056,0.982316098805934,0.878907024421487,0.492373130996523,0.5015807182014899,0.5050736103231924,0.505266638696153,0.5037745078510943,0.5027843185770262,0.5037404160122518,0.5000562955111675,0.5011064899118979,0.4958655620739852,0.48621569668365583
0.17419307590880082,0.984983976264402,0.8885668334742303,0.4994295050039003,0.509184944528558,0.5051316693796418,0.5057823086118305,0.5037461605690976,0.5033979127629186,0.5039223427926749,0.5059141484105913,0.5007765338658728,0.4960824544209539,0.49434799254272366
0.16241018590075434,0.9869239475967903,0.8961671849423252,0.49941391002517077,0.5087353946541696,0.5051316676418287,0.5057202820218825,0.503753483800572,0.5033888178490908,0.5039223427926749,0.501926234146434,0.5007795881688534,0.49597508833593074,0.500878640573095
0.14771474107685897,0.9891909991320698,0.9056316302637021,0.5030424335303672,0.502784319673169,0.5051319260336775,0.5057180039632978,0.5034899306668372,0.4979049442743217,0.5037679442954965,0.5018793228006209,0.5009931563017024,0.49597355649928054,0.49437076740989394
0.13401377047831461,0.9911819182267851,0.9144439920286397,0.4994066336123258,0.5015989807433303,0.5051303761706273,0.5096221608579303,0.5037534745650603,0.49896248203290544,0.5037658547809221,0.5056437563753974,0.5009970653605663,0.4959711071827826,0.5006183704014062
0.120042641396265,0.992983583607117,0.9234101538725146,0.4994066336123258,0.5015989807433303,0.5074251626984685,0.509623889511641,0.503746760105598,0.49896248203290544,0.5002469384587694,0.505643972296521,0.5010014387541475,0.4962294092723685,0.5006183704014062
0.10212887340388982,0.9949664919269396,0.934881877470399,0.4994066336123258,0.5015989807433303,0.5052272551766762,0.5096221608579303,0.49791388390001334,0.49896248203290544,0.5002547579079053,0.5056437563753974,0.5041852090421453,0.4959711071827826,0.5006183704014062
0.0904400574669643,0.9959892304485642,0.9423503190744045,0.4994066336123258,0.5015799536140881,0.49835101652867136,0.49821894221357926,0.49596560707683895,0.4989626604937024,0.5036637017957206,0.505643972296521,0.5010014387541475,0.4962294092723685,0.5006183704014062
0.07660803444543585,0.99719984641699,0.951188737109735,0.5051146707381291,0.502559411315872,0.49792823656322155,0.49752299572221775,0.4956763745043969,0.5047006644143169,0.5040409560301042,0.494801107418233,0.501014087013535,0.49716195700178484,0.4986643637636696
0.07168039874274022,0.9975218026815578,0.954331968440211,0.5047636060079588,0.4969288391957493,0.49792823656322155,0.4981283037421175,0.49567051789982985,0.5044559675916979,0.501571778198397,0.5001704072347021,0.5008556753075789,0.4972190019776361,0.4978967535664279
0.06146310494904954,0.9982974575969089,0.9608540527924051,0.5048409925639802,0.4968339258799482,0.4978317918312106,0.4979726208814527,0.49821345570329634,0.5039721208583391,0.4901066901777132,0.4998861826654762,0.5043637508579035,0.49787046578381794,0.49775543989495774
0.052990897200564345,0.9987048805825071,0.9662528454765196,0.5048409925639802,0.4968339258799482,0.5029216752990722,0.4979726208814527,0.49821345570329634,0.5039721208583391,0.5040034246209877,0.4998861826654762,0.5043637508579035,0.49787046578381794,0.49775543989495774
0.041832846204082605,0.9992227865206768,0.973363223339143,0.5050872291004574,0.4977029481042613,0.5029216752990722,0.5019374418893084,0.49821345570329634,0.5039721208583391,0.5025159623532266,0.4992646001171306,0.5043550126930513,0.49787046578381794,0.4977000822657654
0.027145569148380785,0.9997701627200009,0.9827188669590169,0.5050865681712362,0.49770863161724754,0.49793580297001944,0.5019721518873475,0.4984537400266987,0.5039916978040944,0.5016179574098456,0.49295369409628004,0.504214526411839,0.5024404658784546,0.497755950361748
0.017901928173342633,0.9999639781775246,0.9886040853834501,0.5051126472100148,0.5024306297247072,0.5052138309860331,0.5018141962932737,0.49850364994680607,0.5039910991366244,0.5040822312696535,0.5000821856662468,0.504368493459548,0.5024417866728238,0.49865731442494243
0.008786380441879727,1.000071198439075,0.9944069586142585,0.5050886173017237,0.498246115812834,0.5052128403482906,0.5018044418991463,0.4984283147132837,0.5039911192558109,0.5015583091346769,0.4999756248470808,0.5043684983182448,0.5023320353529178,0.49775388769829104
