1.004939582032035,3.305925963273239E-9,2.094273000917578E-9,0.4935566928611884,0.4692947409783403,0.49260639571715653,0.4991847187540752,0.5008892847554463,0.4930902294689057,0.5037272273178814,0.5075809819881383,0.49555952953253946,0.5607789094714083,0.5081381781562654
5.031186038757041E-9,1.0002466926379525,0.9999999967978375,0.4995085317771398,0.4924551996696734,0.49543479083610437,0.49731040761724427,0.48961406401229474,0.4943967721759922,0.4984212524742101,0.49840092330282715,0.4994875610033054,0.49717878769428364,0.50298611654113
0.5857461561664735,0.8108112866099957,0.6017211850516739,0.5000546573874162,0.4953429963798315,0.49468894538411046,0.4966275294931957,0.5092484723063507,0.4969687894236828,0.4988819146186538,0.507502844500554,0.5043389011211009,0.49535018806038533,0.4983463929688773
0.9730722429204959,0.2348135062807459,0.15074180092828637,0.5011369970117976,0.4960057696005249,0.4756244770487524,0.4992137899364585,0.506258138659254,0.4967561233439951,0.5036252527160108,0.5072470741630497,0.5030932213922923,0.48841839822229743,0.5114848321909999
0.8046378339304799,0.5951461661518188,0.4054254162683632,0.4939085662432743,0.49423580687895147,0.4962819469273975,0.4872841287272334,0.48958762290130836,0.4978255489528948,0.5185029004544159,0.49996459333997956,0.4973461080652618,0.4975547536565706,0.5102854037260031
0.5452110233753289,0.8393414033816725,0.6332606015803044,0.5009420975711735,0.4978718408832031,0.5061568322192993,0.5108067237835336,0.5068394959239407,0.4967544628961827,0.494484264439563,0.520807753034364,0.497786271996156,0.49534520417357863,0.5129139199799881
0.9838394057708802,0.182966123543146,0.11705590548998535,0.49967939768660263,0.49385213778430775,0.5020246401471402,0.5112384260732092,0.5012233440578918,0.4945659017735695,0.5015675372444606,0.4996137126206031,0.5120171988717708,0.5095865434991677,0.5164253171188122
0.42326527156233135,0.9064787636081945,0.7218950556720376,0.4936346912283,0.49556187964530735,0.5048671303623989,0.4953893701185738,0.4913330149111166,0.49002487309650894,0.5047681616431705,0.5021451699817809,0.5056024046141073,0.5018450840063728,0.509306909281044
0.8480731429380914,0.5306417184479232,0.35593699327371353,0.49359279875780104,0.4909883320086347,0.5048671303623989,0.4940876047327256,0.4912897758269787,0.49444378904686703,0.4961057120854695,0.4987635338278444,0.49685383093518865,0.5018450840063728,0.509306909281044
0.02300217259244472,1.0001663687027356,0.9853613784998716,0.49967399513698246,0.4978480776170162,0.5062401670897448,0.5108136065636641,0.501778251796422,0.49455806034911426,0.5011637888012559,0.4987673369870939,0.490151834975674,0.4952880532108888,0.5107419428062501
0.34241804560714956,0.9396901629831086,0.7775392386975772,0.5005463686934826,0.4933232192301899,0.5046760553596886,0.4994659413034996,0.5004150535746971,0.49707360480088464,0.5011638525951024,0.5074002979138568,0.5000866045153023,0.500881115368934,0.5010879828060554
0.600887233377084,0.8003991428297418,0.5900353224765564,0.4992353524592056,0.4959088844411688,0.5096788159520187,0.5104924504192379,0.5106831973524799,0.4955397833923919,0.5078835773369169,0.5076851342180064,0.5133323503044093,0.49519528311075844,0.5132135799304628
0.5581037238438401,0.8304071861420186,0.6232840845641011,0.4998136087505201,0.5072432867156335,0.5029325376532173,0.49708081522493214,0.5109597173056892,0.49150950249132624,0.5077149019561453,0.5002758603599229,0.49767341648945473,0.49430145681364157,0.487019865497775
0.5267828173796668,0.8509592126810468,0.6471176760457543,0.4995700047055233,0.497520818232373,0.49630435135554984,0.5102232493690612,0.4886703433503726,0.49578590241096915,0.48138979615621386,0.5072557093838062,0.4936311507743302,0.4944827430576814,0.5086553816394945
0.9929479035211068,0.12218497988661439,0.07794597718655728,0.4997019745839535,0.5069201386351585,0.5097507131492514,0.499716216152734,0.5010096832069998,0.49763695416134035,0.4950040856771625,0.5069069761439401,0.49821412293296974,0.5102627907869184,0.5103121954979726
0.12033465585727117,0.9941720018216663,0.9233165304935855,0.5011429379019007,0.4958902809836657,0.5047327661223727,0.49971151004684716,0.5019850932019381,0.49776309831299353,0.501195497877127,0.4892712231074846,0.49723366096340843,0.4998711238742858,0.5354168268224353
0.4807440599847195,0.8782038150531282,0.681143731029732,0.499710104506307,0.49600157121197375,0.4756244770487524,0.49708042871523006,0.5077311734887942,0.4948642293467399,0.5036094511930918,0.5081399081002994,0.4994350538905388,0.4834677730815343,0.510948693818573
0.6940305965487482,0.7205654206686923,0.5119402378051986,0.4936054079294215,0.49606043899719043,0.5096154377141855,0.5105900437685181,0.489928732439698,0.49458773664687034,0.5019494413563151,0.49841332161446106,0.5063140558961496,0.4970974982565038,0.4997803681929847
0.9221085619737592,0.3898769324977086,0.2546570959125154,0.49961540114269776,0.4931597516198056,0.5058901264447082,0.48675367817659493,0.5087624621306663,0.4947580114726034,0.48205833877741294,0.5000096156832587,0.4872102627750622,0.4828018825521546,0.5009202598568984
0.989350859931237,0.14917284135078043,0.09527093350367799,0.49950511512291773,0.5069618596436345,0.496239255051684,0.4854611211126939,0.5002200126010254,0.4978107367786909,0.49512436230834167,0.5068951410403495,0.4984144594879257,0.49137202798414487,0.5103121954979726
0.9579036227192984,0.28881255959056823,0.1864256912842645,0.4994982651553745,0.4949744775821218,0.49630907653170064,0.49710747468131133,0.5044362932176003,0.5068020189099326,0.4814478283680368,0.5019233713809377,0.4978715400052065,0.49451900592249654,0.5000090062472051
0.7148783023554577,0.7005390160252297,0.49355076358060385,0.5047211683186988,0.49284738106559506,0.5069433186565869,0.51031507273934,0.510780150727435,0.4955345414317187,0.5075440913652185,0.5077493993006309,0.5142007804754755,0.5066897271700171,0.513226863088834
0.8998859492043099,0.43761846445592356,0.2881539670131082,0.49342286338374114,0.4959077356031635,0.49629960599784134,0.510559768091395,0.5106831973524799,0.49554303923017323,0.5076164949030632,0.507688208263826,0.5042547226285934,0.49519528311075844,0.5132135799304628
0.7045912537234157,0.7107131387973933,0.5027536753203466,0.4906916144594448,0.49501245386417614,0.5022730519725361,0.5100055388849231,0.48874963335946126,0.49295689380910557,0.5026979961633337,0.5047734516989548,0.4935666295586972,0.49694501271358277,0.5175195304116375
0.6816483020983783,0.7327595097964137,0.5229949616604883,0.49343983068563607,0.4960284389223993,0.5032195344012299,0.4828595416004603,0.49421099874969643,0.481619852680049,0.4964302162800596,0.49759220767760637,0.4979484603640178,0.4953809788206245,0.4965730280461235
0.07731342159054902,0.9974208556982578,0.9507519504473042,0.49970046563475345,0.4992950110624118,0.4941189337796378,0.5103318187502778,0.5069106627495648,0.4928506680880374,0.5074368134704317,0.5020481117247217,0.500044287334647,0.4968620243404396,0.5101310864461287
0.9876330918066666,0.15994947813400523,0.10221457307501423,0.4995045686808646,0.4959833902651809,0.496239255051684,0.4854611211126939,0.5002200126010254,0.4978107367786909,0.49512436230834167,0.5068951410403495,0.4984144594879257,0.49137202798414487,0.5103121954979726
0.8415642282290487,0.5429595097401545,0.36476950548972975,0.4994728036676294,0.5021766628973886,0.5057691702046707,0.49961969189361866,0.48973689191303876,0.5119318190714613,0.5012537726338534,0.516112030003419,0.5286669668642849,0.4989518084688539,0.487903174886731
0.9993877614897316,0.04678761398087699,0.02978242144652664,0.4996507861689396,0.4927582252503623,0.4952768819876536,0.5107266231316432,0.49014610855452595,0.495297077641059,0.5015606393902552,0.5075151171217221,0.49804723804092516,0.49796148430120246,0.5103121954979726
0.5007889063424183,0.8671402230176808,0.6665866865541308,0.5013717257124267,0.4925093620366937,0.505772091333383,0.49959274681887517,0.507775185116481,0.49473213618896106,0.5080956828311463,0.5079230710879264,0.4994691154052582,0.532378390902307,0.5018131750338714
0.6142802223611263,0.7907459634076077,0.5795404411611151,0.499413982394016,0.49541204710610864,0.4950389067443516,0.4691641664800635,0.5027826516746348,0.4845506525223986,0.5004342941412613,0.5017105817573528,0.4936963598729479,0.4963838500709423,0.4968980350272826
0.35899046747171076,0.9338496870163903,0.7663582585610458,0.49945195684924837,0.4922141643296965,0.5044567904936634,0.4892553922521077,0.4895929516397867,0.49418749104049514,0.500921913678773,0.48943634395133895,0.4994216945021695,0.4970914633887447,0.5038766435303325
0.14442350375656704,0.9897830865977232,0.9077590308947288,0.49950278480612054,0.5067594432986032,0.4953842311590457,0.49725722158340996,0.48977418585034427,0.49482155532385774,0.5007765342720342,0.5048241321489577,0.4995735908817014,0.49529355196862135,0.5034585825593475
0.9302940737429936,0.36782672780768305,0.23970252432978856,0.4996509767991041,0.4911537848854181,0.4986503536478695,0.4993060149593646,0.5014005480648452,0.49520546623882417,0.4951540707231752,0.49963149461308015,0.48725395458017745,0.49796060781259094,0.49129113265205593
0.7916127620495915,0.6115885433543157,0.4187683793535267,0.4993118475926243,0.495405418667185,0.49540976747655424,0.4864611440090255,0.5030992160029102,0.49443384958471415,0.5023457452379165,0.5018568957134212,0.4936963598729479,0.49634990948127355,0.5041285109745847
0.6227528215044444,0.7833598934319067,0.5724013379671058,0.5011426290512001,0.4959575842644373,0.49631597900354546,0.49918354365768053,0.49029634905001385,0.517904485935362,0.5036366424792711,0.5003905894346846,0.4983179553871156,0.48345354766840765,0.4998604636116599
0.965597131002777,0.2634608158052013,0.16957258922833165,0.49952792229330767,0.48538731103829047,0.5021599370807921,0.4903520564881209,0.48873581133705984,0.4945935375284549,0.49130719445102927,0.49980351852445065,0.49756747486088454,0.4827950425296381,0.4929881626685148
0.2789400844257495,0.9607959672871366,0.8201203461835339,0.5011874848458143,0.4975120316836891,0.505789254274178,0.49943894916472853,0.5011707000559397,0.49658776469643645,0.5056014220257984,0.5072432485022607,0.5115298016784178,0.510602807245656,0.5091913271476649
0.9395235288198647,0.3434151147470566,0.22309327147201136,0.4996509767991041,0.4908385095889157,0.49404179928872494,0.49947460642703556,0.5010203488812115,0.49512247096345685,0.5015644310006043,0.4996064447944958,0.48718609732679985,0.49796060781259094,0.4981210850123796
0.9996617608791942,0.028434291777271352,0.018103076095953463,0.49965777046478665,0.5042902419563589,0.4999965000078658,0.4996242346173584,0.5014171472709975,0.49959125900347545,0.5002942112844893,0.4998333398453833,0.49332605001714475,0.49930267323609456,0.5002971201745574
0.3704034574412107,0.929017756817709,0.7584734785971282,0.5007238597559464,0.4933232192301899,0.5046760553596886,0.4994659413034996,0.5004460795775966,0.4970243613242239,0.5011638525951024,0.5075548642499476,0.5002341471129201,0.5007015071506217,0.5010308370342185
0.7699030750305139,0.6395070260774114,0.4412682938938324,0.5008998710309339,0.49418359318118055,0.494119246579336,0.5209934368560885,0.48941539456959365,0.4932290334865512,0.5013927258701067,0.5109932330094344,0.5065155511615624,0.49660563693249365,0.5038766435303325
0.8165719201510334,0.5800476218436316,0.3931987156308565,0.5009560028170749,0.4959116937181624,0.4954604469196555,0.49981854911612184,0.4893536843862121,0.4931884057636061,0.501195497877127,0.4892712231074846,0.507227952420971,0.4998703064986063,0.5354168268224353
0.6401181185619835,0.7689712592966859,0.5580537694007148,0.4934287762226351,0.492449127371707,0.5018639579320717,0.4973114873358808,0.5077960191471355,0.5073332389631626,0.4968721923386362,0.4977768427745644,0.49949332503021215,0.4829671394470298,0.5018179909072336
0.7253267445008084,0.6899809244754367,0.48410439509234626,0.49967717203666934,0.5193590405393123,0.5042766566085961,0.5110461817159965,0.502020869856316,0.4782146863650505,0.49704891866987283,0.49942845825903925,0.49381515399682446,0.5066721753859662,0.5001329260053594
0.8627378859410681,0.5143021114878615,0.34222609487410116,0.499566357263637,0.4960975797737415,0.496275125553518,0.5102667245440442,0.5045324229310059,0.49569487997165657,0.559683887310803,0.5012530475674918,0.48812563211494775,0.4944827430576814,0.5222040703954318
0.9947337531140201,0.1078888142643715,0.06877892064584068,0.4883703926188782,0.49385213778430775,0.4953967655111383,0.4970651731233818,0.5012233440578918,0.4945659017735695,0.4919843220693107,0.499582210890117,0.4975231142276502,0.49027685922781183,0.487019865497775
1.0003933821194353,0.011909933994451907,0.007578759934001644,0.49970046563475345,0.49948582578215395,0.5000787953446613,0.5103318187502778,0.5069106627495648,0.5060228921273854,0.5074368134704317,0.4992714322880058,0.500044287334647,0.510707839670179,0.5101310864461287
0.9503232742435387,0.31170923431900766,0.2017740519682213,0.4997725067899943,0.494993300812371,0.502302380923234,0.4972448185968374,0.5044362932176003,0.5068020189099326,0.4949375928309539,0.5019334136105656,0.4978715400052065,0.49921185806250096,0.5000090062472051
0.22089199600755743,0.9755793162991155,0.8582458480678727,0.5009874632760569,0.4975955852557457,0.49418320107762204,0.4892630189121579,0.5009905259867552,0.5067113834496537,0.4955702918740919,0.5005035865211277,0.5055894221699767,0.4970746977307493,0.5035394373465025
0.32267168404586233,0.9472657119919239,0.7909929957529446,0.4933939993721936,0.49676850857741706,0.5045517413925004,0.49068535829222937,0.5008632184815986,0.4973261606310806,0.5149840096668741,0.49981366560891477,0.49382429418095963,0.500881115368934,0.5167776335451362
0.9771797859020468,0.21499633686630612,0.13787063555744794,0.4919011370340698,0.49439769482572665,0.504923143853366,0.48677752576442274,0.500616627703949,0.5070548265588666,0.49741945991245023,0.5024681065247081,0.49429047946001886,0.4948582400737648,0.5115646348828022
0.9983774331111457,0.06627919963061595,0.04220129974143433,0.4934539773193234,0.49247581204212004,0.5075128589437119,0.4977891995928986,0.4888484276439434,0.4943582135420754,0.5013388322127228,0.5045946443183987,0.4941712741784044,0.4859354636272137,0.5018384779774726
0.8776590274292004,0.48020133856433644,0.318719796870853,0.4995814070324191,0.4960975797737415,0.496275125553518,0.5102232493690612,0.4884641743477281,0.49569487997165657,0.49643715897427304,0.5014185640322469,0.4941057816189619,0.4944827430576814,0.508599969502748
0.10318797830567408,0.9952747593852465,0.934231589620496,0.49970046563475345,0.4992950110624118,0.5094194840748533,0.5103318187502778,0.5069106627495648,0.5060228921273854,0.5074368134704317,0.507544512863636,0.500044287334647,0.510707839670179,0.5101310864461287
0.6342276028622336,0.7735733249465494,0.5628087575623351,0.4997502628168408,0.49782932927944334,0.5022940892693898,0.5118769854037513,0.4887003620144367,0.4969203827856409,0.4996084785240701,0.4999257223147427,0.49788323882201857,0.5060906428881553,0.4996607675215565
0.887305310739096,0.46187598325599644,0.30554092051995485,0.5009307595712259,0.49350591516517334,0.5119209348032006,0.4995066886282067,0.5016207350667934,0.4970783718422544,0.5011544142377199,0.5013510557011276,0.4952040512614939,0.5094039329193085,0.5029783706853463
0.15329682489588428,0.9884840094509064,0.9020515191189049,0.4996509767991041,0.4911537848854181,0.4986503536478695,0.49949083601436917,0.5064961474578086,0.5073045207204243,0.5063165826738543,0.4996064447944958,0.4989608035530835,0.49796060781259094,0.4911160581405336
0.43743043696056516,0.899927580152777,0.7119651992637299,0.4996089394215474,0.4911537848854181,0.5045358640425299,0.49947460642703556,0.5066082159281532,0.4972364029145057,0.5015644310006043,0.49981322225000896,0.48747408378036927,0.49796060781259094,0.5171239410345352
0.1725847891816551,0.9864133195791193,0.8897318924556176,0.5017391398030643,0.48524885099771675,0.524336983943369,0.48657776699611505,0.5069047269399515,0.4943327265243871,0.5075735919197967,0.5072062397194964,0.4936963598729479,0.49701861433399036,0.5129082838895367
0.7318679098041626,0.6829512774989299,0.47799796907983694,0.5007297903160638,0.49558119326228056,0.5048191974438464,0.524794318351756,0.5007465904155314,0.5029837624937539,0.4904548977125606,0.5116150719773342,0.5063524163182955,0.4964839339146771,0.5089319486665315
0.4039347481187626,0.9164854696063768,0.7357204370105735,0.4998136087505201,0.5072522766109575,0.509671246395911,0.49708081522493214,0.5173670308952093,0.4976824439097978,0.5077149019561453,0.5081999770550416,0.5276379401091336,0.49430145681364157,0.487019865497775
0.762760784465271,0.6477917128694194,0.44822585507988,0.49976910998868307,0.4956899674230148,0.5021599370807921,0.4903134262603807,0.48873581133705984,0.49458950488577264,0.49605455557375616,0.5075109200057517,0.4984925675304818,0.4827950425296381,0.5086750766132848
0.05117205171196651,0.9989434233337642,0.9674168841998828,0.499678907273055,0.4949941004441575,0.49846334729652453,0.48689523107389127,0.5003573012970595,0.4970455900136145,0.5027632190803127,0.5001119078890309,0.49394953730857516,0.49913087884976753,0.5003360165017733
0.29476834127945095,0.956160328670514,0.8096259887637872,0.500989153935799,0.4973319282469881,0.495945236829144,0.49983297823614864,0.501587126526462,0.5070838544109869,0.5144565749811033,0.5152212507223296,0.5063584371229847,0.5008436430812666,0.5024956551409969
0.7879096548456569,0.6163398667733145,0.42260204272088486,0.4993026833295543,0.495405418667185,0.49540976747655424,0.4864611440090255,0.5009528689575209,0.4942367725260545,0.5023457452379165,0.5016490309406747,0.4937339495078533,0.4963188647131604,0.5041285109745847
0.04872821330985388,0.9991761109057643,0.9689776551960836,0.5012043828695985,0.4953674028761895,0.49848244479851206,0.4974676538120683,0.500454823329085,0.5111704664335597,0.5098332651779136,0.5078823711077028,0.5067864293081406,0.4998053151482948,0.49856064191936056
0.9800703108437421,0.2024430588236398,0.12967624068006137,0.5006827711515414,0.49767809758134757,0.5061675565124059,0.5108068887979355,0.4902307623883377,0.49673088528418174,0.4964760778652324,0.49766044300111084,0.4942233078258258,0.478973853046129,0.49979151545574724
0.6532221534167324,0.7577881932017003,0.5470920330139302,0.5011296924912682,0.4967871797857976,0.5020685012504337,0.5170175306187342,0.501160659154035,0.49532648372190147,0.495369882252875,0.5076303473371223,0.5063560931177007,0.49697456803538387,0.5036162327106355
0.1810020544697085,0.98487037046818,0.8842915463913675,0.501768266373545,0.4953701150959432,0.504716738734841,0.49715294393589415,0.5154934453847636,0.5113145400299582,0.503378033546756,0.5075095317946524,0.5064499990247523,0.4998037466859111,0.47114974724434533
0.882875041893171,0.47061668953891805,0.3117761575188751,0.49958195347447226,0.5070760491521951,0.496275125553518,0.5102232493690612,0.4884641743477281,0.49569487997165657,0.49643715897427304,0.5014185640322469,0.4941057816189619,0.4944827430576814,0.508599969502748
0.19628342078076635,0.9813630177062398,0.8743273362815858,0.501028344944025,0.4961512189786903,0.5065661692310207,0.5168649263588069,0.5014951916339576,0.49702782529636286,0.50810489230873,0.5106537829061099,0.5134480423666833,0.49717732923506486,0.50880152827573
0.8696520026970471,0.4960941233825254,0.33002948237730645,0.4938705258901337,0.49117602245629827,0.4961093736636764,0.5001847538221726,0.5077105002268423,0.48856123078187136,0.5036020483081629,0.4729137189155457,0.5061619234679037,0.5018125061447715,0.509616327244955
0.9973597306237294,0.07737995576709551,0.04929327099448383,0.4906388371716415,0.49501245386417614,0.4949651241899473,0.5022803083141196,0.48878117795513554,0.4930337327318749,0.5026979961633337,0.5025114289877615,0.49920896525768277,0.49694501271358277,0.5039985545061109
0.7399128899588647,0.6735816069224044,0.4701471425224518,0.5009874632760569,0.4926523679253698,0.49416430768248243,0.4887865899701624,0.4903108256634425,0.4965420326560139,0.49009209226002975,0.4997422696448929,0.4979426096130752,0.5009331104153608,0.48705684946315386
0.9348657041068452,0.35719559522792693,0.23234410488160084,0.49936372345763463,0.49564556349067995,0.4961486339534716,0.5111903874194211,0.4912652160154344,0.4951603445833178,0.5008009564754323,0.5076583141761917,0.49777796408618763,0.48292394846333103,0.4871150764173754
0.8628119078657315,0.5108591672446291,0.34032440906712413,0.5066947198448111,0.49117602245629827,0.5058965427927578,0.503224838439657,0.5044616506414143,0.4947553762838376,0.5011944656265311,0.49913395300692415,0.4970909322388554,0.4516003157178004,0.5117746538501118
0.7557113238380795,0.6559960956421433,0.4551072505138707,0.49952877612581004,0.4926385956185732,0.5021630306294658,0.48999694401848515,0.48873581133705984,0.49458950488577264,0.4918304575971654,0.49980489648603577,0.4973212543002533,0.48336999564176497,0.4929881626685148
0.8937374856802005,0.44983298479781325,0.29685416500437967,0.4938705258901337,0.49117602245629827,0.4961093736636764,0.5113994352553218,0.48884631184137795,0.49635332262745535,0.5048630270233057,0.49986523093089225,0.5063121109600124,0.5019606677064458,0.509616327244955
0.6697128697797243,0.7429991277742491,0.5329958945065028,0.5011296924912682,0.4967871797857976,0.5020685012504337,0.5103336714041417,0.501160659154035,0.49532648372190147,0.495369882252875,0.5078063847140689,0.5055693375913619,0.49697456803538387,0.5036162327106355
0.9497985983941075,0.3143148215980031,0.20345353926610732,0.4940485953654123,0.49489980228371705,0.5023094056218449,0.4972448185968374,0.5044441224254141,0.5068020189099326,0.4951420487307006,0.499049768355092,0.4970374207160052,0.48321208500179796,0.5000407924735935
0.7525429609097204,0.6624477355849825,0.45951981867971536,0.4995283890817732,0.47606407037292164,0.5109912218954054,0.48999694401848515,0.48922191589852376,0.535641695451369,0.4919851382099106,0.4998018007518377,0.4973212543002533,0.48343187925384734,0.4929881626685148
0.8715324421872652,0.4918267354863591,0.3270787024884011,0.4883703926188782,0.49386291043655506,0.4953967655111383,0.5002110362543978,0.507985193816779,0.4944266187496327,0.5034020935648409,0.5126963086432064,0.4975231142276502,0.49027685922781183,0.487019865497775
0.9149256582978096,0.40528948246597923,0.2654684478892443,0.5008950314617155,0.49349976952265856,0.5119209348032006,0.49955744551390496,0.5016207350667934,0.4971018993296239,0.5011544142377199,0.4812989791719796,0.4952040512614939,0.5094768100225856,0.5037120007844589
0.7448100186920924,0.6690281857576214,0.4659097545965745,0.49960633206105265,0.4700792054630646,0.49854881289672454,0.4898961109707623,0.5038522084771672,0.4945300212685553,0.5084503246915811,0.5002803970121893,0.497919339162152,0.5009448132165192,0.4930298817363543
0.8278018881821748,0.5618231110735158,0.37960502791289724,0.4940485953654123,0.49489980228371705,0.5023094056218449,0.49726971164403194,0.5044441224254141,0.5068020189099326,0.4951420487307006,0.499049768355092,0.4980276464579631,0.48321208500179796,0.49985170565649306
0.47069198802244805,0.8830936005533409,0.6882469743416729,0.4930330517169959,0.4948989765447395,0.4990135099074272,0.49727621338900235,0.48961406401229474,0.4944201164189118,0.50137587560108,0.47991524896100224,0.4994942031808957,0.4970009325342059,0.49188294708924857
0.9604496625351218,0.27956184092160435,0.18032111167400391,0.4994850512890009,0.49878723283120124,0.496406026584011,0.49962613957103186,0.5014147542113188,0.49465590957860145,0.5082309998164772,0.5001137917451602,0.5080860976606564,0.5066173268498549,0.5093194032134399
0.38444155803199315,0.9236088440260612,0.7489004605721984,0.501224373609055,0.4953701150959432,0.4947126808399789,0.49715294393589415,0.4889461754911515,0.5111704664335597,0.5035226940822545,0.5078823711077028,0.5064499990247523,0.4998101761563756,0.49856064191936056
0.9185825618588145,0.3999070684472423,0.26140014990723537,0.49961592079395983,0.5307008156775967,0.4988784384348567,0.48675367817659493,0.5013270147729555,0.4947580114726034,0.48028783022920246,0.50199457548174,0.5044996579371758,0.4828018825521546,0.5009202598568984
0.6729428285831435,0.740204190879003,0.5302782518943234,0.49970046563475345,0.4992950110624118,0.5022108909256741,0.5103318187502778,0.5013581864881899,0.49522082289241315,0.4954450607506597,0.49041187792099195,0.4999637043523798,0.510707839670179,0.5035820550783718
0.8329782906205473,0.5547746284339189,0.37404603844589657,0.4930115190559662,0.49475461780735014,0.49854881289672454,0.48686185753293487,0.5038522084771672,0.4945300212685553,0.5082171322064991,0.5002810522158702,0.497919339162152,0.48298116392076934,0.487504817244722
0.5573075404593227,0.8308739901493443,0.6238702593646464,0.49965277155216964,0.5093098681841506,0.5062362011227844,0.49098450196247717,0.5109147532882974,0.4915554293613829,0.5071149269285897,0.5003780786231581,0.49900196711688893,0.4969240090914547,0.5035917622490971
0.3065938282618262,0.9524148356899833,0.8017334051008984,0.5008235674144215,0.4921392690881901,0.5036239986434518,0.49647343532237764,0.5008185867671893,0.4941886975995327,0.5011959885359869,0.4897307209113046,0.4978345423915624,0.4973524942426648,0.5174837137206489
0.6676580377471539,0.7459807326523832,0.53523591068326,0.49689372943390925,0.49346062346423164,0.4851027570040749,0.4868746510481422,0.4891912071986768,0.48948066573613375,0.48830308940275663,0.4976725851989708,0.5009148411195816,0.48689074177555614,0.5117300570454217
0.7799783163614048,0.6272526041035317,0.4311775027384935,0.49620739149121396,0.48258710156674917,0.4980170260221652,0.4868218118641737,0.5150120527792653,0.49480053027468585,0.49900269633177763,0.5080526942278503,0.49310555111366927,0.4942768625521682,0.5034463670775814
0.8472890880974043,0.5327073944490469,0.3573154078444801,0.484489027847656,0.4890792805746143,0.506148558919228,0.4869041284111487,0.4888204090225209,0.4961451515401086,0.4967247099852563,0.5074114702935129,0.5044221932189021,0.49615478460038115,0.5053508540681214
0.577572456538222,0.8172391438188201,0.6083307708090138,0.4997832022954509,0.4991274164664283,0.4976289299282667,0.5097175914846597,0.48749189395152426,0.49486574686551643,0.5183850365583791,0.5013086672237896,0.5057165114505576,0.49113825552244705,0.5000641392364781
0.826217711583626,0.5646347498351677,0.3816509567942141,0.4997713186224397,0.4887549610370682,0.49912960990316974,0.5108136065636641,0.48883074336668453,0.49455806034911426,0.5013366115733042,0.5072116285006647,0.4954663953410797,0.5149986847287269,0.5050913452533373
0.6975284700976782,0.7183614951460463,0.5093663766357919,0.499447847869057,0.49507033564676867,0.5058034207796079,0.4857190801468923,0.4900668514522068,0.5069913867585004,0.5089405409490905,0.5230821033157562,0.5153693519008067,0.4954516577693298,0.5037902930576506
0.7965801725349368,0.6055115951464306,0.41377643473535597,0.4997713186224397,0.4897867916184314,0.4994205125257119,0.49987821724225645,0.4888491925521356,0.49455806034911426,0.5013366115733042,0.5006920666955573,0.4951895046021572,0.48264417522396197,0.5025802291340178
0.8899558380579606,0.45711980574416683,0.3020776982236331,0.5025654539451122,0.48946397736153635,0.49406106669117134,0.49032603700205524,0.4952962112727973,0.49376125836204066,0.4921552334496225,0.5048598817243408,0.49496055732317384,0.4915427226098293,0.49948852983153547
0.20354146368164902,0.979623858287628,0.869581859876205,0.5132436736634152,0.4989024893530395,0.5059843223016938,0.5105766401824319,0.5003042398754592,0.4945649606013454,0.49526123980195474,0.5074959884617826,0.494947316086659,0.497672980363553,0.5090756378637079
0.5483187537730287,0.8366427675272898,0.6306664087694879,0.49351793370291114,0.49353424563896764,0.5043602013980767,0.5104800683706887,0.5009786331960271,0.4969752792673204,0.494484264439563,0.5001237755236524,0.49398637671271867,0.49521854895262274,0.5000417346361015
0.9299553663158849,0.3694008990123812,0.2407131118314903,0.49528974642397106,0.49410516315346314,0.49128369972655267,0.4872681173060398,0.48978189746021417,0.49712791095132974,0.5063163601349319,0.5068990040135319,0.4994514125640757,0.49699522096688675,0.5115026026673019
0.72776235828992,0.6863906534054383,0.4813807028688457,0.499447847869057,0.49331258780073356,0.5036129216820514,0.4972690580202771,0.49421099874969643,0.48426924303193,0.49646184085234474,0.502552578618205,0.497954110412797,0.4989187067796006,0.5037575997966245
0.6849405737220262,0.7294300526361353,0.5200184772763942,0.501182879833674,0.49544341253179075,0.49587942034994426,0.4859697620574976,0.5015576166608636,0.4883298388349002,0.5087414124375637,0.5077001988481337,0.49528133181332035,0.4997130278188505,0.5085470083178851
0.8683810436721335,0.49699218916530313,0.33092651870293244,0.5007470495345773,0.4892219212498128,0.5011422083550074,0.5126392811056723,0.4889691202432057,0.495531849751616,0.49526115154349404,0.5065273530527499,0.506782711687191,0.4967253686501042,0.49856064191936056
0.032401153706155955,0.9999095926787744,0.9793781356850377,0.5009364700567254,0.4977898546963241,0.5062182489305246,0.5117850024922055,0.5087508215264548,0.4970954838721482,0.5086768716863993,0.5000693443996516,0.5010380302547219,0.49914777700679436,0.5094337357912718
0.3717989473109417,0.928674907422149,0.7575677238330941,0.4997093737175141,0.49556187964530735,0.5048671303623989,0.4953893701185738,0.5016699189557317,0.4955443592487273,0.50849658980128,0.5073988255740898,0.5056024046141073,0.5018450840063728,0.509306909281044
0.8190048423633814,0.57427988483757,0.38930936089106444,0.5014086786077607,0.48946397736153635,0.5048876610232473,0.4954082115011744,0.4952977341148562,0.49680222639147564,0.49445602594437316,0.4945967575052654,0.49493921949190706,0.4992457984587481,0.49741061093236744
0.4950623522989166,0.869235731280652,0.6704096048020183,0.49475679691766933,0.4955812029367336,0.5023394861971042,0.49473965971532197,0.5002798820823464,0.4967404345654148,0.49550330073154414,0.4999525081299844,0.4994648131086318,0.4977424166063831,0.5145677894898119
0.718313981801977,0.6964393044919778,0.49015747647256075,0.4933400968437003,0.49350906753046003,0.5032686992805799,0.4972690580202771,0.49383863997396,0.4821368711574426,0.49646184085234474,0.5003845437251607,0.497954110412797,0.4952376228367897,0.500003336048909
0.2480986485791879,0.9691388925583903,0.840452375896091,0.5010550385302285,0.4968889247921149,0.5060751033223571,0.48912854238800213,0.5015563046057082,0.4948300852025756,0.49628818497023536,0.5074957096569243,0.5062310791408491,0.4976988344782914,0.5090756378637079
0.7372964610369761,0.6763421763606777,0.4725667651365007,0.4995006207967206,0.5117609095114825,0.5059014097903377,0.4880402262350673,0.48958715823737226,0.4963887509208901,0.5010998105505758,0.4967039996844699,0.5001018431421722,0.4969493762712048,0.5079359711656847
0.6753663382269893,0.7399160529368687,0.529015528142406,0.5005203061523452,0.47981129802227934,0.49626536409301025,0.4860041995717774,0.5296209710511902,0.4885634400140757,0.49526123980195474,0.5066749040656624,0.4949390519519493,0.49772397798876455,0.5085105964544433
0.3165881249463822,0.9491472342764006,0.7950430633110379,0.49954404331749214,0.491249750006664,0.497803417896109,0.4870898352521483,0.5002913872331132,0.49418031405630186,0.5050035726658647,0.5003083237401335,0.5129186377858215,0.4974516106900593,0.508565105850066
0.746681405121056,0.6663020467784216,0.4638240643893107,0.5009585393977123,0.49558119326228056,0.5061686682507773,0.5125452689376856,0.5003584877564483,0.49675040324384173,0.49164021027981925,0.49994685417149737,0.4977753010178958,0.4829877160241239,0.4875635220251688
0.3943866468864373,0.9192321338864342,0.7419863263305357,0.5011811080512888,0.49397501803987587,0.5039763114055136,0.4940218780964593,0.5036093910187988,0.4924264980124952,0.4916769706939608,0.4987446752499054,0.49486359352136106,0.4999178968769764,0.5027145114184205
0.9089420745430533,0.41894543533194867,0.27495228552573797,0.49939725833163773,0.4959654005004705,0.4918640784859451,0.48504280269812533,0.48884872349060227,0.4888620132432088,0.4944576914913165,0.4964262976903372,0.5155296708742407,0.4977317013306659,0.499394324500734
0.5649191698352884,0.8259234227561592,0.6180940060281114,0.5017247878288895,0.4924968951969503,0.5061778298634004,0.48810903971542446,0.5109454879112221,0.4942472638625805,0.507574448305659,0.5002607776445968,0.4984201698941561,0.4952262995416835,0.5129199321184557
0.45784136540325326,0.8893648675626926,0.6973419682417655,0.49950295509962284,0.4952666674631184,0.49553707189095386,0.4973094768923737,0.4895451680104633,0.5075365037931303,0.49435340097952923,0.5048241321489577,0.49950679026183537,0.4969830748623174,0.5037197466402425
0.6398785737553672,0.7693773118687675,0.5583361614655055,0.5009555423402441,0.49781984203497576,0.5062170868354982,0.5118608185388424,0.5087327712892858,0.4915640295967569,0.4951837705129332,0.5000693443996516,0.4936861630612518,0.48280166639837524,0.5012273128940261
0.2851025368314085,0.9588397911794759,0.816006883705467,0.4997472549101982,0.4897583918139376,0.49945325508968086,0.4953313930975593,0.48759127006500097,0.4969860525145568,0.4996084785240701,0.5018281375380689,0.4951878182230328,0.49760901006964436,0.5024633022327748
0.9190010514259135,0.39609273661512767,0.25906905383902273,0.5008931837164398,0.4932384946586627,0.5062981564685601,0.48723722133794767,0.5005258401719694,0.49475473541698545,0.507465872868918,0.5150846120119005,0.49418240630398874,0.49485281183554103,0.5102687739800827
0.6158396620671872,0.7886726436037167,0.5779477034342984,0.5009543423015179,0.4974489073104258,0.4997435828430259,0.4892630189121579,0.49289971426558343,0.5067113834496537,0.5150206696699854,0.5109932330094344,0.5065207788709277,0.49698833929680064,0.5038766435303325
0.879987758675628,0.4752110363949617,0.3152215095452725,0.500915467483974,0.49350527763360175,0.5000038311252581,0.4995066886282067,0.5016207350667934,0.4970783718422544,0.5011544142377199,0.5013980607826577,0.4952040512614939,0.49647829035963215,0.5029783706853463
1.0005550001447847,1.4314386170249292E-8,9.107766453585352E-9,0.4934119064868213,0.49266695085135503,0.5019755171677044,0.49894674550355345,0.5010140770377213,0.49465469918894694,0.4966623598007205,0.5002438983067511,0.5115769698435588,0.49593549348053884,0.5161698849787949
0.6069432644179648,0.7954872938351073,0.5850776095690311,0.4994528362183761,0.4962558497769232,0.5094762234568437,0.5112972757340185,0.48740293793397865,0.5073316042471093,0.4961682769627238,0.5040768986483167,0.5040538033865898,0.49696862443343315,0.5094232152965213
0.6267844824981118,0.7799938872463865,0.569060795922212,0.4997053250478502,0.5012081216857747,0.5060410658362096,0.4889261185893933,0.5006735835380394,0.4951683964883908,0.49529999547499665,0.5000681423457151,0.5117442097963509,0.4835285408004301,0.502937843045914
0.8575451003488884,0.515523711028925,0.34458549584808473,0.5010168416712493,0.4955690288510455,0.5045435296786567,0.4896811980464629,0.4889897204127382,0.5146615085407905,0.5047515945829734,0.5024381891873286,0.5053311218650357,0.49522851148643515,0.5032090304648342
0.808966964587467,0.5886144681113082,0.400445597886579,0.4995050247744238,0.49406874388075006,0.49552101041401647,0.4872681173060398,0.48961406401229474,0.4933756140599996,0.4946520310998781,0.5000216234748232,0.4938718112094515,0.49658271332741205,0.5000051283482708
0.5163051705590704,0.8572195205754347,0.6548817067722327,0.4995912591519928,0.4897867916184314,0.49978395194733394,0.49985673389945756,0.48898769689740623,0.4970626353088442,0.5015483618753475,0.5006920666955573,0.4973447284091144,0.482338805391861,0.511901125209113
0.4779794687542452,0.8790510255273152,0.6829454567085307,0.5011483813392329,0.4912316414646365,0.4962884702842875,0.5112532817076935,0.49021673514468234,0.49576953341858127,0.49650637134274817,0.5078505796058516,0.5055756862277512,0.49432919657316676,0.5113160706145675
0.9695489530667033,0.24999476031363482,0.16065088446332434,0.49333611302358504,0.4960284389223993,0.5033528209137057,0.4827599342507059,0.4885765352432542,0.4816789681888575,0.4913894069311919,0.4975539132551235,0.49756797755314647,0.48157062604794143,0.49995578922859946
0.7087483027025085,0.706398717826035,0.4989430138402074,0.49964003450237726,0.5073799902282822,0.5060276325831482,0.5160102512808354,0.5088701351991032,0.4945634445022824,0.5063534901100203,0.5074248886154059,0.5041838369931722,0.4952468523044275,0.50838757053062
0.5276355123467343,0.8499857427317736,0.6463302626630967,0.5009208792277047,0.49634855950206924,0.4942244252229304,0.48925384283073275,0.5009875694890998,0.506711384227235,0.4953019321758565,0.500569537441692,0.5068069977199315,0.49485040041054845,0.5115376225364883
0.9894295005472991,0.1482650001753128,0.09469225496042949,0.485455536939134,0.492437221012335,0.4962932634544932,0.4977891995928986,0.48962576885141096,0.4978538028661464,0.5023296494650625,0.506924607819486,0.4995410114907676,0.49715253391350744,0.5039010627504338
0.959804626195424,0.28215026929885323,0.1820173541117706,0.4994850512890009,0.49100569079588713,0.49691160827589465,0.49962613957103186,0.4914445984435408,0.49465590957860145,0.5082309998164772,0.49905988887915004,0.5080860976606564,0.5018771497404501,0.5093071952877449
0.8397197377358089,0.5441796569743818,0.36605800512416037,0.49939265865734217,0.4961512189786903,0.4949984927079739,0.48646747824618636,0.4880618882750375,0.49692332446829846,0.5080241417310813,0.5109487068179617,0.49273340185105624,0.49717732923506486,0.49686513900116663
0.5893235994727504,0.8088120886180601,0.5991316623942528,0.49980986294546925,0.4959728573413898,0.4961817542633647,0.497204890645452,0.4890885694615852,0.4969744895384367,0.4997187341982302,0.4808151302482674,0.5043218765030181,0.49428929698263613,0.4876270991198289
0.655662607150351,0.7556985203129594,0.545047657838358,0.5009054269718066,0.492449127371707,0.5018639579320717,0.4973114873358808,0.5077960191471355,0.5070978024247842,0.4970894767792113,0.4977768427745644,0.49949332503021215,0.4829686894003038,0.5018179909072336
0.9786670370124961,0.20667983030555004,0.1324977018964537,0.4998275369020847,0.5100396413601769,0.4984848328295791,0.5022248168707389,0.5012484279581023,0.4944429264849724,0.5066727107463664,0.5025742502460544,0.503809491809004,0.49705677377836366,0.5061638356609227
