0.09035547450864016,0.9973617153145492,0.9424827692949509,0.5004237023676581,0.5337601205617718,0.49861330444730634,0.5061434770933997,0.4965261465714452,0.5009904286669483,0.5099982809973951,0.5021514704710262,0.5094398739896057,0.5073596921902839,0.4976133968088582
0.19649844834819732,0.9808499802670667,0.8741291144649457,0.5011466338853082,0.49255835537342196,0.5049690993421158,0.5053736165593019,0.49829885108867283,0.4973240123086629,0.49646583916069187,0.49616087760184935,0.5042330898583659,0.4873455296473297,0.4963250425297535
0.3165685829706071,0.9488713666906488,0.7949993081652516,0.5009904603588475,0.4935935826654136,0.4900383451393896,0.505478848482708,0.49643901220199604,0.4996575504880697,0.49271312959047836,0.5016828574645642,0.5026140913811141,0.49409659593567196,0.497869138742083
0.4478948284075111,0.8943342546175561,0.7044184962233524,0.5010074692058606,0.4968534951279294,0.5048786444367099,0.5077532396423636,0.5023931891769612,0.5023072180543476,0.5051697306069082,0.49617308253750475,0.5045180457139801,0.5070208234170707,0.4978119735757386
0.8950233284567349,0.44671823407560884,0.29471558905004186,0.4990596257060405,0.4882816728858516,0.5047135491840232,0.5056478749425483,0.501356609010028,0.49954921539157116,0.4921443380552492,0.5045878360700978,0.5044493812238329,0.5032732845544519,0.4979295542238084
0.9490060254723657,0.31598493218486123,0.20462118314581718,0.4987203767211761,0.4871107426239518,0.500303875886242,0.5003083313838018,0.49717680075566056,0.5023320769234767,0.5050276061065757,0.5001017616034735,0.5041221992444921,0.4987944443535611,0.49791897871930224
1.1311584629451255E-4,1.0002666823832824,0.9999280074151419,0.498841836708196,0.49163683511121103,0.505529636139224,0.503619070090161,0.4982727129709289,0.5008885730330138,0.49264949649699896,0.506075382386354,0.5043590727575367,0.505743316460704,0.49775725365239515
1.0006624727311997,9.066213399614747E-6,5.767909627696355E-6,0.5009557338973267,0.49682469793361383,0.504880357794378,0.5054926170876538,0.4962645354134791,0.500020310888932,0.5047680694441558,0.48069238341578796,0.488495236310011,0.5070504453482181,0.4975609331015075
0.9961152610019296,0.0914204949271704,0.058263848508736726,0.4986952440646314,0.487431185349439,0.5056681964777779,0.5004511734061101,0.4980142941068209,0.5009509731219716,0.49096931098608193,0.5000779987069712,0.5041016709871127,0.4989913421176471,0.4976854457465274
0.8140339127697749,0.581231549507903,0.39474850048230037,0.5009362200093541,0.4932499480692806,0.5062840271347454,0.5056656849514075,0.4927388131889494,0.5004186992019009,0.5044901307545387,0.50488553267023,0.5038348746934542,0.5031781433924131,0.5009318214027867
0.980764687342054,0.19583593204142505,0.12546804834243805,0.5009390993386987,0.49334042209780554,0.5025352971603352,0.5048039172786963,0.4980676396357281,0.4995342212381222,0.49669997578927816,0.5035464446244268,0.5043323069575403,0.49809237198776607,0.5009852239358442
0.5817759109010057,0.813540772538791,0.6047871057125915,0.5004408240669225,0.5012669668187278,0.5057680359683,0.5052421582284983,0.49847977706185065,0.5009323548741923,0.5050818975533061,0.5021941123993305,0.504182168163549,0.5060336296282455,0.49762892251984037
0.7067184967510055,0.7079779153853374,0.5005667439216058,0.5009356009772306,0.489362349978047,0.5058271670483266,0.505628912423881,0.4954315663214622,0.4996558174559378,0.5081779170798398,0.5049964526973139,0.5028930014735892,0.5054965789082434,0.4967237964367467
0.8826904940495258,0.47119647330726905,0.3121569165325696,0.5034094628625215,0.5202600181300951,0.5052549215278801,0.5051515967234144,0.49715303375714215,0.4980720547724825,0.49690983457729204,0.4983135450354019,0.5053318723110004,0.49349165962089886,0.49640931194763005
0.7738972584707463,0.6334888738440999,0.43669686584697087,0.5020656553793489,0.49716700777469847,0.497835353359897,0.5038213940719946,0.49816531998075386,0.5010171418910562,0.4967071352251117,0.49571343437880205,0.4995491270834262,0.4941616063380066,0.4963856177808368
1.0002956456413676,1.0591093808471527E-5,6.740506927727097E-6,0.507568714255221,0.49684354027553596,0.505752211362119,0.5011374003083039,0.4961807093527624,0.5011077085314736,0.5047680694441558,0.49046497726129407,0.5016901643282881,0.5074662281018513,0.4975609331015075
0.6655675609788784,0.7466421637123651,0.5365081063677412,0.49933850942592806,0.4973997985730547,0.5002901701208817,0.5064307895356465,0.49892505690445893,0.49292321893000346,0.5052794981480685,0.5048582249203885,0.5045516884149657,0.5071071739214268,0.4978218928840393
0.9942834157027247,0.10891939690658131,0.06946194022318397,0.5092850732338706,0.4975336395774706,0.5053702845834105,0.5049801246880103,0.49650995996905595,0.5010511688144268,0.49991989105380974,0.49831094544745097,0.5041211462771811,0.5063270817254764,0.4964859548363232
0.9375968663311612,0.3490453269917884,0.22687909758410213,0.5009356009772306,0.489362349978047,0.5058318454631061,0.5056286693127412,0.48607209171037363,0.4996558174559378,0.5034704305406796,0.5049964526973139,0.5028930014735892,0.5054965789082434,0.4967237964367467
0.9776366305982906,0.21082127160320646,0.13521258219831733,0.5036208222338787,0.4993041695858537,0.5059613791058232,0.5051029332226955,0.49644294880232076,0.49967140731960746,0.4999859440114279,0.5000724878375323,0.5025677379836251,0.4987870885577938,0.4963276632535183
0.6353898993635965,0.7737080179179758,0.5622915197229331,0.5003501948204724,0.4971243929065542,0.5002901701208817,0.5019101116710323,0.4698382329066618,0.49840940160202346,0.4968327145657855,0.5125862335576055,0.5046216701133559,0.5070771378558183,0.497307973834503
0.15769684293942393,0.987683200203213,0.8992058808669181,0.5011429630733942,0.49409579078943233,0.505667909195634,0.5053230945069758,0.49826616688005493,0.5003737265189074,0.496628793111379,0.49616087760184935,0.5042330898583659,0.4940100274944903,0.4963250425297535
0.04032156670765966,0.999572144052939,0.9743334215238315,0.5036169772128418,0.49668836299175456,0.5043206364409962,0.5126212074444548,0.49834470784351065,0.5118823287002895,0.49671063318702674,0.5011113526300504,0.5044737388950825,0.49878929768440516,0.4976338499459339
0.32061000583036336,0.948128019721781,0.7924111769872191,0.5011466338853082,0.47710075296070475,0.5057605776414988,0.5053736165593019,0.4961922317711288,0.5000489730091331,0.505256551281456,0.49602064862959167,0.5042330898583659,0.48733681622384184,0.4933375579827022
0.45558758256212156,0.8906133212419175,0.6989808224440721,0.49874456109013393,0.5016040704400334,0.5052576684223367,0.505434951779368,0.4937735155223666,0.48541393095774715,0.4967976024868065,0.5024678109252761,0.4985950347497835,0.49382433916354546,0.49741458475351447
0.13199765539873526,0.9914517390459082,0.9157386749697725,0.5036594823611363,0.4993041695858537,0.5084385471620446,0.5057563879066098,0.49643904604303607,0.49967140731960746,0.5033633161420877,0.5021508531146741,0.5025658454541034,0.49426163500522685,0.4963276632535183
0.953892052150668,0.3015059684748402,0.19489656614160816,0.498680546088115,0.4881983337290602,0.49868162585012527,0.5060660281798847,0.4931906034085496,0.5003241734256935,0.49659725521405834,0.49546637163788726,0.4931555213393762,0.5095041182857338,0.49646033342885076
0.9940608835764219,0.11330983875350051,0.0722544064589505,0.5077060874452781,0.48849601627774614,0.5057052750331109,0.5010443900378139,0.49268511375958784,0.4995572711402603,0.4913860496086227,0.4904654607216075,0.5020545892173478,0.5060123829354,0.4963382582049877
0.139083893912991,0.9907644021863778,0.9112112767221948,0.5005066700777745,0.48799016274081836,0.5062321950646963,0.49070419905447094,0.49328277326396947,0.5009633256649029,0.49679414454893633,0.500096274682349,0.48832628625410296,0.5035358880911828,0.4979405724970566
0.03912105529490229,0.9995888239425198,0.975097227505499,0.5020136943083775,0.4991557665710913,0.4901210395632019,0.5054657735153338,0.49640257280893146,0.511746632403129,0.5052778522280912,0.5016874574498857,0.5026156505590522,0.5054398375244964,0.4980566810932288
0.8889556068148087,0.458347702753252,0.30306381583496467,0.4993824254158258,0.4971337740800365,0.5002901701208817,0.5064307895356465,0.49892505690445893,0.498409381738395,0.49709837397878537,0.5048582249203885,0.5045516884149657,0.5070593762309717,0.4975434448246678
0.7682067253969824,0.64276638319285,0.443550731127378,0.5034298223692829,0.5331816342847249,0.5103211187638296,0.5056988316598865,0.5152107284730717,0.5009824671763365,0.49163459475944754,0.5016997201297451,0.5044391371464078,0.5073553582366298,0.49640101371854134
0.9808602048479447,0.19516450596270665,0.125037010765954,0.5020656553793489,0.4977439397680654,0.497835353359897,0.503791078061502,0.4981564310529274,0.500995565377681,0.4967071352251117,0.5019896327803054,0.49944804705189944,0.49401984098202395,0.4979297592160024
0.3228194289136547,0.9467125332724318,0.7907904580056182,0.5009112124358596,0.4968149099029204,0.5005527986319677,0.5019129803920275,0.4988910133704924,0.49995437914652063,0.5050440684660876,0.5035977251594346,0.5030347891582514,0.5054497752433575,0.5120418174029003
0.5738116294068291,0.8194609507682971,0.611101261716505,0.5004660223327082,0.49681044872735924,0.5048701311298,0.5052010149353756,0.4961807093527624,0.5012333790666111,0.5047680694441558,0.49027107754618443,0.488427632370386,0.5073082659388367,0.4975590014488156
0.4119775092454166,0.9172883331049684,0.7312659949971676,0.5038089234173799,0.4894636385238189,0.5052474165409778,0.5036300062031213,0.5054060521401388,0.499567805591785,0.572936645656732,0.4970924433216544,0.5043136360992676,0.5030963866057904,0.49795289974434565
0.7627593131339059,0.6474554592005117,0.44806337899520854,0.5004297938074788,0.4916537712566087,0.50626399806625,0.5034364566625277,0.5153425866063555,0.49921255954429306,0.4971031613694612,0.501984364936843,0.5091595389920331,0.5063385822479618,0.5025952534752799
0.22254386324473546,0.9755383522541726,0.8572150582388681,0.512375257068818,0.5016040704400334,0.5056050587360909,0.5082685154015191,0.4937735155223666,0.4850567425609493,0.5055800947129796,0.5022958676383674,0.4989773637401591,0.49379274511482446,0.49741458475351447
0.9994685695615886,0.039061981483626065,0.024868195619149495,0.500938750071946,0.5019550316199193,0.5059080362796426,0.49091664841886373,0.4981563205188374,0.5009965873668516,0.4967323911643206,0.5022798404814318,0.5049621441634069,0.507147193081574,0.49632371705236056
0.001448555418607205,1.0002006000758608,0.9990780065758424,0.5028727548596734,0.4968563121083653,0.5050962577496164,0.5034857483438302,0.49506946408111036,0.49993836695040106,0.49113263471040736,0.4954299403569053,0.5025548193787662,0.49864660225994045,0.4963664260321298
0.4362690457257416,0.8999622573761903,0.7126397324810188,0.5003501948204724,0.4968005239161049,0.5002901701208817,0.5019101116710323,0.4989044390460277,0.49840902853088476,0.496536285015762,0.5049086320080255,0.5046216701133559,0.5070771378558183,0.4975499603409986
0.24020269308095846,0.9712944285550847,0.8456595508935303,0.500952864022305,0.4970999507063249,0.5039611148301534,0.5176801072746383,0.486958639826513,0.5009584938739168,0.49998892992686017,0.502130077674576,0.5017323800502044,0.4941253933157794,0.4979248549787792
0.9054624595808161,0.4282113069588622,0.28122670555840334,0.4634417166877312,0.49681503689780016,0.5004106511111036,0.5007908608486378,0.4971975189715872,0.4999378381094471,0.5050440684660876,0.4983135450354019,0.49319888598658296,0.5054450432164778,0.5123612490903483
0.9999301984303361,0.022832347870458437,0.014534013170553195,0.5028990047491324,0.4977489246877944,0.5051459359407972,0.5050992816821956,0.49646769819460307,0.501008666464695,0.492997840367858,0.5020496782319566,0.5030140911831705,0.498664971698493,0.4931230252754607
0.5242131079504618,0.8517296599597248,0.648766618139992,0.5003501948204724,0.4968005239161049,0.5002901701208817,0.5019101116710323,0.4989044390460277,0.49840902853088476,0.496536285015762,0.5035884870165419,0.5046216701133559,0.5070771378558183,0.497307973834503
0.3606892396203308,0.9336913783339524,0.7653136217349105,0.5091630243461175,0.5199803534509706,0.4905917365312722,0.5052336788895405,0.5164685370018178,0.5010596224137801,0.4997764314811708,0.5019046829715459,0.504890852091763,0.5057228097618772,0.49756023237909736
0.9969569448924951,0.08171781461278597,0.05206557422501207,0.49691448753858913,0.4971337740800365,0.5002901701208817,0.5064218544506573,0.49890035132278554,0.498409381738395,0.48935853505148835,0.5048582249203885,0.4932978704020705,0.5070593762309717,0.4975434448246678
0.11591776948427737,0.9934828777118507,0.9260547156271324,0.5078391623227823,0.49681503689780016,0.5004106511111036,0.5007908608486378,0.4972129253939992,0.5009654759932113,0.5049837138309007,0.4983135450354019,0.49319888598658296,0.5054450432164778,0.49384545955711634
0.9732828105812389,0.23113515540861299,0.1484347902387236,0.5009819308943619,0.4933939742857375,0.5025352971603352,0.5038235980434062,0.4980669091555582,0.4995353431708479,0.49669997578927816,0.5035464446244268,0.5043323069575403,0.49809237198776607,0.5153591498129526
0.9263964990166041,0.37742913723555993,0.24629764751946145,0.4989406101414567,0.4880649469478017,0.5016810005739893,0.5037305551569637,0.4962082086603655,0.500385842394992,0.490733733702131,0.5021425831262007,0.5048940955547023,0.49388066275679393,0.49779351529404037
0.6748042639544669,0.7386475981496609,0.528735554007397,0.5036598659529502,0.49682469793361383,0.504906428240784,0.5063996466001065,0.4962645354134791,0.500020310888932,0.5175526576120791,0.503495915767508,0.5014093219340595,0.507050333180385,0.49756101189181606
0.783779868467522,0.6217007185966236,0.42690826641183344,0.5094246349575797,0.4975114832148438,0.5051265886919228,0.5038477868568367,0.49646769819460307,0.5055462163381755,0.49290193226830287,0.4932428635834239,0.5030140911831705,0.490929768005722,0.4933283077397653
0.6591198024001791,0.7548377247146465,0.5430303554397901,0.498841836708196,0.49163683511121103,0.4884364817825254,0.5034466472593921,0.4982727129709289,0.49930518915660443,0.48934668128192826,0.4960639958078421,0.5032034705142368,0.4582554180181426,0.49775725365239515
0.8875674358030635,0.4611567586271691,0.30505783383686436,0.49886316675191955,0.4874868512279975,0.504433811590053,0.5003083313838018,0.49826948601264814,0.49845379729975586,0.49698957605676053,0.5001092226626911,0.5026550656715195,0.503944856913221,0.49754360157280225
0.7833811923541634,0.6224724712497113,0.42745060142206154,0.5094246349575797,0.48845661104590926,0.5051199846731296,0.501793401961274,0.49264854979200534,0.49966319228519923,0.49139176473545393,0.49054410857398834,0.5020564878993475,0.4906282610733825,0.49580096924064426
0.44917902482266564,0.8940125766087943,0.7035962165988408,0.5116406221771408,0.49694429857160205,0.5139316674172385,0.5082782982941556,0.4963304884798672,0.5023417892104911,0.5053742126046595,0.5000750103755053,0.49897773165114845,0.5068254223067983,0.49733913459082035
0.029133244989102112,0.9999228803477029,0.9814570154901103,0.500261831332937,0.49124425074867667,0.5043259643311363,0.5017360097879637,0.49362640217719905,0.4995839403941583,0.4930320439659257,0.4955154321595001,0.5027464707419416,0.48873082786585637,0.49782292035856374
0.3108623459981745,0.9507896404178297,0.798830580698914,0.5011466338853082,0.49760375867468354,0.5057605776414988,0.5053736165593019,0.4962629899765788,0.5000545322461285,0.505256551281456,0.49601975372920576,0.5042330898583659,0.4873455296473297,0.4963250425297535
0.9761511398258278,0.21763015559745386,0.13964871800058515,0.5020656553793489,0.4968419472991243,0.49847131133855854,0.4989507181958176,0.49624173167002605,0.49964088524943134,0.4967071352251117,0.49571343437880205,0.4994735330206103,0.4934968013578535,0.4963611338743194
1.0002493568419832,0.005465573281796455,0.0034785899791650032,0.5021865678890892,0.49765657501309774,0.5051447237042305,0.5051267646929902,0.4961820758141292,0.5009941476793547,0.492997840367858,0.5020113077416853,0.5030299754227743,0.49127356721422544,0.4931230252754607
0.9602161675764369,0.2803043269887696,0.18081635636788923,0.5004237023676581,0.4908086674681195,0.4987403327015969,0.5051267646929902,0.4964842610732303,0.5008935972251359,0.49160933675417623,0.4947488907672552,0.5030390512798262,0.5073596921902839,0.4976143267849931
0.0468092834612539,0.9992560398391448,0.9701998830934433,0.5020012151908061,0.4991557665710913,0.4901210395632019,0.5054657735153338,0.49643901220199604,0.511746632403129,0.505254531666021,0.5016874574498857,0.5026156505590522,0.5052591387916765,0.49799968034864805
0.1710579758031142,0.9871618498110414,0.8907695318107537,0.5034674443254091,0.4897949245248322,0.507507364627685,0.5058229066687838,0.4962537855116739,0.5008942195854597,0.49271312959047836,0.5024235741913285,0.5393737071862963,0.49384238333124003,0.497884348166047
0.99917901508345,0.04998470770437453,0.0318208724233129,0.5034094628625215,0.49365585560800673,0.4868465395159908,0.5042282750264774,0.492599278028658,0.4996522491992326,0.49076535232066626,0.49831068630712017,0.5026872219829523,0.5054634610591577,0.497625833125329
0.13861987422462135,0.9913365684286974,0.9115541133910223,0.5005066700777745,0.48799016274081836,0.4836547586680652,0.49070419905447094,0.49658435704833587,0.5009633256649029,0.49677682316308625,0.500096274682349,0.5032435912140861,0.5075940831598234,0.48019864335277085
0.41441903587397083,0.9103313035623313,0.7280342577137996,0.500928021204336,0.4894636385238189,0.5052474165409778,0.5036300062031213,0.5054060521401388,0.499567805591785,0.5003133421280674,0.4970924433216544,0.5043305813031024,0.5030963866057904,0.49795289974434565
0.3250739362927866,0.9459903561825794,0.7892840464827372,0.5010106971144792,0.49349776406779244,0.4900426554138795,0.5052872173512714,0.49643901220199604,0.4996575504880697,0.49271312959047836,0.5016888257010658,0.5026124852538301,0.49409659593567196,0.497869138742083
0.04250616764462086,0.999456731241067,0.9729413304038952,0.5039673796355917,0.4923719600184834,0.5059643691469413,0.5050763726157778,0.4963862190848478,0.5116195310030618,0.5053105214904738,0.5001144443770307,0.5027171648099369,0.5060470611014835,0.497833632570786
0.9841884068720167,0.1797492381431937,0.1150028288692963,0.5036208222338787,0.4993041695858537,0.49026426005140306,0.5051029332226955,0.49327045264810826,0.4997233189477634,0.49294885753434353,0.5000487649083776,0.4861645322374517,0.49418750078723794,0.4963276632535183
0.7562993240701898,0.6547851911122164,0.4542800169895218,0.5021307181509369,0.4869637737530538,0.5020346563826228,0.5053460979790121,0.4969866802917879,0.5009887793202571,0.5095164547024095,0.49798346163200796,0.5044291167667061,0.5057365588771294,0.49870617299983677
0.17848914577301833,0.9840246054867231,0.8857675194682441,0.5034436060376556,0.5013217434293293,0.5042349015950066,0.5051029332226955,0.49847056801819284,0.5011919940264656,0.499946281424926,0.5025006637653036,0.502631282550765,0.49888008024342145,0.4976288112464252
0.9993624626539769,0.04449648226576205,0.028326702666675602,0.5034966451983928,0.4880649469478017,0.5056883667509278,0.5037305551569637,0.4972600367707296,0.5010594226624329,0.490733733702131,0.5021696292763942,0.49871308638199513,0.5067749641091663,0.49779351529404037
0.6295678463441429,0.7804968567567514,0.5678833749301269,0.44964599820021023,0.4921354771765563,0.5055299074068156,0.5036133792704669,0.5024380007509173,0.5010363421784751,0.49266575285590225,0.49300496565103874,0.5024482472753398,0.4992105117498482,0.49792022798755176
0.9925258894116085,0.12656012326072058,0.08074167784248354,0.4850220626178055,0.4917529420796553,0.5052182581771647,0.49259540838447224,0.4976744984070838,0.5057409797225102,0.4926829864241303,0.5088429515242551,0.4987467526405946,0.4980387798792764,0.4964695941264872
0.9416034126781079,0.33691767172015874,0.21875394590190725,0.5004408240669225,0.5012669668187278,0.498836217330326,0.5052421582284983,0.49844461559223235,0.5009323548741923,0.5010316516330893,0.5023222720918135,0.504182168163549,0.49867560951547796,0.49762817161040385
0.7933991814210544,0.6091855212089223,0.41686303699423327,0.5005819330625503,0.4931471722298624,0.5047109563210367,0.5053432098424411,0.49332869724189243,0.5010675060470245,0.4968776095195085,0.5003867268139556,0.49908669619734836,0.4980875809192049,0.4883163499357138
0.8303659649252324,0.5579888926514291,0.3766698994639048,0.5034677539401825,0.48983791850024655,0.5074355979505498,0.4920644012217935,0.49267410669869444,0.5009352482849406,0.490492343630187,0.503074780172759,0.49870060748549494,0.4942501481840866,0.4973865189870579
0.9386068884915559,0.346120880839442,0.22491075382054934,0.498797803471297,0.4879063116382476,0.5062840271347454,0.5057182235148029,0.4931879590758902,0.5004348525166624,0.5035025151742473,0.5050623947646362,0.493319595770713,0.5054254757098788,0.4964279657769852
0.44150281360140387,0.898673951788594,0.7092879980533464,0.500928021204336,0.4881198122420609,0.5301917478655518,0.5051242535502117,0.4891706464465124,0.4996248443808461,0.5041347522095062,0.504877768392298,0.5043305813031024,0.503101597189357,0.4984125918167784
0.04342707188272948,0.9992927700798535,0.9723512979373257,0.5099455519293196,0.4975638428332539,0.5055230546449315,0.5049790566111635,0.49650995996905595,0.5010723899984385,0.49975083523614156,0.4970467636520966,0.5029951505725905,0.5063109014913322,0.49778841168791
0.8886523478560966,0.4591992504252464,0.30363396421608646,0.4990596257060405,0.4883846037182117,0.5047201169143942,0.5035758476836794,0.501356609010028,0.49954921539157116,0.4921443380552492,0.49382515156304096,0.5024464690113831,0.4993599612832822,0.4979295542238084
0.5836310229791818,0.8126858018147851,0.603510547240128,0.502145328981464,0.4918728733178109,0.5025352971603352,0.5051893560085778,0.4983589560645193,0.505445685866397,0.496746807109334,0.5192325205366668,0.5044358951559913,0.49798360271815595,0.5009852239358442
0.9994521110891318,0.04268956065469613,0.027175398328457362,0.5005582511883675,0.49681044872735924,0.5048701311298,0.5011374003083039,0.4961807093527624,0.4999122067299871,0.5047680694441558,0.49027107754618443,0.488427632370386,0.5074865119794545,0.4975609331015075
0.2244285916575114,0.9748912060320793,0.8559541170105434,0.49874456109013393,0.5016040704400334,0.5056050587360909,0.505434951779368,0.4937735155223666,0.4850567425609493,0.49671092354298885,0.5022958676383674,0.4985950347497835,0.49379274511482446,0.49741458475351447
0.997549572846063,0.07219185695836743,0.0459914802221606,0.5020536952721316,0.4918716838029586,0.5019913848438213,0.5053504348746053,0.49823636825318224,0.5023631853102489,0.49670622452329116,0.4962174661804228,0.5044112160966945,0.4989663581916691,0.501065807111886
0.6632301339857533,0.7487282250818179,0.5385021243696408,0.49881925076202177,0.48775287572101567,0.504433811590053,0.5003083313838018,0.49826948601264814,0.5023320769234767,0.5051707002260437,0.5001092226626911,0.5026550656715195,0.503992654603676,0.4978220496321737
0.2600157832770901,0.9659064775042061,0.8325944534399091,0.5036169772128418,0.49159417930718413,0.5044832076190565,0.5054877042535272,0.498353824072648,0.500964937718339,0.49671063318702674,0.5105277651331375,0.5044080445938435,0.5029123308293391,0.4978643097477141
0.9858911923963295,0.16889446350613613,0.10801178019877189,0.5036208222338787,0.4993041695858537,0.49008954289433176,0.5051029332226955,0.49643904604303607,0.49967140731960746,0.49294885753434353,0.5000487649083776,0.5025658454541034,0.49426163500522685,0.4963276632535183
0.0913488307902274,0.9963266839814716,0.941793855314036,0.5005066700777745,0.48799016274081836,0.5062321950646963,0.49076266169872795,0.49328277326396947,0.5009583734979234,0.49693509973953504,0.504797091892069,0.4880950539060613,0.5035399645286803,0.4979405724970566
0.21262189791494604,0.9773647441126542,0.8636306344855743,0.5036169772128418,0.49668836299175456,0.5043308729331535,0.5046620533561665,0.49834470784351065,0.5053724086351573,0.49671063318702674,0.5011113526300504,0.48952761371113795,0.4987900641491246,0.4976338499459339
0.9998051130732928,0.028407975315207883,0.018083738557233553,0.5028990047491324,0.4977489246877944,0.504444725040249,0.5051022882144147,0.4964177168919671,0.501008666464695,0.492997840367858,0.5020330583390569,0.5030140911831705,0.498664971698493,0.5084543224126179
0.09929850130687966,0.9958888980547418,0.9367327627217781,0.498940928451419,0.478108640073906,0.5043936371035836,0.501011889262413,0.4961809898213451,0.48501838565084304,0.5028875783843939,0.5069039595734881,0.5051297909903838,0.4990545565008496,0.49795634300177716
0.5254971747419794,0.851088871220867,0.647856851752004,0.5003462961228983,0.5050361226207014,0.5002901701208817,0.5019234858940241,0.4988346174646906,0.49840902853088476,0.4964091562496038,0.4888285688695295,0.5046431487581448,0.5070771378558183,0.497307973834503
0.9912287788163867,0.1362230884303316,0.0869450675160714,0.4850220626178055,0.5060591404360341,0.5053345067708749,0.49289726644628085,0.4976744984070838,0.5057409797225102,0.4926829864241303,0.5088429515242551,0.5043659691940254,0.4980387798792764,0.49646542941818306
0.938306716283715,0.34673518874623205,0.22534365797603678,0.5009187801579638,0.48816231223480383,0.49884139304144604,0.5034857483438302,0.49314969761016014,0.4999368674910253,0.49112863898151893,0.4954219587689922,0.502498639802716,0.49864660225994045,0.49636576357251966
0.7645566952941596,0.6454358323026885,0.4463436562638734,0.5034096047254085,0.49676907111049273,0.5103211187638296,0.5056988316598865,0.5153707085631474,0.49995834629283303,0.4909049698351393,0.5020115883128933,0.5044391371464078,0.5070897543285857,0.49640101371854134
0.8751818242098934,0.4840266472307361,0.32161283968653753,0.4989459774904559,0.49763463951656783,0.5056550993022308,0.5050467866778402,0.4972545997254041,0.50098841145004,0.5050124498475523,0.5021735057204827,0.49871308638199513,0.49811305336830425,0.4978163728442163
0.5885634941486879,0.8093934998329512,0.5997402619334796,0.4944053475804286,0.48326293696463135,0.487614562491758,0.5016121029408003,0.49642385033196246,0.5061395230315682,0.5108858013693831,0.5073931478001181,0.49262156041540817,0.5026729176701364,0.49692321830463404
0.7389454684285937,0.6753169608301042,0.4713773996801637,0.4995132965044276,0.4832363935445889,0.49021703322077753,0.5015225493826122,0.49778137712210185,0.48126240952197397,0.4895914786545545,0.49329693195720087,0.4941140623451499,0.5075159979085858,0.491848206178062
0.8571686238835643,0.5162597012494065,0.34511021955391546,0.5059504339545624,0.48989062461662813,0.5048701311298,0.49995415260906023,0.4863155002148039,0.5026620219300688,0.4936567172381323,0.4912315248196157,0.4923910796143717,0.4904891178058523,0.4968838798611931
0.7451106265441854,0.6679247409091236,0.4652596979049549,0.5032148734359939,0.4879507528772178,0.5065199222087902,0.5008715667090287,0.4811635441918699,0.50002360397805,0.4953892844327937,0.4931957253457178,0.504375640031805,0.5033890918232222,0.49784436272119026
0.8184980252761028,0.5751140880043045,0.38992921037280825,0.501997689177855,0.4917990560815159,0.4970791387049628,0.5052164845808701,0.49646392778821025,0.5010252347838307,0.4907798360883545,0.500015385842422,0.5044737388950825,0.5063474796424264,0.5090385069804815
0.4937085073590259,0.8699995788483798,0.6713988796918104,0.5032148734359939,0.4879450294788455,0.5062977210810867,0.5008715667090287,0.4932591362347264,0.5000373843081419,0.49538592718673385,0.5005450353075186,0.4941048330779388,0.5034250418804979,0.49625347795034713
0.9591676620672959,0.2838219271966411,0.18315241236995317,0.5021650977439982,0.4918867235274567,0.49062443342963813,0.5052262473620499,0.4962392729658554,0.501360546217844,0.5025007890653301,0.5067491768106096,0.5036538081969234,0.5029973149431203,0.4983133447172798
0.8676035437265612,0.4985768416006672,0.3320472117674384,0.5020093992914229,0.49197147811456604,0.4970672605659456,0.4908541170140439,0.4965089142770878,0.501360546217844,0.4804066299191376,0.4940603106954604,0.5044737388950825,0.5063522546636667,0.4983133447172798
0.7974754663704463,0.603750834843818,0.41253943167613705,0.5003063809348444,0.49198945852842063,0.5049800565462865,0.5052105276667224,0.4960369771688634,0.5014076093938654,0.5028015190238618,0.5017816193897087,0.5073558417198314,0.5063089685894352,0.4985061212085153
0.47667667432671096,0.8795040679710464,0.68381154381931,0.5081830304737366,0.49179247258690834,0.5019443395091965,0.5054578616679434,0.49614908081195347,0.5054965426815354,0.4907302105315293,0.5015953030401996,0.5044129487798844,0.5063156489893682,0.496368540512371
0.652856231427053,0.7580628216303664,0.5473825028482369,0.5006699644347116,0.49750200708179015,0.5048438886186934,0.5077886307736277,0.4930766133623372,0.5017765096909098,0.48940739551969403,0.5070608445475127,0.5056631224960999,0.49067647066807196,0.4958537618608413
0.36952975767764723,0.9298657046810994,0.7591896351162953,0.5009557338973267,0.4871996533277017,0.5049189037681441,0.5060482265338437,0.4861461035148828,0.49834497899222546,0.5047680694441558,0.49039368455476123,0.4973425123235219,0.5062958228029124,0.49562613087545665
0.6057706201552162,0.7961272324423696,0.5859179088582591,0.4929135293779502,0.491940560113809,0.5052021826899935,0.506407029859939,0.5022837272504007,0.5008708069398871,0.50404172458721,0.4881468280453253,0.5045320313500518,0.4986582796180021,0.49555027589339185
0.839631067779369,0.5434554108375329,0.3657018366420476,0.500020383686515,0.5069583124482887,0.4963296109717796,0.5037602905040891,0.4964318672572148,0.500042500986559,0.4965679368975299,0.5017779366105525,0.5032170156332865,0.5059683562784832,0.4964829532440707
0.6850366790666887,0.7293223077130709,0.5199269767691074,0.5026921907775985,0.4879844184874595,0.49062652859773465,0.4896668960658732,0.4932591362347264,0.5000373843081419,0.49538592718673385,0.5001122113337093,0.4868061444391868,0.4987503997578602,0.4979203427785584
0.5755251580737872,0.8182554982252732,0.6097680183218475,0.5017010366800072,0.5069583124482887,0.5123904858360785,0.5074162888058089,0.5022897172332437,0.5017344212031446,0.5044760848913108,0.5054033458236462,0.5043419878559311,0.506084464859917,0.49648340280982733
0.9178306965434415,0.39786623300441315,0.260400323873554,0.5009915996338874,0.48769155308112183,0.5063270653898998,0.5063613699215427,0.5022859231895114,0.5023262259584931,0.5045091332344226,0.49179562878837385,0.5041229274105956,0.4987944443535611,0.49763615850711507
0.8986188889488479,0.43939546882721126,0.2895236926246063,0.5080205370411831,0.49200131118637874,0.5044773190910643,0.49738642790029847,0.4970570833943282,0.5010259043049513,0.4926738890867077,0.5012883669658357,0.4990391516967054,0.5077363859618349,0.49666907949027367
0.4576099806492545,0.8897930023046342,0.6975975434644828,0.5003043510657532,0.48730091596347197,0.5044378439359073,0.5017198439431197,0.48612288757156863,0.5018386299194786,0.5029462490241184,0.491307411286156,0.49934949136238166,0.49057801540803136,0.4960409835202672
0.28470607044280355,0.9589230756527425,0.8162638492034693,0.49912259341237225,0.4872471501852576,0.49885887152697966,0.4999322544903527,0.49320315903428097,0.4995839403941583,0.492997840367858,0.4954281187826524,0.50284985979098,0.49858830948848226,0.49791834468936863
0.6296980362336589,0.777638144917201,0.5666770089262451,0.5075537011245633,0.49225646785123484,0.49021555617883616,0.5058541553671569,0.4846836014000791,0.5053745201322071,0.4908239338398537,0.5002397427419017,0.5049493413181371,0.49908216682654244,0.5002399411313814
0.01843216306190625,0.9999710139253636,0.9882667091375931,0.49894968812814333,0.49769529357030984,0.49885887152697966,0.5028031873305169,0.49362640217719905,0.4995839403941583,0.492997840367858,0.4954143783771653,0.50284985979098,0.49858830948848226,0.49791834468936863
0.24584537614757113,0.9699341167245356,0.8419666761366391,0.5003037251334499,0.492171128944123,0.5085630701500478,0.5017757184488133,0.49329410204040286,0.49091624522724386,0.5025442328828321,0.501655495654904,0.5155151774704144,0.4904820270408186,0.5001162624094492
0.3441728340733136,0.9392950772947506,0.7764039208426059,0.5079908124568989,0.5119310057486532,0.5056878924986371,0.5011376376636887,0.5036056961816978,0.5007607060921275,0.4951753052130201,0.501659947492263,0.49430293469737274,0.5069708769037293,0.49787549388257796
0.20130030335346275,0.9796755932987654,0.8709852928021752,0.5029189249185073,0.49682843230749146,0.5056287344462214,0.5054958097674659,0.49659761003474967,0.500014387358563,0.5045447241084617,0.5004947009800809,0.5025819343506254,0.5032162015547191,0.496383606768027
0.5628252295514021,0.8269292766567762,0.6195553789811561,0.50053836185197,0.4969150781050292,0.5056854881907784,0.505758578925964,0.4926877836250414,0.5027158942784254,0.5033276622665,0.49049278526431,0.5027104818379765,0.5059461462348023,0.49656632291079
0.14294993217612637,0.9899651721572974,0.9087038232115837,0.5009790931358521,0.4919789606399357,0.49935535347737703,0.5076169079237387,0.4960249395109928,0.5009137291973098,0.5028659242054325,0.5015187663061482,0.49328506805936984,0.5055863786124888,0.4976224334251719
0.8095007030897649,0.5877288404325992,0.3997900193380445,0.4988635504319983,0.48802706187785855,0.5041819874300356,0.5057220292613577,0.4931563063791339,0.5004482852303038,0.5030141760502229,0.5046792654322051,0.49289567491023345,0.5042113248929824,0.49586152833157443
0.9894443620017134,0.14594172900144142,0.09322836134743084,0.5022390976271487,0.4918793776759589,0.50198761580828,0.49724428969850004,0.49705313666180767,0.505521622799844,0.49670622452329116,0.49779283403128927,0.4996293356975764,0.4990682044037161,0.49666015261137814
0.3932559482135404,0.9196728576842468,0.742758290263051,0.5034415367671334,0.49881730726605156,0.5039582051579911,0.48877396194855993,0.4975978533058094,0.5027446837097063,0.5030689548120172,0.5009190781257846,0.5044199717134342,0.5041101815165624,0.4969591001588519
0.5286157271332564,0.849292947355273,0.6455677517893528,0.5009220116299338,0.49731948122152464,0.5048321707495713,0.5061419098074933,0.49626531998583095,0.5009575542439734,0.5000161862836843,0.49039368455476123,0.488495236310011,0.5072599888115599,0.49772843653524756
0.7166196406751847,0.6985894216790779,0.4918896979695349,0.5077081842720645,0.4915847437137718,0.5016429861451436,0.505099503021162,0.49657801275883123,0.5080671023149934,0.5000024084022981,0.4785906597736782,0.5044738724216177,0.5083268162453266,0.4986961020265371
0.9296885139440206,0.3691270101371463,0.2406138088953691,0.5086946660767745,0.499051774241224,0.5034191104413306,0.49996960892473435,0.4939372720740295,0.5021716821319546,0.4909059336526281,0.5004988711445848,0.4928153777032337,0.5042522631599852,0.4976787971802776
0.8785977275013663,0.4779280037669144,0.31716359279367967,0.5034094628625215,0.49681503689780016,0.5056871141844845,0.5007908608486378,0.4971975189715872,0.4999378381094471,0.5050440684660876,0.4983135450354019,0.49543298544368125,0.507065706143063,0.49640931194763005
0.939403922555939,0.34341099479374465,0.2231169437315546,0.50055716986114,0.49190245244036496,0.49945622548315743,0.5010127507995005,0.4936183359182107,0.5016079872767045,0.4920537967220074,0.5016686555024044,0.49909000395434544,0.4983235041457098,0.4949680205840231
0.9999835754630547,0.01756199267720523,0.01117934614702809,0.5010747355455153,0.49683611287206125,0.5052277311321677,0.5017513229556086,0.49834981782203996,0.49285030016521786,0.49640941913857567,0.4985214973072838,0.5038186302736095,0.5027929001521192,0.49778311517788243
0.9792380547164434,0.20521522512260118,0.1315108162223983,0.5036207898629321,0.49154424754121245,0.505544173641157,0.5036135814160635,0.48716613718831175,0.4859713082210734,0.4999859440114279,0.5000724878375323,0.5024291531757324,0.4988327829134806,0.49640673520085277
0.7695853814200279,0.638827386909546,0.44106473078046354,0.5002447313555761,0.4964097571900299,0.505681816990955,0.5007908608486378,0.49642534083849327,0.49749738203014093,0.5055896875505912,0.49807646641411124,0.504107809047547,0.5076643873361905,0.4976404764825499
0.7884767010451479,0.615482730459437,0.4219499980123017,0.5094170128836915,0.4918716838029586,0.5019774014195508,0.5053502846018424,0.49823636825318224,0.5055030046954013,0.49670622452329116,0.4979540897267214,0.5044209817029798,0.4990271341470011,0.5010058250933931
0.8899471063048997,0.45645133487773243,0.3017017587149545,0.50055716986114,0.4976569473974322,0.5056383766249974,0.5037763343108587,0.4961809898213451,0.5009728390311584,0.5048989986466904,0.5021790168419095,0.5044129487798844,0.5059911699406804,0.4949680205840231
0.9698043764255009,0.2452167886193235,0.15766583223069258,0.5020012151908061,0.4935935826654136,0.48807519119769727,0.5050981266985188,0.49642989597285875,0.4996575504880697,0.49271312959047836,0.5000183422568455,0.502679785682353,0.4941784827412666,0.4976386789403028
0.8492920929244735,0.5297975034846897,0.3550706281222478,0.4989459774904559,0.5270789955165651,0.5056576604031882,0.5058019386070823,0.49262748120097966,0.5031527393001932,0.490733733702131,0.5021735057204827,0.49871308638199513,0.5054025631137573,0.4977737708565805
0.6758279628522886,0.7372745232440939,0.5276649914980219,0.5035982738936382,0.492355169755627,0.5039558192825749,0.5011806196798927,0.4970189423669073,0.501014608947821,0.4926940311351859,0.5001448825394541,0.5006651685299089,0.49941314104418927,0.49754400870513615
0.9084485207832698,0.418825756907243,0.2750145944634489,0.5036319768732628,0.49233331396370883,0.5050824494503748,0.5057641027743581,0.49619363971204006,0.502780325950915,0.4891436968079267,0.5005297745099441,0.4990281828905647,0.5083839222136345,0.49795403100019225
0.6970339225335653,0.7174429756058824,0.509184953961108,0.5010265634449876,0.4914652251118004,0.499162507680525,0.5077532396423636,0.4928985344016586,0.500051583253128,0.4910465295045173,0.4964317303466926,0.5025036827347616,0.4986882541952688,0.4979302248888011
0.6176663154870776,0.7869273125446598,0.5763479233677419,0.4992336691569989,0.49252689527618115,0.4875131734159467,0.4906372577456452,0.4934847272759841,0.500959585273649,0.49671063318702674,0.4978358433877105,0.502103466431946,0.503599156013847,0.4973932844102004
0.6393600389117903,0.7690792885172193,0.55846862837222,0.4990593833388397,0.49680952029534003,0.5048710653035974,0.5038339803569437,0.49638712334256174,0.5011869647454581,0.5055415745063738,0.5041323457919997,0.5038864455123291,0.49903851511694614,0.49791904848866386
0.5477676820969261,0.8383997791493394,0.6315716203146685,0.5118196361125714,0.4918716838029586,0.5003871405602162,0.5287807151649048,0.49823636825318224,0.5056196042817742,0.4967074810656502,0.5001316293929037,0.5044099127981834,0.4990274840339975,0.4804930495751961
0.8291223752017408,0.5597340036693007,0.3780330761853057,0.5082984215412095,0.48698752075206814,0.5056887274351876,0.5058596735242415,0.49702590679914654,0.5000483941614356,0.504400258343304,0.501984364936843,0.49883855491354756,0.5057365588771294,0.49870617299983677
0.41755102313561704,0.9088434033783173,0.7258274818070481,0.5003584431758268,0.4923460564934161,0.5053720353309645,0.5036368251329957,0.5054060521401388,0.5009615043276955,0.5000857174375467,0.4970924433216544,0.5044038113767472,0.5030963866057904,0.49795289974434565
0.5139250668796794,0.8581546368819059,0.6564863888385818,0.498796912783693,0.49223863030079945,0.5075750175882513,0.5057216309647851,0.4931879590758902,0.5004348525166624,0.5034274119372454,0.5049977248387338,0.4990122523766097,0.5055777828693322,0.49736730824231123
0.7289528909804914,0.6855335879455007,0.4804643520242281,0.4988394974331488,0.4874205780258501,0.5065726800774025,0.5191800079586644,0.49826948601264814,0.5023271247564971,0.5053116554166424,0.5048070937578137,0.5036605111327848,0.5039955931718841,0.4979189791140272
