1.0006151344314111,1.2210193300947087E-5,7.768471824928314E-6,0.5006373399760421,0.4878852248869221,0.48421908814991343,0.49865093049235737,0.4963111725859116,0.49374184761643325,0.49611591064827554,0.48816319368518213,0.5002518652347536,0.4990293269152578,0.4971487432314541
0.5813074585342907,0.8139172006679292,0.6051690104634407,0.5017237102516583,0.5085344563547687,0.49789842656272415,0.4983736803545281,0.5056659135442373,0.4970332592772641,0.5025987923661883,0.4960537819821076,0.506481393692601,0.5003372031458666,0.49875696527088537
0.9493580495215148,0.3159826100467714,0.20454902342946193,0.4840715472891967,0.49125324972203877,0.49795018062514085,0.49842478138626645,0.49618109423155793,0.5018816631654364,0.5063490162034042,0.4889355248754964,0.49860780160393675,0.5005245837767828,0.4934635890401674
6.299649790658733E-6,1.0004591895754047,0.9999959913591104,0.5029662215173428,0.4990448165241962,0.48601097807095034,0.4971664231294249,0.4962730715962226,0.5022286919671721,0.5052931640560702,0.4939007599427114,0.5125046622903057,0.5005246370383778,0.4977550821765058
0.7077402713978994,0.706731940786482,0.49954617482758246,0.5040089614039648,0.4971082883509783,0.4984285171022988,0.4990145400387422,0.5056873889921676,0.5066539690905709,0.500544641238102,0.504999653259841,0.5064342450057112,0.4972807219295444,0.4978636790964965
0.9961984387877614,0.08979089615074033,0.05722616127601949,0.502152077220962,0.4925805501557716,0.5054349260414926,0.5012766497698988,0.49643551238171235,0.502003407041985,0.5071965032853847,0.504389651286526,0.5070793435865538,0.5012363180152852,0.49743723482690294
0.19662083228725108,0.9809351337344228,0.8740633983484938,0.4840715472891967,0.502190856882775,0.5053701063665734,0.49842478138626645,0.5075140391146353,0.5018816631654364,0.5063490162034042,0.5069941459797135,0.49860780160393675,0.5005245837767828,0.5023166033967281
0.8137100626253551,0.5820857366253005,0.3953105965226085,0.5179207203649364,0.49745908516910553,0.4981511587298961,0.4985079339394268,0.5070198732836437,0.4996030756855407,0.49417152836058703,0.4951738564569632,0.5020593932152445,0.5013501079860624,0.4947267278387439
0.3171993035351752,0.9493826319434425,0.7947216949293022,0.5021650175593076,0.49242606055291316,0.48854909689879755,0.5027206769628253,0.49738532804381813,0.5092467871223612,0.47579889824912175,0.4936842462326648,0.50597691065575,0.5018729913898075,0.503631572991921
0.980966429930408,0.19560094446643703,0.12529624553431373,0.4994645684735023,0.49585866428671843,0.5009004996566714,0.5007420902806643,0.49643172149128106,0.5035484491119545,0.5094865937114411,0.4961066825639776,0.4888714183902002,0.4993269786748101,0.5019544496696786
0.09183850045682714,0.9961101779029964,0.9414709476493626,0.48974674511312,0.4960235109467706,0.5029729063766906,0.508373746434829,0.4945297354424154,0.4935381074836863,0.49525639756402556,0.5016547578111463,0.5058076286416403,0.4992754984300542,0.5019415179771066
0.8951210387329044,0.4462498116730467,0.2944210469910882,0.5012963873848931,0.5020888659964372,0.49771310133228686,0.49923360430294483,0.5052638048173717,0.49950671689446624,0.4944087927196208,0.4942879854474518,0.5083985595182936,0.49724188495397637,0.5029020977423286
0.45205669185158553,0.8947371635955769,0.7021698293008206,0.5169130672573592,0.49689568555066094,0.49807672846270895,0.5086565769608588,0.49692256590536826,0.5440783756050075,0.5064058612638839,0.507069089895146,0.5020796922285051,0.5014418807570212,0.4947267278387439
1.0000530697032093,0.013561019205025431,0.00863222574473016,0.5005979591638956,0.4955752295846706,0.5014742606490267,0.4983607210292696,0.49597383542443074,0.4999842492605671,0.5060096363159962,0.4955119234092456,0.5063241875718115,0.4980796349265884,0.5020155470609083
0.003279664667980338,1.000234917980276,0.9979125984761689,0.5018356373975216,0.5027515131124494,0.5067744512515862,0.5027462634678076,0.49617922384056135,0.49676907492461925,0.5020229407896108,0.49474152361218965,0.4975180851331864,0.5004868513980317,0.5106179689519901
0.2262163768702873,0.9760763878170658,0.8550160820894559,0.4840715472891967,0.5014168789202479,0.5054343020753286,0.49887404520100914,0.5086118173285997,0.49561989170732335,0.5063175834120593,0.5069941459797135,0.5070124671853374,0.5005245837767828,0.4621921392957855
0.9781990737288445,0.209142531985058,0.13409274216765993,0.5006049284324894,0.4956760737370894,0.5015965026561294,0.5029527384915453,0.49618382196377925,0.5098565395480101,0.4941411668114579,0.49440861461523167,0.4959458067832627,0.5006062993127587,0.5090845034733592
0.3632195779522716,0.9321596672962524,0.7634603815486363,0.4941731245655321,0.5024477495323233,0.5048364615632713,0.508368532175081,0.4945765798733979,0.4961130520735732,0.48554503555889905,0.502889186074715,0.5049591477342275,0.49935874278816894,0.5021854123979376
0.9959379345649625,0.09219869617519139,0.05876741186269298,0.5025274508113288,0.49256421144701173,0.501252844644813,0.5008354608780666,0.4960052238872151,0.5020027161084051,0.4939588571761757,0.49335439725301955,0.5051148895272848,0.4988400406909602,0.4979065537714443
0.06930723594421999,0.9982167298251821,0.9558696422966155,0.5006431114279045,0.4968960641807607,0.5046631404539288,0.5136917470294445,0.5064134193000838,0.49454773156554527,0.5062012739251431,0.4954296567342786,0.5084249068452253,0.5139645445272175,0.4978960019525753
0.9465967902397626,0.3279714750170892,0.21233208012474541,0.5293656153657449,0.4976535009985063,0.5054349260414926,0.5012766497698988,0.49643551238171235,0.5024378463749668,0.5071965032853847,0.504389651286526,0.5070793435865538,0.5012464941770275,0.5276291003801735
0.8114675372680932,0.5851836776877696,0.3977441443857065,0.5179207203649364,0.49745908516910553,0.4981511587298961,0.49864026748292434,0.5072883193687948,0.4996030756855407,0.4960703224269105,0.4950833351661314,0.502060545653971,0.5013501079860624,0.4947267278387439
0.5856457413668144,0.8111475187399528,0.6018982683629569,0.5120294707383123,0.4977873606775953,0.49814938741400927,0.50211984066595,0.5068661215923767,0.49960460852003746,0.4944888214662882,0.5079176141269631,0.50224636541198,0.5118638606041549,0.4948208453224724
0.7172365081095858,0.6974264449488866,0.49108575394453124,0.48374214292118906,0.5021874485183064,0.5053701063665734,0.4986854537748822,0.5034397048781243,0.49859170417925935,0.5063490162034042,0.5069941459797135,0.49827389428540625,0.4972365792392069,0.49841473374640644
0.8694677396792658,0.49441003295502334,0.3291565309550891,0.5016578910127788,0.49745908516910553,0.5013285637947188,0.49549946622850494,0.5003004659172944,0.5066258676486893,0.5035085929759837,0.4958127089053066,0.5090157534385796,0.500503500548961,0.49540697773765013
0.4433472665071953,0.89666175503694,0.7076696992535514,0.5040089614039648,0.5120383142385596,0.4984285171022988,0.49901794938508753,0.5057284506639401,0.5028360607037284,0.500544641238102,0.504999653259841,0.5066365473344353,0.5005708103451441,0.4978636790964965
1.000009198326504,0.018574444740536166,0.011823390435447324,0.5014408406543602,0.4913542676492051,0.49595820837253607,0.5012384232989111,0.49709129122586,0.4997275901119094,0.5066087805666576,0.4963528106970793,0.49682505617841316,0.5012618577148391,0.5031316231459303
0.9874495353214756,0.1599164735333554,0.10221251422660088,0.5005891365744468,0.4961261495771055,0.4928876204820364,0.4956544810396949,0.49643172149128106,0.5035484491119545,0.5024735408090347,0.4961203239778397,0.4888714183902002,0.499305004560476,0.49230350306499165
0.3079809053540904,0.9518428525695395,0.8007816702411161,0.5016578910127788,0.49745908516910553,0.5013285637947188,0.5029763854958252,0.5003004659172944,0.5063773633277426,0.48411123754119245,0.5050914798898376,0.509233731752049,0.500503500548961,0.4980114965218302
0.10831213066766561,0.9943608052059649,0.930927629053134,0.5006357194756474,0.5014369544611139,0.5063910701781296,0.5030539394230368,0.49641388079920085,0.5028525175596391,0.5064425897315655,0.5036577018789635,0.5100821332342568,0.5014183233805698,0.5032015147156795
0.02583517209992814,0.9999519321917937,0.9835556863206172,0.506725481907847,0.4971080154351785,0.506941257773695,0.49891034995497135,0.4961319663127405,0.5066525775192766,0.5006037292364732,0.5091672432921485,0.5055839480983532,0.5020841801374049,0.5018737512767363
0.7678128480254658,0.6412184855915473,0.44295608202006664,0.5120804909889817,0.49686054824113746,0.4980969004168037,0.5023375206974591,0.4967143145580109,0.49960460852003746,0.49038527260037856,0.5083970795169616,0.5020564132961723,0.5013517228002959,0.49801130514646175
0.45526469971993494,0.8907703959950453,0.6992092783705002,0.48386937858363493,0.49738790158652824,0.5012598105222553,0.49868886312122757,0.5034807665498967,0.5018816631654364,0.5053632365724008,0.5069941459797135,0.4984761966141303,0.5005243251274989,0.49838981639101504
0.9288089179949571,0.37639478669812765,0.2451109505224231,0.5040220545567548,0.5025454008097217,0.49889670536890107,0.4983592666608602,0.5053150667003409,0.5119404334068326,0.4994529517759947,0.45656704888616906,0.5094387598144706,0.49909543783875093,0.5017699566738654
0.5689380953045254,0.8229488931184046,0.6149146159219305,0.5013834904056041,0.5080636956284766,0.48581459295873275,0.4966982436217604,0.49618382196377925,0.49710500510419253,0.49406251039472676,0.49440861461523167,0.4959458067832627,0.5003439288191317,0.5090845034733592
0.9169935948600201,0.3997030356641671,0.2616847471534159,0.5067630527577475,0.5022204229176087,0.5017057337395386,0.4987546976964098,0.49467024772501866,0.49629425248190334,0.49641875835412497,0.509848905143834,0.5095787318358659,0.504041894044691,0.4978435689955899
0.6761950344929244,0.7369113969025205,0.5273365657392135,0.5012962566942314,0.49793852541176237,0.49827125013530793,0.5021248140868388,0.5051098600951348,0.49955233645798974,0.4944736360700763,0.5043208130613459,0.502593259410569,0.4972070060533336,0.49403546024669037
0.994315089084856,0.11065400082527888,0.07055696501950051,0.5179207203649364,0.49582867405015385,0.4981388168575426,0.4985079339394268,0.4964773184382226,0.4996030756855407,0.4942252939595828,0.4951738564569632,0.5020593932152445,0.5013501079860624,0.4941873121513676
0.16964424332361505,0.9859636391632033,0.8915257452678482,0.48599543562105163,0.4958470329674937,0.5050542212756411,0.5007620243572417,0.49647249815597005,0.5036434613481987,0.5092563413756619,0.49611222367113306,0.5067168441598251,0.5026248963430698,0.4942024205180089
0.3138643134253405,0.9497560876588241,0.7968101665932033,0.49909684811120414,0.48974224893139107,0.5064991358118852,0.5026765080185988,0.4929443042165532,0.4970571883811642,0.4947381164436507,0.5051477467128265,0.49871581139364735,0.4997467487836251,0.4980260149480678
0.12358656198168705,0.9926150188394209,0.9211427993216131,0.4992389545783371,0.4960235109467706,0.5051359238469728,0.5089320644106825,0.4945297354424154,0.4935381074836863,0.504202646387995,0.5015298999963398,0.5016354965576496,0.5075172230474237,0.5023771221248126
0.01737944654542787,1.0000585306572245,0.9889376618026797,0.502174203065028,0.5025384267833335,0.5053640407709276,0.5012766497698988,0.49643551238171235,0.5020648730687041,0.5071845520767254,0.504389651286526,0.5084857005832796,0.5012363180152852,0.49743723482690294
0.9996741420508255,0.03286585192960494,0.020922335412575224,0.5020040733473382,0.49236409527850145,0.5054349260414926,0.4992429217164847,0.49705950783632763,0.49625016279931705,0.5037016485192722,0.49368536550542,0.506364516911224,0.5012607604456933,0.5018542345943566
0.39581115507532405,0.9188549023164378,0.7410586794892583,0.4941731245655321,0.5024477495323233,0.5048364615632713,0.508368532175081,0.4945765798733979,0.49260814980261924,0.48554503555889905,0.502889186074715,0.5051979942733517,0.49628832748804086,0.5021854123979376
0.8223371473766615,0.5703711070009626,0.38605650742722447,0.5013834904056041,0.4763690429916781,0.5010274373488034,0.4984015533896178,0.4963788066799996,0.49404520826907533,0.5061075453036014,0.49440861461523167,0.4959458067832627,0.4993386054913006,0.5090845034733592
0.6741156383616663,0.7392252878112934,0.5293070158946073,0.49794296317542003,0.4978464146231021,0.5013765167190831,0.49557522543373855,0.484876902246107,0.5025798198618115,0.5060217311578991,0.49422459409146724,0.5070634862190043,0.5002906085119143,0.49241305179637984
0.9933827787889518,0.12501721445990086,0.07969958903695823,0.5018356373975216,0.48846626698466705,0.48652734511258394,0.5032729797929418,0.4714022462688906,0.4961703821408608,0.5019376209760045,0.49475152028108454,0.4975180851331864,0.5004868513980317,0.49555417478212244
0.1955142150353184,0.981059573493503,0.8747694744229605,0.49918738483337843,0.5023142738740375,0.5054432228267999,0.5132450201380786,0.4947152929262166,0.4961130520735732,0.50562230709162,0.5030187945901031,0.5067530535702124,0.5025639800579663,0.5021846093969853
0.9128988284360007,0.4086442517752473,0.26794329369256964,0.49992213816956593,0.5013576078652077,0.5013267934219916,0.49825306022427346,0.4962972468344926,0.49992885742163023,0.5062585213842012,0.4955119234092456,0.5099396622172123,0.5007157485185261,0.5028604773412053
0.9252909513223633,0.38003598500696356,0.2480995805283397,0.5067630527577475,0.5025890988933314,0.5017057337395386,0.49878571319098486,0.4962729583901711,0.5018054135657318,0.49661671989569806,0.509848905143834,0.5095787318358659,0.504041894044691,0.4978112956743809
0.9857939568266672,0.1701590571998861,0.10881543964145457,0.5005923778411719,0.49585866428671843,0.501161523508437,0.5008455013139966,0.49643172149128106,0.499585867285493,0.5094865937114411,0.4958697497895259,0.4857983818808964,0.4991041928275993,0.4945380093014053
0.5767045398158975,0.8181898290950734,0.6091304874191198,0.5013834904056041,0.526403676733558,0.5041888031108949,0.4966982436217604,0.49618382196377925,0.4998286685874952,0.5035240212972307,0.49440980711718335,0.5094526835007568,0.5074265024391469,0.5089759042465025
0.9443033141911191,0.32967739654304434,0.21383595893714963,0.5019013667011446,0.4974185748821054,0.5012432299537675,0.4987635019131692,0.48966074194999754,0.5027552596834581,0.5053666170478146,0.49668215096159163,0.49486876127631546,0.5007457187723048,0.4981538472659368
0.7758676893709602,0.6317243204150792,0.435033905670249,0.5171869389206386,0.49688833000760413,0.49807792635405695,0.5090800079272274,0.49692256590536826,0.49992092774096314,0.490438584047186,0.49556141260536307,0.5020593932152445,0.5014418807570212,0.49779218180856233
0.6734500848152665,0.740695080608476,0.5302495615337037,0.5006172893489325,0.4954376508097367,0.49043305290401124,0.4983984014967468,0.4929438988977658,0.5030446480532411,0.5052486402233767,0.4955059080418392,0.5140884396778136,0.49724188495397637,0.525560559590239
0.9793175558162505,0.20356460914396984,0.1304722218781358,0.5013411176535003,0.5020888659964372,0.49771310133228686,0.49923360430294483,0.5052638048173717,0.5029034557785621,0.5060042069120853,0.4943581072543273,0.4888875000438981,0.4972396343900205,0.5018909104204372
0.3788398750107903,0.9267126240099229,0.752947434713761,0.5008679924396515,0.4776966479706818,0.5061188587456907,0.5006501162981416,0.4960010353561438,0.5019313799564523,0.5095849934895521,0.5094311889450532,0.490260017469092,0.5179126040524651,0.5022301358685196
0.9950686615319717,0.10363235573233764,0.06606319934990051,0.48599543562105163,0.4958068087511287,0.5050542212756411,0.5007620243572417,0.49647249815597005,0.49573940142084666,0.5092563413756619,0.4961122462394839,0.5067477636349054,0.5000550902623404,0.4941871395314003
0.0563947966114897,0.9986202960288828,0.9640865004285744,0.5006357194756474,0.5020910572062064,0.4976038485401393,0.5029234430016539,0.4964134951490131,0.5028525175596391,0.5064511759975037,0.5039810926938697,0.5100821332342568,0.501407673161054,0.5032015147156795
0.5298921759562378,0.848624784054271,0.6446535194665126,0.4992682822709825,0.4876150724905243,0.5068374568600713,0.509089890789666,0.49600022972486113,0.5023324768613694,0.5056268918248821,0.5097934777903477,0.5061106221368198,0.5007798493124203,0.5021210985910407
0.5107486350765216,0.8603677638132551,0.6589437955880557,0.48146608265023316,0.5006289232241132,0.5067686200034319,0.5068876115609648,0.49625344664789245,0.5019209324051788,0.5065366862137779,0.49339507316694664,0.498063516421346,0.5000387820973964,0.5018143397007107
0.24787644100168107,0.9690868858349708,0.8405811705182586,0.48960147866632975,0.48999753957482184,0.5014258090986502,0.49837492864896626,0.4962980396915821,0.4963633540431797,0.505298124848248,0.49668215096159163,0.4989573445734217,0.5007410334833825,0.5023502731080924
1.000048061733787,0.01848244581365208,0.011764385641750481,0.5019932161919102,0.49238012128076786,0.5054349260414926,0.498880659669867,0.49706282141906327,0.49625016279931705,0.5037016485192722,0.49368536550542,0.506687281082366,0.5012607604456933,0.5018542345943566
0.0317856372472541,0.9999408161907121,0.9797702490318052,0.5149686599420176,0.4966251334679196,0.5067746069347593,0.4989269102755677,0.49600022972486113,0.5019599987517069,0.5039592309297853,0.48898486601253244,0.4987107536037984,0.5000666625395042,0.5022067023487662
0.8709684880865477,0.4934228901977546,0.3281390196556079,0.5017164888022954,0.489934982854844,0.5064995762579871,0.5264472982880277,0.4929443042165532,0.49711259010368053,0.4947381164436507,0.4958689757282955,0.5074664182157205,0.4997467487836251,0.49542149616388775
0.9336797011369026,0.36081978075699955,0.23476650085659767,0.5006174732639078,0.502332320967556,0.4845032983307318,0.47724131437194267,0.5018760198890402,0.49704491426733444,0.4945777174564294,0.49433210979635206,0.49587721586719236,0.5002804378380252,0.4890869618570268
0.07050104863828083,0.9977069204963889,0.9550891345389046,0.5020815356886831,0.49679468169350816,0.5067744512515862,0.49256991026075986,0.4968487215799496,0.4962869595441151,0.5023771606036554,0.49438011547324806,0.49723299543161326,0.4988447653755242,0.5030135016708689
0.9997513895290708,0.02995238257384234,0.019067317206480285,0.49923082798647817,0.49764797649162495,0.4979928542107126,0.494581082877307,0.4945343980723463,0.49364876786687084,0.5032102432640236,0.49588917526005616,0.50760622866169,0.5005144822189669,0.4977816200750148
0.04009014576084318,0.9994091922710832,0.9744764172214588,0.501620198248708,0.4968804355023604,0.5067746069347593,0.4989269102755677,0.49600022972486113,0.5019359925523728,0.5022473310962686,0.48898486601253244,0.49870550512109324,0.49906441694863674,0.5022067023487662
0.9854387848125017,0.17108674027361345,0.10943576344733619,0.4990184886863474,0.5034652779393424,0.5013354547285267,0.5008003563402839,0.4960167197079941,0.5035783369749405,0.5031790418436294,0.4961136666522197,0.5099234386151961,0.5000428372505201,0.5035166074598865
0.7231727966002538,0.6909487233280396,0.48549563654606753,0.5005979591638956,0.4970654378741873,0.5014742606490267,0.499008865196674,0.5057522204692069,0.5067290346643879,0.5060096363159962,0.4955119234092456,0.5063241875718115,0.4980796349265884,0.5020155470609083
0.2164010750892759,0.9766468942123987,0.8611833886194081,0.49408930407966034,0.5025992310270292,0.5054432228267999,0.5132760356326537,0.496318003591369,0.5016242131574016,0.5021304072155676,0.5030187945901031,0.5067530535702124,0.5025639800579663,0.5021531390767285
0.30946995622245527,0.9512513745382343,0.799764159568459,0.5017164888022954,0.489934982854844,0.5064995762579871,0.5026765080185988,0.4929443042165532,0.49711259010368053,0.4947381164436507,0.5051477467128265,0.5074455499900656,0.4997467487836251,0.4980260149480678
0.6227259602380186,0.7828706718598605,0.5722209722337845,0.5000537507728523,0.5014062115929694,0.5051072125697447,0.4982330912776472,0.4962645059978493,0.5017045869541938,0.5061400946070511,0.48888218855305404,0.5053869144700319,0.49024211905540904,0.5018469981586505
0.9223723740145597,0.38918836996240663,0.25418846886302476,0.5033824882010269,0.5022354113343069,0.5014746109775468,0.5012317847595972,0.49585661578050605,0.4998876563390834,0.5228615920010647,0.4957254474579869,0.5108276877978708,0.5204506838609881,0.4977949064995994
0.9968805949285445,0.0810663201184747,0.051656247129106325,0.49982764373021255,0.5021363066875758,0.5013354547285267,0.5008003563402839,0.4960167197079941,0.4961972902359849,0.5031790418436294,0.4961216508737022,0.5099234386151961,0.5000428372505201,0.50321725226593
0.5098715696259307,0.8616460529735771,0.6598382625356919,0.48203140619804613,0.5223853790547978,0.5048364615632713,0.5069055404759321,0.4945765798733979,0.4961130520735732,0.4855741304930225,0.4934080444487086,0.49756375770528155,0.4993563408344001,0.5018065823327937
0.9406567972814168,0.33978589383289365,0.2206759197951656,0.5016126162443457,0.4968528172566514,0.5017057337395386,0.49878571319098486,0.4962729583901711,0.5017067658493581,0.5087710591362948,0.4964367030944273,0.4987068657556628,0.5040108731545769,0.49806598576581673
0.5066771855494032,0.8624403893365068,0.6618454155780025,0.4905429021093993,0.4975246847719035,0.5017652214699275,0.5028583500269289,0.4960052238872151,0.5025745509480339,0.5070195771433701,0.49335439725301955,0.5047108989181421,0.5015484740018503,0.5038855941464015
0.9915051918929362,0.13345020155964607,0.08517305974234168,0.4900461108012357,0.5013538228315817,0.502939611916055,0.4982330912776472,0.49624105926167966,0.49650517688773504,0.49370769200914655,0.48890484787038074,0.4980176963127673,0.49024211905540904,0.4933074028526797
0.5673824541936151,0.8237497357545316,0.6160189033879624,0.48967689320284763,0.5030467977277052,0.5014377476903256,0.4942957127996077,0.49619298677712054,0.4978436810589021,0.5048489351093214,0.49335756704610745,0.4986093956979624,0.5005823785832851,0.4980756686024179
0.8251236883857688,0.5655799731945752,0.38254042720330145,0.48665868978899224,0.4957824863205212,0.5012609551479945,0.5006920657702257,0.4964683851897452,0.5023477016537485,0.5055376195784277,0.49462248391445046,0.5067285342876418,0.5006072689312628,0.49418752693512563
0.3349773649125678,0.9429994340626517,0.7827074296514407,0.5121069518188467,0.5022935700351494,0.501413356127319,0.50211984066595,0.5068661215923767,0.49960460852003746,0.5029228545869819,0.5083970795169616,0.50224636541198,0.5208550542226911,0.49801130514646175
0.6633442910351941,0.7486613208810595,0.5384195029629123,0.5005875276342286,0.49543048757601726,0.5011612733666855,0.49936715602643483,0.4998003014842345,0.5030402977838738,0.4900460014877027,0.49551203922197684,0.4898587239977421,0.4993806519080177,0.5022285153714283
0.999220743664342,0.04349526291422556,0.027694056125277644,0.49923082798647817,0.4964025720949641,0.4979928542107126,0.49419420595884567,0.4945343980723463,0.4937381118051721,0.5008639113150043,0.4961948054813028,0.5055768453233266,0.5005144822189669,0.49991332685987216
0.011593129354084158,1.0001220386625316,0.9926208157122237,0.5020815356886831,0.5025420521231532,0.5067744512515862,0.4925594162370148,0.49694822672688066,0.4962869595441151,0.502224831058619,0.49438011547324806,0.49723517542248186,0.49909456022223425,0.5030135016708689
0.15194981194175936,0.9888046156481363,0.9029298423425309,0.49785394475184414,0.4971591121064365,0.4980209867932034,0.49862773977972147,0.4951661060543732,0.49818580830472575,0.5156706540545687,0.4945715453954662,0.49070790192623237,0.5007932007111293,0.4978955856463735
0.9768156878095524,0.2186277485700925,0.14017600773143324,0.5013834904056041,0.4763690429916781,0.48581459295873275,0.4966982436217604,0.49618382196377925,0.49451722819713856,0.49406251039472676,0.49440861461523167,0.4959458067832627,0.4993386054913006,0.5090845034733592
0.07934150111035145,0.9975583024165852,0.949472364296553,0.5016126162443457,0.5211087767813961,0.5016993374725698,0.49878571319098486,0.4962729583901711,0.5032256648758592,0.5087263527494779,0.4964367030944273,0.4987068657556628,0.5117248163350204,0.49806598576581673
0.33754648982660257,0.9422547296283645,0.7810090397426517,0.5122132816562842,0.4955752295846706,0.5014739996528172,0.4983607210292696,0.5064602346464164,0.5227406048424033,0.5059853483221739,0.5085723825759448,0.5063293852258733,0.4980796349265884,0.5022082092073942
0.9297690709982245,0.36893582749830095,0.24048180205557876,0.5023780996625434,0.5029802090446809,0.5014742606490267,0.4983607210292696,0.4962972468344926,0.4961252933966389,0.4860365731859625,0.49556278086396166,0.5049816161558647,0.4993868880828433,0.5020155470609083
1.0001179650309069,0.012483235415141371,0.007945724506080887,0.5019932161919102,0.4926611158663112,0.5054349260414926,0.498880659669867,0.49706282141906327,0.4961151202770811,0.5037016485192722,0.49368536550542,0.5049921030584095,0.5012607604456933,0.5018542345943566
0.03457708100148375,0.9995456364088661,0.9779863185361719,0.5020185440870901,0.5026726945606131,0.5053784683070421,0.4987172347295987,0.5035100023444052,0.5019652186056063,0.5022570282535467,0.49466834222574274,0.49847258804014005,0.4990949909023584,0.4930092637207637
0.10145707152443618,0.9952064855574776,0.9353227643766212,0.48974674511312,0.4960235109467706,0.5029663820359072,0.5089320644106825,0.4945297354424154,0.4935381074836863,0.5040372134361152,0.5015298999963398,0.5016354965576496,0.5075172230474237,0.5023771221248126
0.9790044019007785,0.20669977643763116,0.13246576665645862,0.5022592277105795,0.49689568555066094,0.4978982850591786,0.5088544347664696,0.4801349992491981,0.49410781552086913,0.502605560904544,0.49557245372083564,0.5020808360216957,0.5014418807570212,0.4947712572505876
0.5819524682532478,0.8134369772681838,0.6046572640098239,0.5017237102516583,0.508800455148879,0.49789842656272415,0.4983736803545281,0.49655593561012096,0.4970332592772641,0.5025987923661883,0.4960537819821076,0.506481393692601,0.500395821755948,0.49875696527088537
0.24900614427447137,0.9686004980892426,0.839807752954272,0.50195099277586,0.4974185748821054,0.5012375007518358,0.4969382227288612,0.5002347501144502,0.5022182112525906,0.5053025800406925,0.49668215096159163,0.4950171316036362,0.5007457187723048,0.5021507433485751
0.8759928970365932,0.4839761107304086,0.321335011081689,0.5012962566942314,0.497015869532673,0.49827125013530793,0.49868857954184015,0.5051098600951348,0.499773737254738,0.5059566368643268,0.49447567254193275,0.5054411130719216,0.49726245135125124,0.525560559590239
0.858911838884059,0.5153907627854414,0.3440655329022516,0.5021821993843081,0.5239269866927454,0.50125619460778,0.5140209212434484,0.5174439958204702,0.49243997108835846,0.4868043689350184,0.48707886602970424,0.5138888953620052,0.5004487643668666,0.4975243110223121
0.5133925977370871,0.8586682272234681,0.6569449920896708,0.5005982555937434,0.49834454676200435,0.4979498291623481,0.4986717670914798,0.4959798498909785,0.4937330338916056,0.513313408065439,0.4944405026336522,0.506246994983193,0.4890438560222621,0.5031185411134803
0.7480660414948312,0.666079724177107,0.4631326902095373,0.5039958828561446,0.49067969977169446,0.4955174045398262,0.5007204636000134,0.4954255955055117,0.5020811401880474,0.4952148654930774,0.4793112944980948,0.46862800569262764,0.49941079458448123,0.5068554340530618
0.5478437844920321,0.8381075747349036,0.6314294961442621,0.5020954526277568,0.49316726925159565,0.522823604470327,0.4979846817787315,0.49448959635756595,0.49466101860647027,0.5061034415911126,0.4876885030244297,0.513537964872411,0.516282069151988,0.4976312139652654
0.9595774684750544,0.2861685284228258,0.18450906423445484,0.5025411529907677,0.4809096430783957,0.4895868031047147,0.5153921590117537,0.4847600417251003,0.49779262096133736,0.5064103816091567,0.4883112403225097,0.514250246708264,0.5000073997107443,0.49763274676454017
0.6184276976349047,0.7866827767647726,0.5758708333131833,0.5005977715753955,0.502767856351808,0.5013199935816378,0.4986321789506106,0.4960099717669137,0.4997977135927525,0.5128460854793513,0.4944666513218667,0.5096212847152249,0.4815756851551424,0.4975857850157758
0.3685951725299703,0.9298697673889439,0.7597433612350417,0.5025402031325237,0.4943002667526659,0.49786336267351156,0.4986675654807164,0.49606503107117944,0.4996199528308144,0.4925394050101916,0.4956510934209836,0.5062072354237379,0.5001457192838829,0.5092750128262135
0.41741134374802924,0.9094710748267786,0.7260749348219523,0.4996317381285358,0.48833369139799465,0.4884368137822408,0.5013424585721084,0.49890532209291494,0.5014710675956783,0.5146206253790131,0.5103826810808032,0.5083213646923133,0.5037839287229628,0.49788757748342277
0.7549777605760849,0.6565220328425313,0.455665947671106,0.49078843213888207,0.4941891613564356,0.49746377107779494,0.48740584190658054,0.49635223096418346,0.5020193614911982,0.4937608966017035,0.4960784339433128,0.5062088200273721,0.5015612130602449,0.5104800340814812
0.7064502748554222,0.7079253903750261,0.5006639589388445,0.5017257379437099,0.5027498246438049,0.49633637906231626,0.5010155748037686,0.49935833203610397,0.5018778097172786,0.49590242824243974,0.5040802991218869,0.5067288503772613,0.5017307892259113,0.49787283287630013
0.9096802359443439,0.41675755809560966,0.2734915088792793,0.5057955110443488,0.4973870000852954,0.4840972315763479,0.4984386447512032,0.4960455069641077,0.5019730146473903,0.4926467583322857,0.4945978778421105,0.5100125425039989,0.4977023823103332,0.5099121149588891
0.8450750027071421,0.5353679911929069,0.3594987373197734,0.49969454943982555,0.5027655338759393,0.5008356049081009,0.4986321789506106,0.4960086540019214,0.49979039675419507,0.503279156937952,0.4944956331537712,0.5095786433720416,0.5148436442096482,0.4975858007683777
0.6654892954356696,0.7469694809583427,0.5366838831008303,0.5018086076555083,0.4960734438405699,0.5110530141792082,0.49933342937731306,0.4960283071105944,0.5016390647460546,0.49369526812586695,0.49542134666674514,0.5138611742374001,0.5005771495585274,0.49741665179250605
0.559175500816692,0.8296595563587364,0.6224527124471368,0.5022183364713338,0.5024397751552331,0.5055111337162602,0.5091630712965002,0.4960029034075907,0.49606469606527664,0.5032971777881248,0.495335298094767,0.5145432950867442,0.5004367271049884,0.510246057808793
0.5880428870158775,0.8091857598041527,0.5999304801072353,0.49908392360491516,0.48847978438639017,0.5067807471003115,0.5027823595502221,0.4963520995197133,0.5024296202655033,0.5060815262920956,0.49872898346479133,0.5061048656344564,0.5009813619045529,0.4978421764390065
0.20265151810805473,0.9794636674655738,0.8701157126595414,0.501639177058221,0.4975923574402567,0.5017679244832681,0.5092464162931828,0.49711488459224057,0.49980906730763525,0.4963832677146568,0.5080260539370091,0.5044610565400955,0.5008221063830381,0.49781043465945723
0.8885214789485754,0.46365592410542966,0.3061871227668208,0.5006419249113363,0.4924134843484241,0.4973015567882222,0.49882338281917005,0.5325584821500758,0.49381051745840454,0.4976483256869281,0.49449560171802354,0.5096976821724372,0.51145712489903,0.47180402133961125
0.8990605405029805,0.4392063030235333,0.2892921406426603,0.5023708129448333,0.4943002667526659,0.4842409362583907,0.5136348126704385,0.5060825770984179,0.49797469550305545,0.4944474026804319,0.4951092620807279,0.5044777692834735,0.5005868705239409,0.5041501234589738
0.6286937628012425,0.7793054004788881,0.5678403335550168,0.4917946056600227,0.4870706405005952,0.5067933893347176,0.5207007382749773,0.5079302711168718,0.4919599649610202,0.49710428677626634,0.48607690382061336,0.5145024025327254,0.4965616237972861,0.5049469391292072
0.9398485704602993,0.34408130067022136,0.223420284446801,0.4842449290129519,0.5084000253572902,0.4983147547822723,0.4984468651916719,0.48837415134260737,0.5022951298201662,0.4963948970538299,0.48885552874095717,0.5142895049805524,0.5065604440864664,0.502094293201389
0.4612083908901183,0.8875387603251684,0.6949045896541065,0.4997928862485642,0.4899746446169035,0.4982286508453445,0.5033277797170334,0.49588385369710886,0.5023048405892043,0.505167650286626,0.498275916888898,0.5062557476038622,0.499092587038627,0.503526926661124
0.9694373702786004,0.24734339546309883,0.15903496424746283,0.5029662215173428,0.4990448165241962,0.4861088572635983,0.4971664231294249,0.49498249262129684,0.4944426436192178,0.5052931640560702,0.4939007599427114,0.5125046622903057,0.5005246370383778,0.4977550821765058
0.788676693001056,0.615758549477269,0.42201003499571915,0.5016817769230654,0.4879879881639078,0.49096424894685664,0.4990091466809996,0.4979289891660988,0.4941766273666264,0.5101047336568189,0.48718409850878197,0.49860495558871754,0.501514614003494,0.49321394994063744
0.6048484906240937,0.7968862223144287,0.5866773483263363,0.5017519741915495,0.49505907727968634,0.4957341423567772,0.5097965907273494,0.49465564527809214,0.5020165162373028,0.5062235561496705,0.49383058475964753,0.5062807000364268,0.5119944558445504,0.5004355523743956
0.8791477874924394,0.4776412163522962,0.31683605062589676,0.5005236784665679,0.5022448756035685,0.4863271138812418,0.49083813413548083,0.4976752328741586,0.49807228870132747,0.5133953131055157,0.5048182793912181,0.5054974077166241,0.4983735618199117,0.4999144229652204
0.6862362407158785,0.7277253961874389,0.5186746511495237,0.5042806568439738,0.5024374771650704,0.4978854573418315,0.5029420173127213,0.5032896962677923,0.5025901776895356,0.49451070813304976,0.489077710543435,0.498346182192514,0.500512487771557,0.49330420429727345
0.6975485562608085,0.7169552882469612,0.5087337579501987,0.5029223599561359,0.49750216725146656,0.4967776122873447,0.4971902780636943,0.5056873889921676,0.498164822649274,0.4962053999254904,0.5050208175345479,0.5064342450057112,0.5009806748154412,0.5121922618800085
0.8391077196038184,0.5451674224877767,0.3667971221927691,0.4977077630092697,0.5013538228315817,0.4803996248437139,0.4988313031084549,0.4951470131526463,0.4937549110646385,0.49413144172141465,0.4947013144998673,0.510496644187237,0.5040721809533248,0.5031573848063209
0.8684565937133252,0.4961201705011076,0.33042090192831536,0.49408264397968393,0.49745908516910553,0.501336346180516,0.4955095299520101,0.5003004659172944,0.4960424374398253,0.4950673219400552,0.49580995757131424,0.5057843620503747,0.49936176911148683,0.49540697773765013
0.7258226754168572,0.689102280150615,0.4834820331222767,0.5016699842271902,0.5024445266418686,0.520177974710265,0.4969936356912103,0.4946140623003163,0.5067161711753174,0.5035596928338515,0.4853772398547772,0.509638454319331,0.5041169577061664,0.5021183045502601
0.7186724970426859,0.69557090182674,0.4896017726352051,0.5004392871604354,0.49576879118890876,0.5047655477759997,0.4986222391322307,0.49598786051455057,0.4982217064206121,0.505999040303276,0.4968762865129196,0.506314359450676,0.49937386268605893,0.4974439906510957
0.9198688274951197,0.39312269301473535,0.2571147024873415,0.5018354096541908,0.4974006184997857,0.4978139568073857,0.5037624261694049,0.4960122323079609,0.49811758314908056,0.513222556109441,0.5047616172675955,0.5100425647670845,0.5004176741497105,0.5022251628790226
0.43794940423042045,0.8992384881672463,0.7114763825338815,0.5040258919326204,0.4924861901890447,0.5013538068195031,0.5013216239445016,0.5005960253711343,0.5021135430530249,0.5072054345085543,0.5043330280311266,0.5076122211383937,0.4989049362136176,0.49804011612429044
0.47908559734271977,0.8781142137047417,0.6820421938500769,0.5016008734522852,0.4888439181857355,0.5012985469787409,0.4929095232890649,0.5025856858131252,0.4962469122148408,0.5022677242264968,0.4933626293961008,0.5067990285923969,0.49913337215070985,0.4972042461788267
0.5286519546248617,0.8493836190271443,0.6455786688623495,0.49506205786625956,0.4886527196814608,0.4866647530337873,0.5028463438305837,0.493859032831598,0.4967675603242141,0.5066852870422679,0.4963048948599201,0.5004032445728795,0.5015635240704277,0.5037967023220263
0.765154825303566,0.6446104118172775,0.4456968129880104,0.5048249389328869,0.49578992819901535,0.4978385098228208,0.4989647069025415,0.4938512777252153,0.5045446622153519,0.5018621816392874,0.48872458871296726,0.48425982107697685,0.5005278643994303,0.5028774842764842
0.7963168741160507,0.6060994593924836,0.41417551710244627,0.5008624647125324,0.49745208848874695,0.48936222951384317,0.5090507333827168,0.4939122032132001,0.502255516363793,0.5029500125346542,0.5081727770444017,0.4826747829335571,0.5098215892263874,0.49534157458067696
0.6415844465774833,0.7677829077516647,0.556852986125466,0.5016570983935357,0.5212348092809651,0.49789842656272415,0.5027142229677328,0.4965344371270507,0.4969275296162522,0.5035074618992116,0.5009577071828312,0.5063531775351403,0.5001263616901064,0.49553396438919356
0.8099961990437557,0.5866857248273242,0.39906742608296053,0.5017237102516583,0.496469030963903,0.49790019787861106,0.5027142229677328,0.49670968730138815,0.49703172644276733,0.4943461783511011,0.4951113328116116,0.5063531775351403,0.5013779474603249,0.4985850728522575
1.0002616142356222,1.3287864020103111E-4,8.457104419059323E-5,0.4896257706753064,0.5030844719496353,0.501522865226137,0.494330286129174,0.49977377336244916,0.4978436810589021,0.5047677240866921,0.49338045364642186,0.5060066464370939,0.5006705403472219,0.498503409215073
0.6553781135914876,0.7562172520509369,0.5454006319963294,0.4917644527507303,0.48936936601790065,0.48592630608109744,0.49862773977972147,0.49458258175300707,0.49360066992346374,0.4935582143755544,0.4939007599427114,0.5125046622903057,0.49895216562639166,0.49776077370228494
0.14526607457934398,0.9897657712999711,0.9072268590803851,0.5048426863876674,0.49745649616284027,0.487954057406757,0.5026473358613879,0.5051005124162318,0.5063284200706316,0.5094428748469731,0.49581839477954437,0.502238094773793,0.5004530670008377,0.5030369003460198
0.8171152865369213,0.5770744102074227,0.3914558825244007,0.5029498394882629,0.4973525301785851,0.4977688824893154,0.5024674526678696,0.49655325022046065,0.498194381548598,0.505518040752321,0.5081859897784287,0.5060191685601716,0.5121520161585135,0.49522558567700375
0.2857548162151663,0.9585955802403122,0.815564666325189,0.5060320486505412,0.5024647130926791,0.5088608548509166,0.49888166809080253,0.4959998426621805,0.5018133360747417,0.502252169401256,0.4938931525179067,0.5095773712012964,0.4997584481187316,0.5022239220488538
0.9896443333974159,0.1454509351321232,0.09290077052027279,0.500574386212013,0.49585866428671843,0.501161523508437,0.5008218356773755,0.49643172149128106,0.5035484491119545,0.5094865937114411,0.49610195730703505,0.4888714183902002,0.4993797427581922,0.4987142947573526
0.5774419576121782,0.8166491293957692,0.6081818566160013,0.5017417018808173,0.508800455148879,0.49789842656272415,0.4983736803545281,0.49655593561012096,0.4970332592772641,0.5025987923661883,0.4960537819821076,0.506481393692601,0.5003430576725659,0.502198413357261
0.4941912550620672,0.8698226932618374,0.6710761458161039,0.49936056978726756,0.4955752295846706,0.506782884356357,0.50093688218436,0.49597383542443074,0.4999558452623882,0.48394076165635025,0.4955127746702175,0.5062415885889366,0.4980796349265884,0.5020999053939571
0.24494646219957797,0.969705142423967,0.8424855009407128,0.5019013667011446,0.4974185748821054,0.5012375007518358,0.5085620756418591,0.5002347501144502,0.5027552596834581,0.5053025800406925,0.49668215096159163,0.49486876127631546,0.5007457187723048,0.5021507433485751
0.9999810157469907,0.024223526108009857,0.0154184530565466,0.49923082798647817,0.49764797649162495,0.49799405210206055,0.4948066560380648,0.4945343980723463,0.49358438172403024,0.4907114505981772,0.49588917526005616,0.50760622866169,0.5005144822189669,0.4977816200750148
0.7343710713105951,0.6791886298538766,0.4751602964472848,0.49982764373021255,0.5021335046646754,0.4928304246195192,0.5007595547094946,0.5057195928624921,0.5069471950872441,0.5061374844751162,0.4961216508737022,0.5099234386151961,0.5000428372505201,0.5032035342044756
0.826044751154434,0.563908834612897,0.3813315930750272,0.5016082701521499,0.4955290447984356,0.5012609551479945,0.5012383869761279,0.4964683851897452,0.5023477016537485,0.5066070201653952,0.49462248391445046,0.5067285342876418,0.5006072689312628,0.5031051064260261
0.3440984770674889,0.9394046399954363,0.776472335120366,0.4941731245655321,0.50216675494678,0.5048364615632713,0.508368532175081,0.4945765798733979,0.49624809459580915,0.48554503555889905,0.502889186074715,0.5066543257581841,0.49935874278816894,0.5021854123979376
