1.000285931256787,1.853796630744264E-5,1.179826239745569E-5,0.4945124915071617,0.4999534464874015,0.4983448215284748,0.4853687154583437,0.49883593234763796,0.49864755393011606,0.5005780884588512,0.5004785876775385,0.5009176752391135,0.4947599036382471,0.4973629041089494
2.310397832903698E-5,1.0003311472679919,0.9999852964196285,0.4973059815554252,0.5132852234059669,0.4980748396243906,0.502636764938316,0.500837645357939,0.49920623304477935,0.5082861919702337,0.5059807014805582,0.4979583816187993,0.49487541956171055,0.5007367856456163
1.000024740485835,0.006755670415161936,0.004300621539365199,0.4997795772437891,0.49992955852422427,0.49834149154485324,0.5007273676586969,0.49883845155655776,0.49864798613183153,0.5024078124103322,0.5004787510098594,0.5008616867940492,0.4947715224840548,0.49736512629587926
0.9997745298171783,0.027169882000499673,0.0172965277106471,0.49883647342557286,0.4994317335314281,0.5039148685498541,0.497528249014822,0.4987576252424294,0.4985984900156373,0.508860067428095,0.500536010486109,0.49441769922201834,0.5000241622630321,0.4973400752399052
0.9993873545464382,0.038638058900807,0.02460057900437561,0.49931684916826047,0.4994317335314281,0.5039148685498541,0.497528249014822,0.49880910123884614,0.4986629090245811,0.5092002562860126,0.5041024229132662,0.499964341998107,0.5000241622630321,0.4973400811510258
0.99874263817753,0.05273639262917306,0.033584107702795435,0.49931684916826047,0.4994317335314281,0.5039148685498541,0.497528249014822,0.49880910123884614,0.4986629090245811,0.5092002654013735,0.5041024229132662,0.499964341998107,0.5000241622630321,0.4973400752399052
0.9980841027453846,0.06341832246940152,0.04039655125059421,0.49919034288955305,0.496059129698451,0.49778178224553915,0.4971372936229364,0.4986612373338804,0.5039132463390963,0.5035768762736145,0.49991116422540677,0.4963775172224001,0.4958088646333158,0.49735842846532796
0.9973643417994019,0.07392029749263997,0.047097371157006435,0.49971731025303623,0.496059129698451,0.49793877942882186,0.4971392280440956,0.5056340629523417,0.49914198937161935,0.5037629715407589,0.49992223433941235,0.4972555295050276,0.4958184462715991,0.5004582217810077
0.9965372324317598,0.08419639506397594,0.053659903398881326,0.49971736916069315,0.5050720746814423,0.4978779418143548,0.5007683343082706,0.5056340629523417,0.4991409510348043,0.5032112283473431,0.49997796242970216,0.4963854800498285,0.5008793847001429,0.5004582217810077
0.9961302362607388,0.08914390181786574,0.056819877670442526,0.4976870811454241,0.4961606478795732,0.49771266838589845,0.5007683343082706,0.501764719282626,0.4986382925753578,0.503240280663968,0.5003111833806955,0.49379379157230413,0.4944474257822544,0.5004582217810077
0.9940078608542893,0.11025374777523973,0.07032537613997801,0.49771964413528524,0.49914025259552014,0.5043632271334545,0.49687929031052835,0.5016837440492684,0.4991482816172039,0.5030935971399394,0.5031423048243521,0.4938518341765412,0.5008793847001429,0.4972688982103734
0.9912750131071747,0.13281404987317605,0.08479128944832194,0.4977319523239016,0.49909549621751775,0.5034679485278123,0.4969681584802485,0.5014990047348304,0.5018626375243357,0.5030937477582248,0.5038256666653831,0.4939236680895705,0.4944070224580559,0.4972531175415528
0.9890371997731824,0.14862585485786411,0.09495641908342004,0.4956363549075083,0.5049823175397036,0.5034679331972608,0.49711772438474194,0.5063316153980804,0.4986221447713049,0.5032598893761261,0.5038063056951385,0.50106907778965,0.49974014246885484,0.5030970055582017
0.9870832525091988,0.1618481255879269,0.10346337478748412,0.4955689744620871,0.5050725996331598,0.5041550044981085,0.4971179879185805,0.49141524877567794,0.49847985923154564,0.5092836430935108,0.5044961817654584,0.5009427766707871,0.5002112494025598,0.503125297469132
0.9858535652437115,0.17030005645619856,0.10889740245211697,0.4954549757904345,0.5003306011035245,0.5047116209597997,0.4967047212707582,0.4926163550033915,0.5019665543802485,0.5042919845385705,0.5010092700789127,0.49409213106138594,0.48324297368168107,0.4973118004938626
0.9827860464669449,0.18576615197131888,0.11893066821432109,0.4954549757904345,0.5003450179335496,0.5047116209597997,0.4967031668518982,0.4926163550033915,0.5019727101288862,0.5044167365491896,0.5038816038649182,0.49409095381129364,0.49980398080901867,0.49736634402495095
0.9798822904262535,0.2004845794776657,0.1284796409216664,0.4954549757904345,0.5003404447678382,0.5047116209597997,0.4967047212707582,0.4926163550033915,0.5019665543802485,0.5044020928913421,0.5038816039329705,0.49409095381129364,0.49980219995018693,0.49977595961576604
0.9773519295351348,0.21231501421362406,0.13618022445705114,0.4954504125296394,0.5003459028817225,0.4953191242270145,0.49922175991606144,0.4920555785890384,0.49815339969775546,0.500446978879563,0.4969192222823669,0.49544958358701224,0.4998262332970674,0.4973669417184387
0.9735672082734296,0.22886732525577794,0.14698843111319498,0.49976056435252736,0.4961606478795732,0.5002747772214898,0.4992076040392798,0.5056917695863427,0.4981165011842292,0.5037629715407589,0.5003265193973039,0.4963854800498285,0.505147476926166,0.49881589358520767
0.9695219449987077,0.2454279161373405,0.1578401970567999,0.49817152202627357,0.5001453624243987,0.5002766501907194,0.4992105694570714,0.5057099665827525,0.5005532653468134,0.5005314104956365,0.5002978556022077,0.49542100748988427,0.49335843095724247,0.49881518304139305
0.9662750211539064,0.2578807585503925,0.16603221201524626,0.498171522840209,0.5001772679174912,0.5012903440999883,0.4992187420818796,0.5052951529030303,0.5005894222132228,0.5005314110679425,0.50032611227506,0.4954209726039165,0.49383045290247096,0.4987789990474302
0.9629099401261504,0.2703082366920986,0.174227798794429,0.49812129412315537,0.4998599310332661,0.501377018559983,0.5041808260665028,0.5034715437833898,0.4985232094817919,0.5005337827401003,0.5003147693109806,0.5073177377189713,0.4949586134859934,0.5038122418227627
0.9576322678845356,0.2887102726646158,0.18641321572380032,0.49817155760746995,0.50017739415004,0.5013779745032168,0.5110977534333762,0.5052914513082646,0.5004525529537428,0.5005337747235785,0.5003331457945264,0.4953011867656021,0.4949043343246533,0.49877883256348066
0.9540665289643807,0.30115037055061056,0.1946473516309562,0.5055584694060561,0.48918962606604743,0.5013500306708212,0.5032758034813934,0.48627129141574826,0.4971287095636632,0.5004459961993121,0.5003093072161728,0.5075213532065377,0.4938413234364226,0.49608797260869913
0.9473448813908001,0.3208071221909973,0.20786735086556848,0.5070816792033607,0.49398481486809936,0.49936797067071825,0.5005867728618881,0.4937527011887637,0.5050469568549308,0.4991595226190639,0.5013425653802029,0.4999433636788837,0.49586399368726597,0.4956926320396007
0.9441772829466978,0.330889381545546,0.2145904990002645,0.5064263025489939,0.49611929602127114,0.4936467441907183,0.490542521402593,0.4943273041287033,0.498949655274798,0.4991493396828661,0.4968286619370259,0.4860579722961301,0.4939010203778937,0.5041642582589945
0.9365900485467367,0.35072604194760926,0.22810533609779202,0.4996646221276233,0.4998775837455033,0.5051409402691953,0.4981049497242542,0.5036676840991412,0.5052067200373724,0.49911299308411855,0.5011133278914631,0.4961428625730021,0.49586398453445246,0.5003347739916058
0.9304167395659174,0.3668058230454158,0.23906948131969133,0.4996646221276233,0.5024657476864082,0.5051409402691953,0.49792964507806364,0.5036676840991412,0.5052067200373724,0.4991123370770265,0.501144380963862,0.4962425704499521,0.49586398475235,0.5003347739916058
0.9263529999015359,0.37698932652706446,0.24604882935511507,0.4994167526702961,0.49605968442296366,0.5053611141261042,0.49747608935829946,0.5018494888711676,0.5051161375444029,0.5036399072742184,0.5011478005487919,0.49638475101442264,0.49586472553874705,0.5003133844136349
0.9176183560699078,0.3982154874484563,0.260658011316743,0.4997176411263485,0.5145927299749116,0.504517304099836,0.4991555426211255,0.5037056518623445,0.5055860532675248,0.4991123370770265,0.5010653639786888,0.4995357426950106,0.4957418758756936,0.5003368861862277
0.9105607757142166,0.4136245274797965,0.2714449257347501,0.4997394883157219,0.5024682578863637,0.5045098486899093,0.5007756191314224,0.5056786710126285,0.49916835118774355,0.5035733522849277,0.5038803093434956,0.4961773379880195,0.5006360524695784,0.5004475550402832
0.9031909135021633,0.4301767321328445,0.28297536444228605,0.5103031325942547,0.5066083818603488,0.5044839830136206,0.5032830462581066,0.5058227623493999,0.5019191286845691,0.5114901213187769,0.5004986251157222,0.4961734846316221,0.49553633187043944,0.5042079658940773
0.894817484592883,0.44732856281020494,0.29512159857459996,0.5103031325942547,0.5066045675146156,0.5044839830136206,0.5032848745902776,0.5059737491850835,0.5019463706337453,0.5113510393950157,0.5006735625589027,0.4962906920823101,0.4955733086179853,0.5042079658940773
0.8866665032704811,0.4629651496240331,0.3063435360919201,0.5097066857973429,0.5047403906016776,0.4912828015853851,0.5031168079707979,0.4986944641460405,0.49923362920564474,0.4986101578632158,0.5003337057328132,0.5025172791196428,0.49361386198592444,0.4982037438483955
0.8780475607632131,0.4796680613745109,0.31830346059670145,0.5084844068546941,0.5100769176244229,0.49678395825255456,0.4868653853929601,0.4987576219987922,0.49937360852940915,0.5116625165158222,0.5003441393289972,0.502568085174708,0.4955195270245817,0.4982061726159478
0.8704952470844427,0.4931551156313099,0.32813920064980256,0.5084955943283944,0.49598614122018037,0.5029675056796775,0.4868653929717459,0.495162140799758,0.4992172686333609,0.5119165274884018,0.5022727332809166,0.49633773396298936,0.4949818150649226,0.4984301277143931
0.8592650105701587,0.5123222026094879,0.3422754912259585,0.5084955943283944,0.49598614122018037,0.5029675056796775,0.4868653929717459,0.4952392671479624,0.5063153379239387,0.5052265428211451,0.5022727332809166,0.49633773396298936,0.4950232413526838,0.49848469621115105
0.8492668333743116,0.528987393624136,0.35464179753151037,0.5090689824708972,0.4958937243985856,0.501752194015177,0.4868653929717459,0.49523811081857316,0.5063153379239387,0.5118151041419686,0.5049093230715478,0.49642974896116376,0.49502342549272893,0.49848474601442977
0.8388505889238481,0.5451521506635313,0.366878117096868,0.4873433035770101,0.4988460157395631,0.501890507312663,0.49617179977965375,0.4897516542820676,0.5033561837033064,0.5004767018702881,0.5049352626844746,0.49177690641087607,0.49483253441151376,0.49605729497908946
0.8284645380068668,0.5612007933945413,0.3790406821134431,0.4868784240306069,0.4898815006128894,0.5031349939524679,0.49599530986056073,0.48577401509703544,0.49108902948484734,0.5005626483741419,0.5049352626844746,0.49954341635719196,0.49483253441151376,0.49601183652523795
0.8190345574358918,0.5745848510041661,0.38945739149467223,0.5000670412803463,0.4898815006128894,0.5039180158083532,0.4961009807131852,0.48577401509703544,0.4910890301471561,0.5005663675980829,0.5049710151135536,0.49954912845958166,0.49483253441151376,0.4960126822798374
0.8053708036714256,0.5932076558070551,0.40415607749128346,0.50035381015912,0.49293269889707253,0.502465761521135,0.5060270947082514,0.5059977858846513,0.5003407331701125,0.5087622652933798,0.5036781799813029,0.5011501133080851,0.49500150429671647,0.5036759166790277
0.7933495405423409,0.6091960597721138,0.4168875979950777,0.5064335826747851,0.5051952048164945,0.5023506558721099,0.5066213553410303,0.5059981271522208,0.500454460382399,0.5087621525792152,0.4998417460157126,0.5004834345868282,0.5041427894352135,0.503674537643936
0.7816804884227617,0.6242788636220834,0.4290239319703715,0.4883655924595127,0.49239329716342295,0.49438708223356437,0.49808757870596654,0.501041037611516,0.49888480934895124,0.5058830275371613,0.49902432489868526,0.4917175457400872,0.5041519227040885,0.5046970551838654
0.768759239115321,0.6402769596531934,0.4421102256821029,0.48856722789419577,0.5052665818309204,0.4943870838952439,0.49853310305098725,0.506073196708358,0.5009019448188776,0.5116132504855927,0.49992521161761344,0.491716240063503,0.5041501783398031,0.5046955188615297
0.7557000167691267,0.6554473057622787,0.4548482244214859,0.48880196981372703,0.5032910340431154,0.49789596831899835,0.4976360264582041,0.49508379533201213,0.5040905182564285,0.5059946446940379,0.5041443892328527,0.491822642313196,0.4957121590908,0.5046122510726051
0.7421535458302567,0.6710099966535663,0.4679773899741929,0.48865988262205995,0.4923440760237619,0.4977198350571473,0.49763630099973244,0.4924761886795209,0.5010803409075449,0.5060670058778752,0.49892814423264376,0.49174887939187634,0.4947685203851379,0.5115686857145545
0.7306007561405558,0.683442288211969,0.47877653709979556,0.5041383631855662,0.5032962212914528,0.49789596831899835,0.4976360264582041,0.4950830704065736,0.5040905182564285,0.5059946446940379,0.5041443892328527,0.49280876289319414,0.4957121590908,0.5152706307901829
0.7173665490717247,0.6973353300431561,0.490986498166087,0.4982839931266647,0.5031551178781443,0.4978438350492357,0.4975851970147674,0.49495486663437993,0.5040905343714881,0.505994402719909,0.5041258652820643,0.5087571710002607,0.4958498665192946,0.5152686597740361
0.6974766552325955,0.7174038878323455,0.508965584861531,0.49547091680496974,0.4923464399803942,0.49294186474177115,0.4967055790401137,0.49265700373960697,0.50025008115621,0.5059671050532419,0.5011807186244055,0.49280876289319414,0.49252868076250517,0.5152502907260517
0.6856314798944992,0.7286638082405572,0.5193642600522128,0.4976925685028094,0.5029313372683523,0.49367756755756015,0.49766356477040385,0.4947785780914131,0.5002654125666618,0.5091752915077494,0.5041473860869082,0.49304985300226445,0.49263187643137035,0.515163673511626
0.6705935263048203,0.7422473248162571,0.5322592420149063,0.49754207336795403,0.5027650932623247,0.49359610254993513,0.49576451501561264,0.49833103736865425,0.49867924304500194,0.5091924657378244,0.5039034918682017,0.49574037292355794,0.5029833037023715,0.5104587693405268
0.6555181141340185,0.7556263420398582,0.5450870121447373,0.4971001949786347,0.5027651633851545,0.49359610254993513,0.4957647199700431,0.5033280999573079,0.4986778850776987,0.5091924871491845,0.5039015720076203,0.49574100958546313,0.503106410099365,0.5110538141643387
0.640282802847634,0.7685642458360039,0.5578074985800359,0.4975523304985326,0.5027651154937682,0.49359610254993513,0.49576452335418514,0.49820598943243394,0.4986778887247019,0.5091880462812224,0.5037925647057443,0.49574100970797325,0.5031045217043721,0.5110610643049707
0.6223487290514245,0.7831848532780195,0.5725333207826344,0.5052759392296258,0.5027953377505264,0.49359610254993513,0.4957645160585057,0.49820598943243394,0.49885426622430434,0.5091878275209583,0.503791871248011,0.49572713763608395,0.5031045217043721,0.5110610643049707
0.6092377232660192,0.7934232525393403,0.5831199422267128,0.5052759392296258,0.5026640731262176,0.49378152940627235,0.4957645160585057,0.49820598943243394,0.49885426622430434,0.5091879401645955,0.503791871248011,0.49572713763608395,0.5031674638825591,0.5110594517037933
0.5933740170496935,0.8052195414387598,0.5957015731385499,0.5051048593498223,0.4957587806006844,0.4937815158440244,0.49745257736589943,0.5016427591257062,0.5051556525163761,0.5083289596218742,0.496784673957151,0.4954750385493187,0.496169655023642,0.5014989008444668
0.5759950904120896,0.8176594852657844,0.6093051052315135,0.5051031504446551,0.4957587806006844,0.49246872130562247,0.497452593523686,0.5016427591257062,0.4992258069356218,0.4974653305866819,0.49635279611718097,0.4953640171082467,0.496169655023642,0.5014989008444668
0.5613414695443347,0.8280873200873043,0.6207505762666722,0.4970732917819739,0.49154268900510795,0.4924577003960241,0.4974516381770869,0.48647306798478107,0.49911475657895327,0.49745271312708716,0.49633315260460764,0.502837059815653,0.494042294961289,0.5050625670111135
0.5449356614524536,0.8389418814351846,0.6332690572343986,0.4970873759820005,0.49154268900510795,0.4924577003960241,0.4974516379294963,0.48647306867886564,0.49911475737836253,0.49779871906793943,0.49633315260460764,0.502837059815653,0.494042294961289,0.5003406799897288
0.5283515192451261,0.8494841348492984,0.6457747861451364,0.4970873759820005,0.4915348552789865,0.4924577004953509,0.4974516379294963,0.48647306867886564,0.49911556083448105,0.49779871906793943,0.49633315260460764,0.502837059815653,0.494042294961289,0.5003445556465583
0.5122968076225776,0.8592931564790107,0.6577475614429935,0.4973130197491786,0.4915162387329177,0.49642809691221323,0.5001464821241058,0.5006560109263377,0.5030530999985474,0.5005803566151564,0.5044241662931983,0.4964283813803701,0.4832102757579086,0.49998813338735665
0.49591484793200985,0.8687904587036623,0.6697979457904031,0.5065157153512658,0.5029896081702837,0.49646542374276803,0.4974889003216892,0.4919532107550074,0.5001801929198211,0.511638579441449,0.5005337447985003,0.5048674552085755,0.4925793301591864,0.5038285968216368
0.4797176047250726,0.8776270290390401,0.6815405391246383,0.5061275739959921,0.5012860300005664,0.5013955081459535,0.5042822816533792,0.503562251799426,0.4985232094817919,0.5005337827401003,0.5062338726975248,0.5050161122622392,0.4949566703107526,0.5038698248882699
0.4636124705051138,0.8864468581695659,0.6932266006687514,0.49051578075921254,0.5032460703783438,0.49751941653093856,0.4965127816259554,0.49197402539824064,0.500180170860305,0.5116392567841913,0.5038121592349833,0.4984362961449925,0.49486135629821276,0.500325876451821
0.4471740461409498,0.8946197146243902,0.7049100849956256,0.5058802564834303,0.5023829737348162,0.4963508744965353,0.5042805267128998,0.5005984993499958,0.5000161209234724,0.5042235099802856,0.506303332096786,0.5047309118796182,0.5003218525360235,0.5014866454238757
0.4254741636356277,0.9053077074822212,0.7203059558610024,0.49983897962488166,0.5023829737348162,0.49751869542715316,0.5021420407073136,0.500646081755156,0.5000159142442404,0.5042198696023428,0.506303332096786,0.49732116824891737,0.4943685821368746,0.5138496335649723
0.41466017294809243,0.9101633744187907,0.7278502784211347,0.5073320835658504,0.5024073115294762,0.4975191409569153,0.5021423751508377,0.5008498157654918,0.5000159163011405,0.5042256931008388,0.5064015730895428,0.4973319201941771,0.49447521188013904,0.5016428853954542
0.3978718122844649,0.917694985384987,0.7395620640195468,0.5071111772018442,0.49385144861688723,0.4974630883556196,0.5009104490117677,0.5008673641371352,0.500047527030944,0.5026820286591732,0.5044018499774141,0.4963012697971837,0.4902974877583355,0.5014911764598564
0.380781838681052,0.9248133035941143,0.7513457465367835,0.5071107037053588,0.493853771795578,0.4988735380092733,0.5008601202024275,0.5009097099668821,0.5053786004559335,0.49923524533337016,0.5002705935026697,0.49628167405359763,0.49936228520339165,0.5014911764598564
0.3665568529339227,0.9304635144810024,0.7610888842001602,0.4997356945513358,0.5028863002953893,0.4989189862492185,0.5008601350312485,0.5025656516895622,0.5053948771031963,0.49924004216032797,0.5003079026418898,0.49628047055202446,0.49935969568855587,0.5014911764598564
0.3502731336952182,0.936747874161989,0.772199889748377,0.4997608025938514,0.502886304255571,0.49887424249084406,0.5008585116000066,0.502439360848191,0.5051750105036047,0.5026821466094057,0.5004876412861153,0.4962700876160987,0.4947817499013314,0.5014906098086119
0.3319486150950301,0.9434719640055719,0.7846247439614675,0.5071187543732911,0.5028863002953893,0.4991330001119991,0.5008920549041291,0.4947647493946829,0.4998406363054436,0.502682155086928,0.5065133206857401,0.49506424218525336,0.49935969568855587,0.5014914189404441
0.31985037063314087,0.9476878820778546,0.7927794589613542,0.5065305485848758,0.49738757063754657,0.502669093449817,0.5041588104593965,0.49455543769962496,0.4997978254370674,0.5028993170084695,0.4969951621213627,0.4949591666462219,0.49228218886718084,0.501510820586279
0.3036642756935532,0.9529256499912504,0.8036080877733186,0.5064213756139665,0.49508652574667866,0.49800816385094343,0.5007428549296121,0.4943134090885005,0.49835411209551145,0.5028972828274412,0.4971337407535027,0.4959046463513978,0.49928255833634577,0.4991080990512638
0.2894337085045355,0.9573770696137491,0.8130990225272854,0.5064158941356705,0.49508652574667866,0.50202974762508,0.5043755149380266,0.4945496223536238,0.4998306894970954,0.5028973119825927,0.49713851608032045,0.4960017678232339,0.5044359632428348,0.4991080990512638
0.27286271589165567,0.9622103727259866,0.8240863764652038,0.5076848524121766,0.49513631342029135,0.5026436732230125,0.5003951371494408,0.49882788961545615,0.4957418185872942,0.5028104841270329,0.5004765433438303,0.49604662221380164,0.5038652933727762,0.4981667001546209
0.25592581739805403,0.9668920004410965,0.8352712910081452,0.5067766073382196,0.5004472971084721,0.5041646281962202,0.5003948215227407,0.49455561995809333,0.495448191627318,0.5032296852462796,0.49719862431655415,0.49313480289840067,0.5005663244198669,0.5030580119162472
0.24183430163447112,0.9705937295731135,0.8445444214352232,0.5067690423084873,0.500195579440684,0.5023520125899461,0.4997903370736455,0.49503443448954504,0.5062279197106427,0.5065087265218684,0.4969352563004239,0.4931494822959829,0.49271404273001557,0.49884939603405887
0.22857945005179006,0.9736525680228977,0.8532023847104723,0.5010798981294989,0.5000613073271638,0.5044281456440604,0.49923146216107667,0.4948674562255443,0.4992565168713461,0.5061530694442743,0.5001317113242584,0.4963578777786214,0.49510698790726226,0.49923361040195774
0.21647903455690679,0.9764011292837321,0.8611010959085503,0.5010798976096955,0.5000613073271638,0.5026153992923406,0.49923146216107667,0.4948674562255443,0.4992565168713461,0.5061530694442743,0.5001317113242584,0.4963578777786214,0.49510698790726226,0.49923727533577233
0.20299076023847223,0.9792675742693193,0.8698789507150039,0.5010752418224761,0.5000600336479227,0.5025488916535711,0.4992337980115607,0.49883593234763796,0.49865745271655443,0.5063382908816365,0.5004785876775385,0.5009518581012157,0.4951031595270406,0.4970978371945206
0.18727049347812713,0.9824873536613888,0.880093155289929,0.49738224974941964,0.5000613073271638,0.49159024758081543,0.499198017622163,0.49480751347773566,0.4985497893388068,0.5061530694442743,0.5001317113242584,0.4963578777786214,0.49998463286037487,0.5041679787719006
0.17560134993600157,0.9846830049945289,0.8876508300114342,0.5009834541813049,0.4998314344110425,0.49859372297645105,0.4989040298278705,0.49500169528173965,0.49863270177156843,0.5004712861550585,0.5001290491189438,0.48774793399557287,0.494670642203375,0.4970978371945206
0.1604165122465689,0.9873213037884359,0.8974602826054159,0.49773406806654363,0.4926987979120376,0.5037788426307482,0.5004679992042619,0.49198392954925746,0.5017704235767201,0.5061212586219188,0.5063471784619359,0.4960324275762235,0.4947248236786887,0.49740903700634237
0.1466610107555272,0.9893814505895661,0.9063128750387716,0.4976939077662362,0.49914377330938287,0.503730702091152,0.5003288650419502,0.49137786423869606,0.4992261620579374,0.504154325381087,0.49659537360591605,0.4939526889714853,0.4943345663156407,0.4999812229654517
0.1301074317865209,0.9916941289620981,0.916951635274027,0.4976939077662362,0.49914377330938287,0.503730702091152,0.5003288650419502,0.49137786423869606,0.49919741605962353,0.504154325381087,0.49659537360591605,0.4939530308714903,0.4943345663156407,0.4999812229654517
0.12363060691892289,0.992456054885464,0.9211024759734818,0.49773211679359736,0.49914377330938287,0.5031992759595846,0.5003288136738977,0.5014484905151706,0.5019309991479729,0.504158037441664,0.5045887352988043,0.4940888973887707,0.4943935857775896,0.4999820919292945
0.1073460673310342,0.9943315275122276,0.9315369429166899,0.49773295520440514,0.4991437741571852,0.5032096075875176,0.500328905957785,0.5015368158486245,0.5019310630964272,0.5042558550726427,0.504756441464975,0.4961745366634792,0.4943935139508761,0.4999812229654517
0.0927862795900376,0.9957916157312737,0.9408515670365433,0.4977323468920797,0.4989651124855472,0.5032170298024786,0.50032762078793,0.5013070001101764,0.5018631022027541,0.5042142826343194,0.5044209540104468,0.49619204653894805,0.49439133139788527,0.4999812229654517
0.08395899491106633,0.9966428292364594,0.9464963262584787,0.49732213043602014,0.4917089939748974,0.49165989694223045,0.5006884058066757,0.5006627254988395,0.4985508181067113,0.49931064317871476,0.5044241662931983,0.4980001002679245,0.5006453180042081,0.5002432412856594
0.0732742647542814,0.9974091175029575,0.9533148480179674,0.49731980021783506,0.49911709679601096,0.5020335830749525,0.5002400833319997,0.5006560359958473,0.5000206231115407,0.5036989446725382,0.5038893817354719,0.4963073699139493,0.4935195683202227,0.49998665315429563
0.06416903701012504,0.9980066583577902,0.9591233968389451,0.4973119879620233,0.4991108998402805,0.5018329477709239,0.4967226760705379,0.5006560359974858,0.49858885383742163,0.5037069600696311,0.5038891190689151,0.49628800251220767,0.5004846542008414,0.5002380185735522
0.04017850757883174,0.9992385727664193,0.9744158586774827,0.49731980021783506,0.49911709679601096,0.5020335830749525,0.5007020947602221,0.5006560359958473,0.5000206231115407,0.5036989446725382,0.5038893817354719,0.4980269784048924,0.5004846542008414,0.5002417610525984
0.028571844322926098,0.9996383838706637,0.9818089715978644,0.4973197959727062,0.4990915444364615,0.5020337508219991,0.5010239304780013,0.5006560359958473,0.4999393600210484,0.5036989446725382,0.5038893817354719,0.49802692259074416,0.5004846900749385,0.5002417610525984
0.019898491108353993,0.9998479256235977,0.9873319726837617,0.4973199637870502,0.49917706287580904,0.5020227975117875,0.5005984891497652,0.5006560355821505,0.4991634080809709,0.5035565990607878,0.503891659294164,0.4979574643184928,0.5006680873220178,0.5002416985538095
0.0059333737047289085,1.0000280358277898,0.9962228472014623,0.4977375665091554,0.49917657273932003,0.502022790013272,0.5005555800425852,0.5014951569380987,0.4991931748319264,0.5035564983323948,0.503891244926971,0.4979364133798369,0.5006685194534228,0.5002416985538095
