1.0012337750008355,1.925080960626407E-10,1.2240344198757432E-10,0.49687284632890893,0.5026587113734439,0.5107248938771924,0.5306610860726091,0.5086758630523271,0.5011957974638557,0.4978552014416978,0.5005938046812853,0.4979633807668091,0.5053362622686539,0.5068938238825207
3.046993786263553E-9,1.0006645947502113,0.9999999980615119,0.4899224678804326,0.503429147126381,0.49695622857781124,0.4969274413881934,0.5026713872975328,0.5017135384196757,0.5109961695610142,0.5188358555124455,0.5001627019511917,0.5052717859172247,0.4956436293671183
0.0670612275579493,0.9981025021730857,0.9572905245877297,0.5006348418054074,0.5061417479709579,0.500201812332373,0.5120468210276983,0.5086721173002955,0.5047058761248745,0.49740419868577646,0.49422034741844717,0.4984070040848768,0.49516969827098106,0.4975118946558689
0.9836950679476375,0.18799427893696447,0.12021505173371716,0.5009395456893659,0.47364113690207393,0.4968934682353615,0.49295894381039684,0.5026219654444211,0.5010281169554424,0.49201295921199134,0.47526249740935395,0.50111812995086,0.5072209246027277,0.497584189278655
0.17912290528829916,0.9843172056770503,0.8854039542351358,0.49683543297468635,0.5016925038421619,0.510152662556067,0.5122152215181287,0.49383617067049157,0.5009906024737474,0.492270334747806,0.4987257842870715,0.4977925576757158,0.5075621340831756,0.5074162322514038
0.6363613931413538,0.7720806972580413,0.5611566821807856,0.5056076892543606,0.5087551562743409,0.5032649937258868,0.5017784270861526,0.5033890510029355,0.5183994186889493,0.49757283965220384,0.4988991855859027,0.4952078016133371,0.5038150959660503,0.49606272867784407
0.11489333178361012,0.9939525501213985,0.9267367611987706,0.5008015084814783,0.5087179143876477,0.5017530751221675,0.5012603248632679,0.502662252699205,0.502011893569092,0.4974107218378929,0.48408097754080504,0.49844647651976315,0.5027082838161644,0.5144430780345771
0.7844319291417787,0.6229335587178096,0.427264590846314,0.48719360759322144,0.5068157734966294,0.5033535777944713,0.5001370463023875,0.5189595986513532,0.5014470416048264,0.4919752125373434,0.48403266824645214,0.49792078009549195,0.4723217398371713,0.4960803719295077
1.0003023918411122,0.024607925146315945,0.015657997752760194,0.4881815948975694,0.5010749865499949,0.5031836080286142,0.4903842427789165,0.5026743972632595,0.5014470416048264,0.4919752125373434,0.4837075289537673,0.4978252222882135,0.5015422435285791,0.4960751115981289
0.768247373247206,0.641097037538104,0.44271956457907086,0.49667806889113475,0.5005831729763399,0.5108567752074499,0.4944336143965575,0.5086696835029518,0.5011255821497521,0.4978732581625373,0.48202010899785513,0.49716567481063934,0.5052270231011559,0.49782704654255555
0.9764584241125662,0.21749979780448747,0.13952519775402544,0.49664897318489015,0.50124196466793,0.5033321308074742,0.5021355548109903,0.5031803562352511,0.5047694238240973,0.49785698666576617,0.4833593553798604,0.4980316100845075,0.5047567811452545,0.4956148144558805
0.8088129780789258,0.5905746356534302,0.4015107450289832,0.4880477660933317,0.501310638727283,0.5033535777944713,0.49047297709382304,0.5030084726555512,0.5008036331800181,0.4917980589192069,0.4840269830057179,0.4979223232517801,0.47035918080395356,0.4960325597530802
0.9566144134784855,0.2930898234006859,0.18926825287967594,0.49628004960560257,0.4909344985652119,0.502077331352937,0.5017223954494963,0.5017762971291014,0.5075924437098788,0.4912996688425898,0.48476287708878574,0.49560611337794164,0.4995559346896489,0.4961543095679987
0.48281457994577465,0.8768435501097528,0.6795732217978873,0.4900592978392111,0.5035496947077779,0.5006006620004989,0.4966193398196245,0.5142529013692514,0.5161431893900423,0.4946463032312506,0.5176654727718636,0.4970973625786098,0.493465738849026,0.4982752222301629
0.7597817226034141,0.650799013015208,0.4509117141919759,0.49188340687585597,0.49557204408185207,0.4999345595264893,0.49035215179772995,0.5017926939758001,0.5042660022418213,0.4905746302531666,0.4987257842870715,0.4978257048007323,0.5074310811587037,0.5073031338585196
0.3693020206643941,0.9303893207693625,0.7594472159733268,0.500772270923791,0.5012816745066186,0.5103036570993655,0.49929433553298835,0.5028174244241799,0.48939623911302643,0.5156075301017462,0.4987968368563136,0.49816507141505384,0.5074391636888247,0.47830666116049886
0.3814144052201257,0.9257447669247244,0.7511993208273229,0.49687284632890893,0.5013242906971973,0.5106868054415927,0.5308064027101411,0.5085131155979256,0.502678641972068,0.49774765510457647,0.5005938046812853,0.4978988542232972,0.5052270231011559,0.5069142860443744
0.5101629129387916,0.8607860891321315,0.659400102786094,0.49707110617841377,0.5079439107134033,0.5008626969288714,0.4977881794473813,0.5024781762114034,0.5146758231176293,0.5089809731749221,0.5012555112494572,0.49715024486515536,0.48535747497529846,0.4976212634876551
0.6198664561040818,0.7857666910326095,0.5747912229707568,0.5009465679466597,0.5085489351174425,0.5018628460147218,0.500619305041713,0.5027789932273063,0.5178431283307406,0.49703556624797,0.5186694383847933,0.49823101484913584,0.5074034012717241,0.4964924568658339
0.23518426733559317,0.972326923418552,0.8489175718744021,0.5017313870512957,0.5018043583766948,0.501218945002459,0.5122579402287376,0.5029169323908491,0.5113917132526968,0.4941286691259985,0.4984887663957077,0.49783221411842543,0.49574052617792885,0.49688531652833334
0.9048457274143815,0.4301510960940492,0.2825085072135749,0.5000590606355603,0.5339447831741544,0.5015549503872808,0.5017411606084756,0.5189971975036916,0.5072661276535733,0.49787044112906825,0.48312205594629176,0.4981936808611917,0.5024151968331039,0.4959736056706766
0.650454929391203,0.7602188858628406,0.5494355200560058,0.5055141135477506,0.5016570638538264,0.5032646772684471,0.5014650076054112,0.5003328866887436,0.5183994186889493,0.49159442783557805,0.49851851824092647,0.4950504633578442,0.5038150959660503,0.4960569936350988
0.9993560776907806,0.05259535887528363,0.033473936899126006,0.48776888824540826,0.5003497732830665,0.5010679562858537,0.4904256176398291,0.5026694044283443,0.5012971531447603,0.48569994472964695,0.48385637673305604,0.49781030977762825,0.5015522154798816,0.4960635844984837
0.6709901261269761,0.744390688800522,0.5329850641378124,0.5054564950697011,0.5004942636094974,0.5033316158220531,0.501447582284395,0.5014000289811334,0.5401121241816834,0.49150827062058666,0.4836306124675557,0.4952341860822915,0.5121423723225216,0.4975717189251828
0.7299808912050896,0.6845958246248324,0.47958179104409804,0.5047488194362048,0.501447956030674,0.5007747886112219,0.5011130544543677,0.494813898504318,0.5180632985391914,0.4925519813438591,0.487598629801072,0.49748365949067264,0.486731243089047,0.5003878468169428
0.9121169080506965,0.4117740115352147,0.2699637267448991,0.4965961632303312,0.5019618338371277,0.5001766329674313,0.49519150288665204,0.4955975619373552,0.5073829558084871,0.48904170360425436,0.48382225106667276,0.4956630092401621,0.48477740037255274,0.49647289678377865
0.40209402104771613,0.9160201731611499,0.7366729145199519,0.49911243953893786,0.5012438296145197,0.5007053087151654,0.49277142734085483,0.5084690699486395,0.5048034232736269,0.4976209109885871,0.5108735779761043,0.4971534203827107,0.5078062749325318,0.5065868654906779
0.20147225632404228,0.9798305514357728,0.8708979484547447,0.49795285391564714,0.5061417479709579,0.5007386820306531,0.5117230222385807,0.5086721173002955,0.5047058761248745,0.4961917267265909,0.5004100619196546,0.49825855517080686,0.49516969827098106,0.49665899305749034
0.9467574736820191,0.32335735610400806,0.2095242944539702,0.4986449372783669,0.48720596542932887,0.5038793208674915,0.5006609001114865,0.503152482397842,0.5081723329618102,0.4974280639627816,0.5021979650972849,0.5062444684444519,0.48871596040218657,0.49561365570461396
0.5886173948732255,0.8088524097529967,0.5995100040953236,0.49707110617841377,0.5037622698196383,0.49687303334875266,0.4977881794473813,0.5024781762114034,0.5015711540002451,0.5089809731749221,0.5011881652397076,0.49715024486515536,0.48535747497529846,0.4976212634876551
0.21564460805497357,0.9775567738523159,0.8617782446991331,0.4906302415334672,0.4953675464587078,0.4805236802507382,0.5144655133453336,0.5012372850592708,0.5035151034134199,0.4948806930456425,0.48347713753430355,0.49789080202212027,0.5051228007598951,0.49578818365220667
0.9237425926226865,0.3843259347429705,0.25099891366606947,0.49867167937716383,0.48720596542932887,0.5038793208674915,0.5006640816616454,0.5031532756624061,0.5081723329618102,0.4974280639627816,0.5021979650972849,0.5093586729022846,0.48871596040218657,0.4956134466833059
0.41128811364182516,0.9118382602067077,0.7302451530779672,0.4886882449540665,0.5034294784821074,0.5015572829249204,0.5006223975396871,0.5050842783151386,0.4922977476572435,0.4942354760481519,0.5000097592465422,0.4981112818556038,0.5047217070470179,0.49592314422705286
0.9693828992376764,0.24847256927581557,0.15973957003434036,0.4967499712216329,0.5002767760972573,0.503187956688064,0.49277142734085483,0.5034715721768005,0.5175235439193453,0.4976209109885871,0.4835338665224397,0.4971534203827107,0.5059957954509977,0.49723872916194006
0.9649231166942777,0.26414565994605504,0.17010592042344272,0.5010087257360033,0.5012062413701319,0.5033336105049281,0.4990625983358835,0.49385704839468286,0.5011033630623772,0.5001073733238824,0.4869559467812779,0.49815543106578275,0.48657579187853267,0.49581704912178853
0.2525822120623467,0.9680824867230646,0.8375218601026198,0.5047494322349879,0.5015265540060576,0.5007989601321903,0.5048051673294456,0.5191174305942803,0.5020793197168151,0.49756836595986687,0.5016355076885243,0.5057636286217274,0.5041126507287154,0.4963283634352781
0.30076832604092646,0.9539565534339087,0.8055634586992305,0.50169662719796,0.5018077345047347,0.501218945002459,0.5011624376130438,0.5035221851536935,0.5013772243568452,0.49386064463959956,0.4957470000169208,0.4881371485312055,0.49574052617792885,0.4969374544014589
0.917535026217518,0.39888867200851874,0.2610720659096434,0.49799154458263933,0.5063494579587747,0.5005911925323971,0.5121070222465549,0.5031790876314585,0.5153762650420003,0.5003547570016813,0.49966991918610476,0.49816798600378287,0.4942867769371285,0.4958550374672496
0.9969924965650012,0.08436973013422881,0.05374541211831396,0.4967298670429997,0.5007109534292008,0.5001493692608321,0.4961874698772787,0.49605518155181594,0.5008637905865065,0.49951139881817935,0.48319268001620697,0.4971415531746633,0.48523024458459313,0.49778992201408523
0.8565020257749554,0.5176838132940362,0.34610500951419054,0.48926995715902294,0.501702537598752,0.5016922932343253,0.49726714028792823,0.5023661940328158,0.513533525445586,0.4968403814588046,0.5015872567421789,0.4982313026556897,0.507680675225001,0.5201013691812392
0.0478966284381735,0.9991451557552051,0.969505315920463,0.5021001101971605,0.5017265470960081,0.5007764423818686,0.5011242085277363,0.505329203005394,0.5041485307212542,0.505740642786435,0.4981580380989028,0.4960558053822264,0.4869839101549876,0.495958967768207
0.4760798143157551,0.8807654695413598,0.6845273924021639,0.5010568322626582,0.5019267507954699,0.505144658942124,0.4993496147091349,0.52386712428137,0.5054986786013352,0.5059527356476834,0.49831389488552513,0.49816507141505384,0.5074391636888247,0.47830666116049886
0.5993315341837847,0.8024067446737871,0.5915923072140926,0.4871333136612854,0.5086784930730579,0.5033865358385495,0.49439948617599844,0.5191775440506515,0.5144259748881321,0.4967442123529683,0.507955163258937,0.4980073584711196,0.5080704127616665,0.477115616985705
0.8971561027190179,0.4430169752145995,0.292002513813024,0.5009465679466597,0.5085489351174425,0.5018628460147218,0.5006375753322642,0.4960562458913253,0.5161927361574966,0.49703556624797,0.4920126510672402,0.49823101484913584,0.5074034012717241,0.509500011793183
0.7978015352554639,0.604285296279366,0.4126852886096076,0.4880240917891022,0.5011982604501877,0.5002329473143426,0.4854056158499069,0.5020101676667582,0.5153937514955083,0.49600480973332084,0.48647657418869783,0.4979057572270656,0.5015981078566379,0.49564523305890523
0.45463558650962843,0.8923780970368405,0.7000304508346318,0.5050983998981694,0.513115138822641,0.5033535777944713,0.5015241156249033,0.5183554869025713,0.5008036331800181,0.4917980589192069,0.5006418648668252,0.49804999783723086,0.47035918080395356,0.4960325597530802
0.8652894410878994,0.5076496957962905,0.33777087915580406,0.5032996664679764,0.5007341771473258,0.5040471008216626,0.5017309908442842,0.5031664539518895,0.5154510183637601,0.47781647417254125,0.5021641568755388,0.49537334664329746,0.5490335897429814,0.49686895690798494
0.6104625434682925,0.7928370830871214,0.5822747493352461,0.5006466658369914,0.5010178769449165,0.5038793208674915,0.5013812613638183,0.5031532756624061,0.5190849952215496,0.4974280639627816,0.5021979650972849,0.5092825726839335,0.48871596040218657,0.4968617234692488
0.9389248534061047,0.34743562989255583,0.22562520284213486,0.4977642734840966,0.5003497732830665,0.5012144138819561,0.5005434004889066,0.5026694044283443,0.49570923444013404,0.48569994472964695,0.4991026282555854,0.5093577397129608,0.5015522154798816,0.47141080171527977
0.7461683791399173,0.6677397671571111,0.46472324506928214,0.5050983998981694,0.513115138822641,0.5033535777944713,0.5015241156249033,0.49672959755781887,0.5008000848035696,0.4917297319677489,0.4877552907835511,0.49804999783723086,0.47067355775824865,0.4960159955086489
0.6612225186203414,0.7511560718605521,0.5404822669329565,0.4961991397475843,0.501310638727283,0.5033554677640538,0.5012172393127479,0.5030084726555512,0.5194883122121107,0.4979001170145288,0.48390810716667326,0.4979271979885543,0.49431996708150894,0.5027204181938816
0.3464739913382706,0.9384623873751697,0.77484659624889,0.5005536354615818,0.5006035586568167,0.49677568420443385,0.4962106566425731,0.4957975183472354,0.4910014358285206,0.501490834820985,0.5020342554778543,0.49825656527305195,0.5154553989656524,0.4976468408141555
0.9869711589040728,0.16366460822415313,0.10461557509185712,0.4899972096385652,0.5012867122337771,0.5013570957805277,0.5012173842158151,0.5026808166962368,0.501587204596369,0.49948034896969856,0.48370710702367703,0.4954811066297959,0.49463343502701884,0.4956073397646122
0.6855316967497856,0.7298925240148325,0.5199457788941945,0.49621203737101677,0.4717930453724358,0.5008615442247665,0.4977996738765131,0.5024805283068098,0.5146758231176293,0.5089809731749221,0.5012555112494572,0.49715386265129496,0.48535747497529846,0.4976212634876551
0.15015484151192485,0.9887993808385499,0.9040586396846299,0.5016382954627828,0.5003619623252522,0.5010710154608052,0.4982318549153879,0.505256477963717,0.5013016661394649,0.49385760418364677,0.49886655482672093,0.49803133670668176,0.5070820835367593,0.4975754942524988
0.13548635033826956,0.9915853230133278,0.9135500952249773,0.5014186999265384,0.5091361557210943,0.5033321308074742,0.5017766110788796,0.5041580520309799,0.5186665514605677,0.5000827788211567,0.48359119581746207,0.49841543718929954,0.5065181836725086,0.4956458380718197
0.030841547134241178,0.9999645958850527,0.980371188634087,0.4962336804477035,0.5021101980701494,0.5014255983540479,0.49073515187043837,0.5026688523378697,0.5016261486570965,0.49949874222699475,0.4836943865306929,0.49763290204748134,0.4939886299254863,0.496004853319061
0.9980471490881794,0.06806937986148992,0.043351968791870754,0.4916862097380832,0.5016949718069872,0.5008061297430154,0.49771642480472206,0.5028970573329528,0.5146475260038581,0.4978666612789255,0.5013062859097531,0.49714325598012143,0.4941000037081804,0.503959955761226
0.43050058090292403,0.9033871567960983,0.7168923175256057,0.48938176154238816,0.5034898414949392,0.4967745436721008,0.5100841413744303,0.5026054473415349,0.5075705789833567,0.4908156577465132,0.5164985602964861,0.49826632475788724,0.5072212005860995,0.4974570809171335
0.8915319044272692,0.45454205328016956,0.30016089836676996,0.4987974221206772,0.5003459880601405,0.5006239309891816,0.5010297761336794,0.5026693444623597,0.5014329112795852,0.4854535746016371,0.5185730805706308,0.49780986821595274,0.5046398648064895,0.5111118022103351
0.8809559365350257,0.47370093423244464,0.31408300852459503,0.4991299434805942,0.5039751179536243,0.5007954801827315,0.504059137532358,0.5053885888726943,0.504597123800979,0.5065273359147536,0.4979628570245839,0.4981990641090724,0.5076247539625736,0.5067797937568572
0.7425725897923254,0.6703875434620933,0.4675047374943763,0.4967229552335637,0.5015562710726328,0.5007747886112219,0.5000461152362721,0.4967824190490925,0.5076356053998364,0.4996645874389849,0.487598629801072,0.49760593337268705,0.48702166833298005,0.497515224640949
0.8191513865893673,0.5749545237578914,0.38960721791526903,0.4890894951510982,0.5002883604961313,0.501280160743328,0.49277142734085483,0.5026225231464682,0.5048034232736269,0.4976209109885871,0.4765624878154014,0.4973108454838734,0.49579464371794296,0.49722883850853117
0.7936679359063172,0.6127959017855564,0.41857723891039367,0.54446901532494,0.5026790400229825,0.5031615944299329,0.49038107030842804,0.5021240165074651,0.49300165484918446,0.48764508121387085,0.48498243250725603,0.4967093441448685,0.48679686085996005,0.502476178034684
0.9458331830489172,0.32518597108534236,0.21081590583032755,0.5047238502631117,0.5015642415072447,0.5031682841560404,0.5046566681370279,0.5026753204014384,0.5017919055992057,0.4926327690170286,0.5020038065522971,0.4978210231850592,0.4940722997840504,0.5028493192597767
0.8751493410493945,0.4913960563249402,0.3257132854225242,0.4890894951510982,0.44470130669110786,0.49620194295770703,0.5035485792898092,0.4962812601837091,0.5161664414079926,0.4976209109885871,0.4911368393881188,0.49715211609453464,0.49040959707430065,0.49717162718455854
0.9921660249897523,0.13027530774914045,0.08311520506346776,0.4918100427197044,0.4949901678607245,0.5004875552453815,0.5007540911898919,0.5019692310131508,0.49250425162817973,0.49240419994935714,0.483119365809773,0.4978259856982769,0.4872036404947282,0.49574133051624447
0.3284575856037873,0.9456380203816233,0.7871762019786411,0.5238035616917192,0.5072458728738424,0.5046781289364984,0.513902629564487,0.5092356945134613,0.5010408186144768,0.49502295868883994,0.5027057080444444,0.5075147557317325,0.5064846884910557,0.497552440765631
0.8487503158154114,0.5296374328508555,0.3551666740294386,0.48926866448276346,0.5017126621157628,0.5017557107367716,0.5010096588420533,0.502350150667112,0.5134468486928486,0.4921346345839916,0.5008359446156294,0.4981436388685246,0.5079960669655056,0.4971944291502016
0.5744489047277505,0.8193232446804213,0.610718894153802,0.5019995905948934,0.5010334697212128,0.5033535777944713,0.4947471486955181,0.5026765723421645,0.515231600053059,0.49199551922070245,0.48402250313649015,0.4979223232517801,0.5049256645972289,0.49686084467726255
0.9952730541923028,0.10405714218703238,0.06631851525385585,0.48956124485277436,0.5017052444480024,0.5017557107367716,0.5012632620504358,0.5016195163341638,0.5141307737506442,0.4921384054092253,0.4829299421321988,0.49791943217389406,0.5024786336854485,0.4960747333515086
0.7006307127803084,0.7145890814312923,0.5062788023307264,0.5028654797909243,0.49549066394471025,0.5034010164079837,0.5006318927480814,0.5031206928153555,0.4924449959533376,0.48585773470314336,0.48443842694199934,0.49575600147647914,0.4867592299513801,0.4958331404534375
0.9943062021029552,0.11170219279209692,0.07122042429258174,0.4893476814872927,0.5004562162733032,0.5017541725661453,0.501274059906427,0.5016050739930841,0.513391248108599,0.4995974368350591,0.48560348119747687,0.5062052842357259,0.5026568422711165,0.4972294327833987
0.28711020234219314,0.9582232608885961,0.8146703256613287,0.50169662719796,0.5018113641059175,0.5107824598255942,0.5013079616945096,0.508793272169187,0.5073192284588477,0.4978308022967717,0.4957435375417598,0.4974426880934083,0.49574052617792885,0.49692364707005526
0.9909013520747921,0.1391375162022447,0.08881039510834049,0.4900012193999809,0.5017017152631846,0.5017557107367716,0.5013276407000095,0.5016195163341638,0.5134468486928486,0.4944263036199532,0.48404768783036756,0.4954495535807913,0.5024186589351954,0.4956503530790605
0.5390424883084322,0.8430489498769385,0.63783663210784,0.4967298670429997,0.5013339189374815,0.5004352260301002,0.49856160342265404,0.5023136176182991,0.5147040247020812,0.5116781275016072,0.5006340360816954,0.4978984263579703,0.48452699593684,0.4943384050439399
0.5638061382814339,0.8268146995546121,0.6189985163977242,0.4891437804543529,0.5016672355551043,0.4927515180418293,0.502058470171534,0.5028115887968667,0.5144129256727142,0.4952574306314274,0.487598212209548,0.4982355771798328,0.48697407683100397,0.49725466135782226
0.9605356424662511,0.279686054149081,0.18038171393689018,0.4978684410725606,0.4908415607078417,0.4968730286913776,0.49792827269230355,0.5018148897590249,0.5017725336301794,0.5012899751353069,0.4995893557796527,0.5090219951414149,0.4851377115246455,0.4963433874688387
0.7118943423212039,0.7035877100158341,0.49626409557449286,0.49945710888190864,0.5098005698720771,0.5007924740173908,0.5041586093506775,0.4936256456142925,0.5011733270266732,0.5203587737397074,0.4987869395110958,0.49817106430067043,0.5075713232727221,0.48322817481575664
0.8709583646058984,0.4949362867754138,0.3289789972099263,0.4720466965676033,0.5007492584683367,0.504030003226646,0.49694604776935414,0.5001576201863355,0.5014833946490442,0.4975226939198805,0.5126863403217914,0.49791455556611175,0.4723015651015613,0.4960921701355032
0.31733548792346356,0.9489478723845748,0.7945518595333505,0.50169662719796,0.5018045154221398,0.5012184206178687,0.49064408362102974,0.5035221851536935,0.5013696310663932,0.49386064463959956,0.48353909767957076,0.48822584119564744,0.49402840593434283,0.4969374544014589
0.5522461777147976,0.8343680161482706,0.6277830647967213,0.4965881734864873,0.5035621799536928,0.500586315361411,0.49856160342265404,0.5026780246901585,0.5134606151539941,0.5115007251046364,0.501785262904844,0.49717004860205105,0.48536756164419226,0.5002764651596209
1.000380923500378,7.149304149567569E-10,4.549655309658242E-10,0.49687284632890893,0.501325812603325,0.5106868054415927,0.49035215179772995,0.5086696835029518,0.5011957974638557,0.4978732581625373,0.4989394389788056,0.4978257048007323,0.5052270231011559,0.5069142860443744
0.4347787966707514,0.9012339309185466,0.7138458233981503,0.4893855397752268,0.5034294784821074,0.5011729621196018,0.4995578262168612,0.5050801848590191,0.5078279425130059,0.4907866017581615,0.4830436403046826,0.4982682959236818,0.5047217070470179,0.49592314422705286
0.342718135960748,0.9397055131752392,0.7773631310228984,0.49799154458263933,0.5063494579587747,0.5005911925323971,0.4922438766652051,0.5031790876314585,0.5011914099948418,0.49243332374053816,0.5021686774827601,0.49779250580132167,0.5078864660834493,0.49762409235534094
0.9374372622319623,0.3536667155930029,0.22966637362322845,0.49786768882343013,0.48720596542932887,0.4966875062965828,0.5006640816616454,0.5014424323228704,0.5082430129266933,0.4915177204333507,0.4995088597241444,0.5093936370582702,0.5387707073009983,0.4956134466833059
0.8384355232971973,0.5474239587411759,0.3682330035434806,0.4969808467499144,0.5013231249162446,0.5106868054415927,0.5310864686758974,0.50863381357969,0.508194814016422,0.4979795820866701,0.49756732865204456,0.4978988542232972,0.5052270231011559,0.5069142860443744
0.44771061914542815,0.895322614488681,0.7048047147076618,0.5033006574735868,0.4751502225747035,0.503305441120996,0.50417276472791,0.504800016173409,0.5008728921557883,0.49382942740899416,0.48383337599433224,0.497670489693346,0.5053357803041846,0.4969521858401593
0.6927261888607046,0.7255155773855981,0.5147158654278606,0.49620006487684676,0.5012867122337771,0.5488654358708023,0.4981069559985895,0.5018131431083291,0.48012046943160447,0.49948034896969856,0.4837058360579618,0.4976330350230689,0.49431996708150894,0.49740594323585224
0.5350491469965176,0.8455149379459013,0.6408224273236076,0.4965881734864873,0.4955941969300357,0.4999353783221689,0.49679272457630735,0.5018201174986151,0.5134606151539941,0.5115007251046364,0.4987768489502427,0.49717004860205105,0.4852119372043577,0.5002764651596209
0.9313504089801503,0.3648408302952797,0.23768805984243643,0.49786768882343013,0.5016952056124735,0.49667871285576864,0.5006640816616454,0.5030005021283489,0.5085557007158352,0.49470716151470656,0.4989577354399979,0.5093936370582702,0.4936995775306377,0.49825583128664713
0.8218175781799205,0.5707456272426722,0.38644071738479047,0.5016875449012742,0.5018047044358765,0.501218945002459,0.49760441892170104,0.5029169323908491,0.5073372140346172,0.4941286691259985,0.48296006806353775,0.48821688599623037,0.49574052617792885,0.49688531652833334
0.11868069494260529,0.9936790080895953,0.924323386216775,0.5008015084814783,0.5087179143876477,0.5017530751221675,0.4981500415491095,0.5017945791112974,0.48054515840432754,0.4974107218378929,0.4840797065750898,0.49844647651976315,0.5027082838161644,0.4974495654440148
0.014157000231119462,0.9999893604598752,0.9909878798965467,0.4962336804477035,0.5021134171527444,0.5014261227386383,0.5012535058624524,0.5026688523378697,0.5016337419475484,0.49949874222699475,0.49590228886804294,0.4975442093830394,0.49570075016907234,0.496004853319061
0.8309296801839288,0.5571834741819028,0.37604443575895874,0.4890168577412632,0.5011731616608694,0.5038824626911735,0.5017332482714246,0.5031664539518895,0.5135153065686955,0.4911350315854344,0.5021641568755388,0.49816798600378287,0.504902723732165,0.4977107961613102
0.8287979854934475,0.5606541525588147,0.37863375976472,0.48872104091121166,0.5011731616608694,0.5038824626911735,0.5014212654451543,0.5027013730881839,0.5135153065686955,0.48928346978150317,0.5021641568755388,0.4883833082562764,0.504902723732165,0.4977107961613102
0.9732726908775535,0.23172515580977646,0.14880154585982752,0.49663054452140715,0.5017189596983774,0.5033321308074742,0.5021355548109903,0.5030956177023268,0.5071248169210048,0.5084626004276593,0.48354234947182717,0.49809072876864807,0.5047567811452545,0.4956450821695434
0.7061329749434353,0.7090814927310187,0.5013263586895567,0.49620407463826255,0.5017017152631846,0.5017604362757314,0.5013274957969421,0.5016195163341638,0.5134468486928486,0.4944263036199532,0.48404768783036756,0.49760148197406423,0.5021051909896855,0.5144424691408631
0.7215673437729997,0.6945130202239364,0.48783881009174396,0.4998621629227126,0.5011059185811112,0.5103251279834874,0.5280462462059444,0.5190483836788107,0.5012302192892203,0.4850709699797637,0.4983629349367821,0.49816409769722675,0.5012678739299887,0.49633615986071067
0.5456673502711619,0.8392892587737838,0.6329991791308358,0.49125468796239646,0.5008558804594008,0.5031893384623257,0.5168605749515985,0.5095060538443827,0.5137095952032701,0.5068234487457237,0.5189010795301486,0.49853033083733944,0.5036184753785652,0.49683285205706673
0.43990534503746104,0.8988841694860809,0.710259051895336,0.49738989198048433,0.5011353513314715,0.5046107204150544,0.5017478239757621,0.5049533986588112,0.515167722974699,0.5103754604398281,0.4830714537672734,0.4981969570156624,0.5080381540355645,0.49768769811363595
0.6964161928700644,0.7190504619339211,0.5101791131477098,0.4972716085670688,0.5141786997555093,0.5007622039780224,0.5058427771062443,0.508881119274377,0.4853836974876271,0.4917266220129177,0.5182493763832471,0.49989180645349046,0.5080203710486279,0.49646583514268394
0.4962902009814487,0.8694761133219678,0.6698067961818002,0.4968271529310732,0.5146120141728983,0.5033088421036245,0.5118355039471486,0.502757398291378,0.519531296968358,0.4944227250124356,0.48293914258162707,0.4961391167584388,0.5051986873401934,0.4957704153479826
0.6299104070967593,0.7786595466459066,0.5669806717723905,0.48895175350473236,0.5025727201930639,0.4758188869873449,0.5124351159316929,0.5028195313205629,0.5137365869950317,0.48838340502933264,0.4832141424157202,0.4960098418472888,0.5061489158573125,0.5035471398143283
0.939304314054419,0.3451478646217406,0.22417647429755708,0.4905400171960152,0.5008862738680425,0.5034836448136706,0.5105809249292409,0.49541356544908344,0.5075778289100518,0.49411925147832064,0.49076591454937435,0.5103028288290182,0.48686027334874826,0.4957467583601648
0.6769426073617507,0.7368633616693095,0.5269654546671507,0.5009835850530725,0.500624504815336,0.5023281082176907,0.5032227440084204,0.5027976166400595,0.5022013097974984,0.4931351393814369,0.48132105935912245,0.48828906047639703,0.49476687982609663,0.4956558901994606
0.4167313353497911,0.9098081768298094,0.7265575577259425,0.48995632915772036,0.5008862738680425,0.5032802519561593,0.5104215733289628,0.5054436229909736,0.5076075187025145,0.4942901112571937,0.4859112094737456,0.5103758508332366,0.4935665872111575,0.4956376076701721
0.5146443922362303,0.8584211107758777,0.6561809421387361,0.49713191427436865,0.5152190609118329,0.5009989945508813,0.504090450796198,0.5073553403622578,0.5136624118966837,0.5101341161362938,0.5128022607804482,0.4984044953955802,0.48989673259998634,0.49830044585575123
0.8099194533222606,0.5882680172594549,0.3999110353703842,0.4939728642986619,0.5131388241138896,0.5009434242718713,0.5011213315007583,0.501402201697836,0.5136910197490016,0.49539556003632357,0.4766060592019597,0.4972191977163869,0.5052336546713947,0.4968754996601306
0.6165727352378484,0.7882005043576901,0.5773952753641087,0.5015416940361667,0.5086236236708841,0.500865645421162,0.504051819512809,0.49611855002101973,0.5152436956775627,0.4903795585017185,0.48493498354349257,0.498556289606643,0.5064969502987733,0.4976366541503825
0.7793499529140776,0.6283690251479748,0.4319811546100183,0.4898617540801206,0.5014629986717025,0.5013173101694411,0.5024048800028327,0.5029339094701022,0.5126584238852587,0.5101532026816626,0.4906014237946165,0.5229808888259879,0.48960379919383673,0.49726913436583464
0.787407503693158,0.6181317421649722,0.42369635957518664,0.4924611890236774,0.5017456019455317,0.5010199421552054,0.4951213563832165,0.5029539263023883,0.5171772519620303,0.5090693493185093,0.48210479882794727,0.49811620263870376,0.4879112204634313,0.4896327470217322
0.9896293623378283,0.14791497945467733,0.09445317841407058,0.501161297231296,0.5029524519805033,0.5003986423532518,0.4999649235681189,0.5027734183471044,0.48694602232120376,0.5104439696410996,0.4820675957591391,0.49824007012467164,0.5004999185407522,0.4997866987517943
0.9699916955867495,0.24592517604990227,0.15807353520042206,0.4915161138325763,0.5005824080022174,0.49995151639402363,0.5032227440084204,0.4955146921330923,0.5022013097974984,0.4931351393814369,0.48147177945332453,0.48828906047639703,0.49476687982609663,0.4956770211074702
0.5748878121829617,0.8188444483130407,0.6103153236137145,0.5009230837168597,0.49257654506089055,0.4999562367859709,0.49361648318084245,0.5088928751770824,0.5029613336366352,0.5061496064296701,0.48985771321061955,0.48779740649297887,0.5032368445328939,0.4959552151988176
0.7360543797961621,0.6776098055836356,0.47369545367972904,0.48914379290205384,0.5011731616608694,0.5036573712602814,0.5009626228975715,0.5028776015106983,0.5148549540864572,0.4943448307922971,0.49945007956150633,0.4981627740694754,0.5080316572621992,0.4983302892148763
0.8277006802027045,0.5616134092241869,0.3795307668535465,0.5007360886842048,0.5025395686339684,0.5005255916501768,0.5001904117301251,0.5026888662711592,0.501184876277348,0.49340709978180836,0.4993631781417564,0.49827460127264694,0.48706676501732643,0.49564883908600593
0.45769153381626915,0.8899949747202784,0.6976101690815754,0.48883162433001587,0.5136167408590353,0.5033305360306406,0.5120865507891852,0.5015718763428115,0.5073814832945024,0.49627590825802786,0.48530113461016366,0.4976724179459895,0.5040547864762128,0.4968501213277397
0.879723402978287,0.47780684500965126,0.31675385312962834,0.5021453806654117,0.5040118382075977,0.5032915925145941,0.5034481265535307,0.5144772507088229,0.47571276287531017,0.5058339875709109,0.4922367162053421,0.4982135907930231,0.5125845586380043,0.49736116583668133
0.47710577798075854,0.8794595370378971,0.6835580026999333,0.4910251877105394,0.5008007415781182,0.5031439588072727,0.5044417529611364,0.5021509978518105,0.49300165484918446,0.49211302686305636,0.48498243250725603,0.49813605957744234,0.5061608944677055,0.49323342080097743
0.7656188265059836,0.6445044364746413,0.44545508537397366,0.49984252574084787,0.5017354075597608,0.4835655731612099,0.5030883509115635,0.5024502112203748,0.489630001847908,0.4910575594186223,0.4841966581946981,0.49810115804737337,0.5066244973497607,0.4976832630581105
0.8996792668246625,0.43832829825727565,0.2886175386261085,0.4967691548675439,0.5007145247550622,0.4968088426030973,0.49856160342265404,0.5025061835441813,0.5146338093879775,0.497868021826564,0.48339973191802216,0.49715024486515536,0.48452699593684,0.4976212634876551
0.5590673518927914,0.8295153462560264,0.6224584932576679,0.5005405578659127,0.501646196906231,0.5004285680467756,0.4962106566425731,0.504084924325874,0.49013319548047574,0.5116040055764266,0.49953549718119905,0.4976720874746935,0.4939938524141999,0.49575658183629734
0.6393607347242374,0.7698004219224616,0.5587615700607917,0.48792880085330115,0.48762484596552724,0.5033535777944713,0.4947471486955181,0.5040921804752095,0.5149659229291276,0.49199551922070245,0.49798008886938405,0.4979223232517801,0.5044804688018745,0.4959728251775389
0.8180728381112201,0.5755066761232449,0.3902892440733302,0.5007360886842048,0.5025395686339684,0.5005255975404628,0.49995318743275785,0.5026888662711592,0.501184876277348,0.493866285492859,0.4990370360608728,0.49827460127264694,0.4873057625967816,0.4973633548801942
0.14735519972122457,0.9898021320071886,0.9059152703489013,0.49687873961052187,0.5069004028769353,0.5024443232037066,0.4988229205273303,0.5031588406764962,0.5012108888378954,0.5126728441026465,0.48296196345942494,0.49803205852794513,0.4868278630272879,0.49750621719735094
0.7478743531121194,0.6642544918758697,0.46234623591895563,0.5005798456904569,0.501646196906231,0.5007230333829535,0.4962106566425731,0.504112931658652,0.49011813489780276,0.49152408626888,0.49994214837852585,0.49572724273400004,0.4939938524141999,0.49595884632583737
0.7091139439118634,0.705952446621568,0.4985776862838339,0.4979449709983121,0.5061417479709579,0.5010253601108731,0.5118944204795833,0.5088997734525414,0.5011650730137945,0.49618167859954865,0.48403766388395614,0.49698404548709374,0.5065623633066747,0.4956450821695434
0.9089344217350112,0.4173487408484208,0.2740313340329855,0.5005798456904569,0.501646196906231,0.4967905622505296,0.4962106566425731,0.5041000481793555,0.5081677743629477,0.5004257512419826,0.49953549718119905,0.4976720874746935,0.49401576064424485,0.49575658183629734
0.7548717054145385,0.6561582667149619,0.45553552613736903,0.498152493905841,0.49518449552131194,0.5031439588072727,0.4999105898907341,0.5051328188830165,0.5011899162002945,0.49234938146631774,0.4982870476214676,0.49695181318552706,0.5023654519106382,0.4931549874620577
0.8892960720005049,0.458619214851535,0.30311808555590053,0.49724229851483914,0.49534890568910356,0.5024611354688286,0.4993629770207894,0.5029683993571978,0.504593477188927,0.505092420189201,0.48738091329403344,0.4986167803253806,0.4818507669993344,0.49730255352330416
0.8583295352876944,0.5141063179777391,0.3435553765142421,0.48914379290205384,0.5090874358725105,0.49712882132934666,0.5011365906267247,0.5028529812326771,0.5139307337515409,0.4943448307922971,0.5020244195676662,0.49816798600378287,0.5079317313723312,0.4983302892148763
0.24700528785325926,0.9692746360197501,0.8411479420345909,0.5010134794480988,0.5063547175710535,0.5017797772022811,0.4948261086077071,0.5015848016164747,0.5018052352438579,0.49129124711871974,0.5073854786811854,0.4953723731410959,0.5025836766541346,0.4958964070813741
0.9798910697940927,0.20293945032155794,0.13000857521255535,0.48603569352172776,0.4952951943875279,0.4967905622505296,0.4962106566425731,0.501849649645316,0.49937573192367424,0.4904726548842761,0.48298192049468386,0.4976720874746935,0.49401576064424485,0.49575658183629734
0.6558321091196933,0.7562531632131698,0.5451973987422167,0.49992354511438736,0.5066894962502279,0.49984830943433983,0.5080285076037455,0.5024472270213014,0.5234029809141092,0.4935065931388634,0.48462268791470636,0.5020833689190766,0.5080274092378096,0.5025406329516842
0.3742572663716732,0.9278077130147714,0.755910370731578,0.5035582101818076,0.5065896197262626,0.5032671163795693,0.5042882993022512,0.5020023030750342,0.5074759349872476,0.49382942740899416,0.4855829535769725,0.49768323268328485,0.5064503009323422,0.4968728071735473
0.9997427388898972,0.03992894969520673,0.02541259352664449,0.48935239519892887,0.5012486692899573,0.5106868054415927,0.4901214312127011,0.508380282831335,0.5012711287925798,0.49041416840660296,0.4989394389788056,0.49781897086355037,0.5052270231011559,0.4959843195670143
0.8390176840714081,0.5449255062902835,0.36669924832610057,0.4969354899497699,0.5011731616608694,0.5036493809677522,0.512004008846563,0.502896131276751,0.513521106037809,0.4962874627395359,0.5021805014993089,0.498166244097149,0.5079378185934661,0.49831415943274765
0.7968826819441424,0.6053307944312094,0.41356840950750284,0.48875843054895624,0.4945675611981253,0.5015572829249204,0.5015252003930339,0.518771913104579,0.4929849963962803,0.4891408395715066,0.5000030753250294,0.49803851334039306,0.504673439716132,0.49580624528765693
0.5282542030046098,0.8497320783418071,0.6459106851908064,0.5019628918665603,0.5017266831311703,0.5009380966188768,0.4981023480851986,0.5212048639411541,0.49958707371593103,0.4966576211626717,0.5078894681738092,0.49803111967664326,0.5005037874125211,0.4968813691446584
0.28372216499185426,0.959109690471852,0.8168980063658112,0.5017039808813374,0.5018145304513161,0.501214951844124,0.4994099212329642,0.5035138238110168,0.5078964850771269,0.4940069899295544,0.49551047164082646,0.49772551593381176,0.5061938069237524,0.49646682965256045
0.39532049145622766,0.9194615952029022,0.7414979921304026,0.49701892824113786,0.5135513595044155,0.5103727268704228,0.50037292323285,0.5185975304261603,0.4929849963962803,0.49436510350748103,0.49998603386612833,0.5068566026903799,0.5047217070470179,0.5068706130846927
0.6049394815874943,0.7969389783366753,0.5866515264900077,0.5006367476622994,0.5012853408524661,0.50484445584623,0.5120569666071365,0.502896007282939,0.5078844536263529,0.4962894135151695,0.5040196400721044,0.49767433061240485,0.5155675392917005,0.49646682965256045
0.728799706692124,0.6857139865199667,0.48061472058308474,0.4967229552335637,0.5015562710726328,0.5007747886112219,0.5012215216160667,0.4967824190490925,0.5180632985391914,0.4996645874389849,0.487598629801072,0.4985925267796111,0.4870329531536623,0.5004388191277217
0.7191415278803935,0.6955870398958051,0.48940159422487917,0.4998621629227126,0.5011059185811112,0.5031352465074687,0.4938648314060054,0.5031159075051309,0.5017305096904692,0.4850709699797637,0.4860065737696652,0.4976171218241383,0.5012678739299887,0.49607393343738254
0.8498082870023461,0.5278642814162615,0.3538529814615746,0.4891234602827222,0.5011731616608694,0.49705895531021344,0.49726714028792823,0.5023488267777309,0.5135297812010695,0.4968403814588046,0.5016796986086489,0.49817106430067043,0.507680675225001,0.49720336696104306
0.8676040887037026,0.497886645586739,0.3316661904288447,0.4973384100226112,0.5007507324601972,0.5039955660423951,0.5017332482714246,0.5031658472685154,0.5153646559984362,0.49748971426283406,0.5021641568755388,0.49816797907102883,0.504902723732165,0.4983134929022204
0.9296436672337011,0.36894742069374664,0.2405181008622138,0.5005536354615818,0.5011521378501362,0.4967905622505296,0.4962106566425731,0.49601977879968273,0.49011813489780276,0.5003584222562181,0.49956722918151575,0.498170456189379,0.4939938524141999,0.5004834387232167
0.9497083707224148,0.3141779003352632,0.2033888534609133,0.49188340687585597,0.4955820344617861,0.4999345595264893,0.49054133283189255,0.5015639847517307,0.5042660022418213,0.49074575549061067,0.4987257842870715,0.49765076684896703,0.49404033720738955,0.4982668823885483
0.9188192048683967,0.3951358299782615,0.25855553155649924,0.5005536354615818,0.5006035586568167,0.49677568420443385,0.4962106566425731,0.4957975183472354,0.4910014358285206,0.5003584222562181,0.49953549718119905,0.49825656527305195,0.4939938524141999,0.49587778592606424
0.6881967136764522,0.7262683565568784,0.5171310770884192,0.49620006487684676,0.5012867122337771,0.5013618213194876,0.5012172393127479,0.5026808166962368,0.501587204596369,0.49948034896969856,0.48370710702367703,0.4976330350230689,0.49431996708150894,0.5143994558264147
0.6651084307868235,0.7470929265781855,0.5369171390042797,0.4963572313155611,0.5013039833998961,0.500201812332373,0.48814637809988526,0.5029828370798812,0.5049489011455003,0.49740419868577646,0.49422034741844717,0.4984070040848768,0.49516969827098106,0.4981081128736211
0.9594490259770078,0.2858602529712783,0.18434454913973264,0.5009395456893659,0.47364113690207393,0.4968934682353615,0.5014695159348518,0.5026395654978782,0.5010281169554424,0.49213454986166927,0.4828793267316734,0.50111812995086,0.5071629939978072,0.497639124943317
