1.000215549367617,1.0666057578230573E-4,6.788759808890442E-5,0.5009410671958957,0.49850642067607914,0.5041771394485208,0.4885879308101302,0.4998088657001763,0.5035441565973419,0.5020305458961218,0.49880179744180514,0.501990504337612,0.5059682280802195,0.49735111107250823
7.562705475702662E-5,1.0001082397987848,0.999951859532422,0.5009571469482453,0.4982737138584228,0.5043541782719959,0.5037992277489348,0.497164484507206,0.5036155919915876,0.5026925888721057,0.502479302222979,0.5020229792327121,0.5012858307827514,0.5055405803379244
1.0000207583300533,0.008800997338832687,0.005602627971958563,0.5009514718046553,0.49851237328705267,0.504149520295723,0.5037565036636987,0.4997304906589582,0.5035390659831134,0.5019962148724216,0.49880980651346823,0.5019905037517751,0.5017310482447112,0.5002822979761639
0.9998662097659782,0.02106944858257737,0.013413037284089602,0.5009512461192629,0.49851250573258876,0.504149520295723,0.5006165164577718,0.49958802399687013,0.5035262116866059,0.493713712234552,0.49880980651346823,0.5020055665817047,0.5017247060737773,0.49736850522387355
0.9992993649323109,0.04139213308488124,0.026354460425002273,0.5037762439571031,0.4960675930923401,0.4981685106718179,0.49627135522156196,0.506379393333715,0.4990456913635061,0.4933259646861875,0.49921637579125977,0.5023802894932919,0.5017419482190252,0.49628419826677805
0.9987984348184941,0.05290963034590731,0.033692346298249826,0.5037789090203084,0.4960675930923401,0.4981685106718179,0.49627135102830067,0.506379393333715,0.4990456913635061,0.49332352641940797,0.49921637579125977,0.5026867019031087,0.5017419482190252,0.492597244870156
0.9981517834580819,0.06306797125494883,0.04017125944016488,0.5037789090203084,0.4960675930923401,0.4981685106718179,0.49627331842251116,0.506379393333715,0.4990456913635061,0.4938726504300541,0.49922947905962894,0.5026670208385885,0.5017419789549707,0.5023208474765765
0.9972420751998914,0.07583800284343872,0.04832048615179896,0.5038367805651561,0.49785280793102943,0.5047801222393807,0.4964719250923053,0.4940958722180117,0.5033704888790235,0.49830606605283473,0.5027224986864569,0.5026936799370133,0.5017294018854838,0.49955621151691554
0.99710223423455,0.07710225278407379,0.04912970253194564,0.502180163144681,0.49785564273115895,0.5011426596228944,0.4964734303144972,0.4940958722180117,0.4992283868664684,0.49830438756873774,0.5016837496800925,0.5026812384839932,0.5017294018854838,0.4979094250796088
0.9951781505301028,0.09885152666636622,0.06302899945542755,0.5011563609040122,0.49785564273115895,0.5011426596228944,0.496504953979452,0.4940655298870076,0.4992283868664684,0.49830438756873774,0.5016804737895286,0.5026808262674524,0.5017294018854838,0.4978932444059619
0.9938776484591175,0.11104645882535323,0.07083606265333879,0.5009365147626754,0.49845908757706764,0.5011802039353875,0.502410609728505,0.4999069540886303,0.4992395117333583,0.5019709467604757,0.5016494035797248,0.5016698214853758,0.5060792350005979,0.49784287681020484
0.9934980914666933,0.11466413689945411,0.07315152601598433,0.5009410671958957,0.49845908757706764,0.5041771394485208,0.502410609728505,0.4999925064315469,0.5034501651088404,0.5019808420831099,0.5016494035797248,0.5016422901239194,0.5060792350005979,0.5029042986322787
0.9911035616153006,0.13501140259193253,0.08619191386440124,0.5038287889421345,0.4997515183254356,0.5045257921823979,0.4994308944706578,0.4950806658974325,0.49924346872085607,0.5021344643154597,0.5017397494295999,0.5031731676159529,0.48661384025808285,0.4999892974107589
0.9888661615299192,0.1494654854792762,0.09550113717995153,0.5035134314943788,0.4999593726359071,0.5020777612085943,0.5025320088945083,0.49429956929460667,0.5005227690781344,0.49802052283438636,0.5017385326989814,0.49483667674404375,0.5005531383561737,0.5028904441411465
0.9871148726936113,0.16063651368642187,0.10269902187956807,0.503823389804324,0.5000882241693306,0.5024447735524249,0.4973514349809733,0.4985620272781002,0.5034377186999218,0.49818416527139175,0.5043638964777082,0.494753723833127,0.5005420363238244,0.5028747296281763
0.9851056481397283,0.17239970927999132,0.110295517474176,0.503823389804324,0.5000882241693306,0.5024447735524249,0.4973515754435585,0.4985620272781002,0.5034377482552436,0.49818430956190185,0.5043645402363963,0.4977732310298705,0.5005420366003855,0.5028800337176569
0.9820604292003873,0.1888271556450802,0.1209311595045216,0.5029228381940507,0.500074358338549,0.502471115468458,0.49735218900033645,0.49865128344695536,0.5000987890450349,0.49818433899895304,0.49679429125999786,0.49764552386722305,0.500550566473166,0.5025049846299566
0.9793689808744374,0.20258547969461735,0.12985533405168326,0.502924370013153,0.49520219151902006,0.5024723328210573,0.49878347602688466,0.49865128344695536,0.5000987890450349,0.49818306408485896,0.49693012452939045,0.49359446462422035,0.5011381397500697,0.5024879140257693
0.9763276754087676,0.21678072118169509,0.1390965117290954,0.5029430750238173,0.49522129980082463,0.5024723328210573,0.4987728849320018,0.49885006331159454,0.5001020641006717,0.4953494524193396,0.4986453470004776,0.49426291985350734,0.501131397223985,0.5025873590007119
0.9733403468600097,0.2297905716430255,0.14759358249164597,0.502924370013153,0.49522129980082463,0.5024723328210573,0.49878347602688466,0.49865128344695536,0.5001067440597285,0.49818263849678673,0.49693012452939045,0.49399564914744076,0.501131397223985,0.5025873012944583
0.9715279860281458,0.23793528502841477,0.15290383388118206,0.5018223016926304,0.4951430629186086,0.5016712084197572,0.49770888268632324,0.501297489842706,0.5030331242509829,0.4868868916175492,0.49655601870304616,0.49778312088469173,0.5019183879899033,0.4987195734304117
0.9658647380573954,0.2595637966233894,0.16713463763382083,0.5038242759945434,0.49517604393202264,0.5034051198892575,0.4933090245837282,0.49870335550265454,0.5001067696183006,0.49818263849678673,0.49625575829609203,0.5032006109100019,0.5019219783940209,0.5026090247963515
0.9616352916557491,0.2746466519946343,0.17710600934837784,0.5038077303333245,0.4951430629186086,0.5016712084197572,0.49770888268632324,0.501297489842706,0.5030141387400622,0.5014466299234591,0.49655601870304616,0.49778312088469173,0.5019183879899033,0.5026752994904602
0.957889439223487,0.2876494905523167,0.18571948996461735,0.5033265034010624,0.49517500991580926,0.5036773364949099,0.49335208963646515,0.4986784604750141,0.5000836403256881,0.4981899224530087,0.501375819284407,0.5032115910878915,0.5022603793695344,0.5057256212278114
0.9532723776839924,0.30245177218262315,0.19558951064608915,0.503326321527731,0.4951024245411389,0.49972257600982267,0.5023189920233804,0.4993244747834367,0.5001073299128427,0.4978596581523998,0.49717017441921535,0.5029979720094385,0.5020727188834817,0.5059832123216778
0.9487400251413581,0.31644905842227816,0.20495497911789415,0.50207494464511,0.49814915709732666,0.5036199356741231,0.5007090117188717,0.5064764524320466,0.5005124062660766,0.4978533269848459,0.49722025083057036,0.4992204414200324,0.502947618794445,0.5062158872566346
0.9425802427774779,0.3344692164941686,0.21707709870108854,0.50207494464511,0.4981239181828229,0.5036679590689566,0.5007341906661462,0.5064766902794222,0.500692447805187,0.4978533269848459,0.49718936221623855,0.5062856773696859,0.5029448476005643,0.5062158872566346
0.936845873286146,0.3501150142622408,0.2276839885167839,0.50207494464511,0.49814915709732666,0.5034886029954844,0.5026003825771008,0.5066458942317101,0.5004832641540631,0.4978533269848459,0.49722025083057036,0.4992204414200324,0.502947618794445,0.5061361281844208
0.9320808526746484,0.36332318794440505,0.23661926353078372,0.500464507189264,0.49563048127776504,0.4979134669156325,0.5047736859324236,0.49764543617379764,0.4911455271886095,0.4874309200209838,0.4953284812326249,0.5060065968744869,0.4938984878171641,0.5023755750387399
0.9242780829611246,0.3827020944515117,0.2499139122154121,0.5004645001870611,0.4956324759905356,0.4979134669156325,0.5026327321801843,0.49764543617379764,0.4914200892990515,0.4871647634225497,0.4953284812326249,0.5060158510552432,0.4938984878171641,0.5023755750387399
0.9175364371549071,0.3987785742211163,0.26100745792915625,0.500464507189264,0.49563048127776504,0.4979134669156325,0.5047736859324236,0.49764543617379764,0.4914089423171431,0.4874309200209838,0.5019225152038687,0.5124504813437732,0.5007040362623674,0.5023755750387399
0.9106734263981773,0.41370916818466547,0.2714643203225628,0.5007217499452583,0.4967963573436885,0.49079868437194746,0.4979834117156742,0.5005567833293382,0.4897240080735767,0.49877249729335693,0.5016881201665229,0.4950900672852985,0.5007061714238097,0.5025039972606631
0.9027089592107306,0.4311058414732719,0.28364106681173756,0.4916756459914656,0.49617055903043195,0.49079868437194746,0.4979360117628186,0.508298812562322,0.48961537612551853,0.49877249729335693,0.5016881193639271,0.49735468499889024,0.5010936892582339,0.5023755750387399
0.8946920821954906,0.4473807700871103,0.29518700417416766,0.5005803661301435,0.4980722478650967,0.4907986842514006,0.4977169012307618,0.5070003109686331,0.4919456001913005,0.4981227219652046,0.4922978502218423,0.5059655850015257,0.4997095946607458,0.5023155518130854
0.8864119359045666,0.4637616868160716,0.30686784160000935,0.5007785062217991,0.4980722478650967,0.4907986879393849,0.49772073887394386,0.5070474445364043,0.4876538815266658,0.4981259562494979,0.4923173758366157,0.5060148889049948,0.4997095946607458,0.5023148207255561
0.8777942817607086,0.47992200841378363,0.3185225475833758,0.5009506000015936,0.4954713400676545,0.4907991456622569,0.49776281403704403,0.5069248218169621,0.48765393907311533,0.49677171166144957,0.4922914597724082,0.5060244545424127,0.5013087947652692,0.5021391248281447
0.8675859309301361,0.49875489519357624,0.3321510030229388,0.5009506000015936,0.4954713400676545,0.4907991456622569,0.49817524396757484,0.5188967503032333,0.48765393907311533,0.49677171166144957,0.4922914597724082,0.505942218978515,0.5013087947652692,0.5022029541664119
0.859946420937484,0.5110447267648347,0.3413551178952134,0.5005035676036016,0.5124048543040906,0.4910570468216436,0.4984184616882175,0.4993346751663347,0.496102558045576,0.4961271713798775,0.49563428998611875,0.5057734032525698,0.5035951912630046,0.49784065480240597
0.8494361983890543,0.5289816179932029,0.3545817123270383,0.5009471841183849,0.5121471456247334,0.5030238013746889,0.5088877086063369,0.4993346751663347,0.4921463195070377,0.4968018463237679,0.4956415286451753,0.5057734032525698,0.5177583730730905,0.5022015893515703
0.838905118938301,0.544984043961681,0.3667695069186508,0.5038115678035936,0.49279937546289865,0.5014241956438117,0.4958327178581659,0.5068597293411014,0.49202741394714733,0.49614055379963967,0.4958036310227537,0.5056714130456014,0.510755897199912,0.5028072561977299
0.8279640356019079,0.5613586144969267,0.37930247994821836,0.5038115678035936,0.4929555602408101,0.5019031738971834,0.4963783925619265,0.4998449248948317,0.49214334028102524,0.4961404392385423,0.49580333993144693,0.5050123119146134,0.510755897199912,0.502820371703147
0.8171285155441552,0.5773282097874315,0.3915829389978741,0.5038115678035936,0.4930248279806859,0.5014241956438117,0.4958327178581659,0.5082596335338053,0.49225971888255726,0.49613964199102334,0.5057964371537821,0.5109752308131463,0.510755897199912,0.502820371703147
0.8047312208404005,0.5939575079477726,0.404781794910308,0.5012304447883633,0.4930234834714215,0.5013770290732168,0.495231804048112,0.5044303169811041,0.4921414509664985,0.49610816521064266,0.49962567149066994,0.5031681177316474,0.5013770377477785,0.4976569689730822
0.7934603715861653,0.6088995414068579,0.41669493761626,0.5012281611944941,0.49285275001313655,0.5011859903070948,0.5028380415380022,0.504543003110606,0.49207493817745335,0.49746306375036364,0.4997978477539731,0.503168233809726,0.5012168030167039,0.49765504817713757
0.7806624023845876,0.625404818508904,0.42998822782759194,0.5012364628324422,0.4930318220784033,0.501373158791512,0.5028380415380022,0.5130561058976897,0.4944719713890281,0.5020388663537099,0.5004237027279826,0.5031804494463971,0.5013770380162994,0.502247995719057
0.7685974878082568,0.6404980967599222,0.4422842162479125,0.5085449725458305,0.4926366906620546,0.5038835413605155,0.5025367403607348,0.5140438481573193,0.49447355994365777,0.5019963821769429,0.5004338185341253,0.5053371931647591,0.5086947827925191,0.502247995719057
0.7553579466508967,0.6557727214638513,0.45514732168708094,0.5034441322419435,0.4979127077891825,0.5015909255826047,0.49687151394121304,0.4986534212374156,0.4982023017438614,0.4880212342615697,0.49306936476289126,0.492431738810142,0.49705525510400933,0.49673772326570675
0.7402410735085986,0.672570654809641,0.46953066982667874,0.5025230932488854,0.49803638335081046,0.5019238570702995,0.5028025781944686,0.49934378051732353,0.5028334392515122,0.501609169088037,0.5026490016754221,0.4921647197372987,0.5069631233620913,0.49791801957336795
0.7311166549109974,0.6831411625010362,0.47841239462449425,0.5011614780415452,0.4979064997334034,0.5011526311511285,0.5130501725688803,0.49946051960555343,0.49028746949786545,0.48711904215326096,0.4934220538391769,0.49458094625840254,0.49026611406261084,0.5011076131128395
0.7143118437361884,0.7003007465812978,0.49369477559872316,0.5008370436571395,0.4984592497675305,0.5011948618503362,0.5126261312769186,0.5000085321178828,0.4995600610101809,0.4994254112090329,0.493486360525586,0.4946253884664227,0.49030457359548274,0.5012073016379038
0.6986101694197416,0.7160350403164255,0.507841157843706,0.5005120722362727,0.49556479468437403,0.502883135310581,0.5021058752475527,0.4999223758934981,0.49127200371020113,0.4870914288684174,0.49479537493218056,0.4946130773939042,0.5066643390247456,0.49774496108986716
0.6855841198380368,0.7284329321304219,0.5192855214029654,0.5046006446590978,0.49846453799982265,0.5028842619637063,0.5126190655082083,0.5027430152241854,0.4995600610101809,0.4994990610051927,0.4934889171101534,0.49458723434450425,0.5066628253705461,0.4977926620787959
0.6704178058458674,0.7424134899830884,0.5324131158781484,0.5006480797942595,0.4979380731720553,0.5029505917078618,0.5050512772776024,0.49501532903426604,0.4978159276410698,0.49768124268213826,0.4971820124280809,0.49340412624970786,0.48796884980237515,0.4930157648425944
0.6523100713301255,0.7585955322766821,0.5478670347042417,0.5025997351043341,0.4983624897585712,0.5033799934458357,0.5049973657021598,0.4995512911619497,0.4999930876413264,0.48937406257128246,0.49717974750711913,0.5091428288398911,0.5152566884504777,0.5021035098989289
0.6402966698580821,0.7688051810041637,0.5578988454986546,0.5025829130154353,0.4983594597269362,0.5033290760043797,0.4967238134922888,0.4995986607330447,0.4999930876413264,0.48937406257128246,0.4938788560116206,0.48560347796405506,0.5112734479144685,0.5021002220076961
0.6244913453309511,0.7814799060626303,0.570790747206219,0.5025870053104935,0.4983595589981772,0.5033299234058405,0.4971719496731095,0.5108181294127339,0.4978159276410698,0.4982791582949772,0.4974690929569831,0.49237933962908365,0.5112734009958312,0.5022973657339358
0.6092129589096562,0.793524993548463,0.5831718721622041,0.5025155944989019,0.49836018633909984,0.5036162621770109,0.504948933109095,0.5114351818581724,0.4978159276410698,0.4982791582949772,0.4974690980162272,0.49236582178732247,0.5112936310694158,0.5058115622381942
0.5936792291833272,0.8050069808592267,0.5954649340434108,0.5021491671511061,0.49840277428384816,0.5016712084197572,0.4977118746528872,0.5048627076699451,0.503081259112541,0.4868868916175492,0.4965870674767078,0.4979234272355955,0.5019183879899033,0.5023812522899194
0.5761127704576102,0.8175434809139811,0.6092013428524045,0.5007276422081701,0.49838263504986136,0.5031692535538009,0.4970505058626492,0.49216659466872864,0.5030532213710519,0.5004464869375539,0.49604900857765016,0.4948821015822532,0.5015348708848794,0.4978339221592531
0.5611734691685475,0.8279314537286848,0.6207834215720952,0.5007153787277386,0.4997594325128723,0.501687038253653,0.5040082799742005,0.49186250168560985,0.5033104976965453,0.49343230055579845,0.4960532024538935,0.49492087578297256,0.5027301135249651,0.4978939560902301
0.5453231529624875,0.8385687745116072,0.6329328934396361,0.5006602963647622,0.49975109149284114,0.504719983309791,0.49807202682332,0.49171218995997734,0.49990820004916087,0.48944122590369504,0.5017422648424607,0.4948841524753696,0.5027878010009703,0.4933842879919728
0.5287599220458628,0.8489785928644243,0.6453840997255402,0.5006793440155956,0.4997594325128723,0.5016468516253665,0.5040082799742005,0.49260603236513434,0.5033104976965453,0.49343230055579845,0.4960514689153907,0.49543681101131665,0.5027301135249651,0.4980231481555163
0.5115150827440763,0.8594139525438774,0.6582143444838771,0.5006793627118279,0.5038971924233695,0.504719983309791,0.49807202682332,0.5002962332193437,0.49990820004916087,0.4934181981212467,0.5016186507051464,0.4954693573513148,0.5027878010009703,0.4979940587511002
0.49592743634457126,0.8685669445582651,0.6697204596820847,0.5006793440155956,0.4997594248859761,0.5016468516253665,0.5040084322271096,0.49255308146493515,0.5033104976965453,0.49343230055579845,0.4960514689153907,0.49547649986828074,0.5027301135249651,0.4980231481555163
0.4760521021381487,0.8797787223763768,0.6842442954656143,0.5015617133506476,0.49806738895823066,0.5005403352072931,0.49771138730594283,0.5012942814489375,0.5030324521698439,0.4870869970686162,0.49655719272989157,0.4977831208026051,0.5105035414379744,0.4987195734304117
0.46361322100726887,0.8863981543067037,0.6932118125246417,0.5013425491569905,0.4981276624283026,0.501580731774857,0.49771138798120546,0.5012948720642699,0.5030324904974739,0.4870869970686162,0.49655601870304616,0.4977831208026051,0.5105035414379744,0.4987195734304117
0.43610126979107156,0.9002519198411717,0.7128162276396033,0.5013667159425844,0.4980675456843089,0.501581006780109,0.5017626528700592,0.5013125999192367,0.5030333048738179,0.4870879131197102,0.49655601840149427,0.4977828577035597,0.5105582012399131,0.49867316152754376
0.43086741937557815,0.90276680014714,0.7165117199557488,0.5003784419368402,0.49812913472641107,0.5015810066450083,0.49770888268632324,0.501297489842706,0.5030331242509829,0.48708691975728513,0.49655601870304616,0.49778312088469173,0.5104797787836093,0.4987195734304117
0.4143201605095051,0.9104650696051989,0.728126801807101,0.4914706085416328,0.49498434742408676,0.5004047510910405,0.4977758298353088,0.5009393285237147,0.4989706951862894,0.48703927400363567,0.4965786899949902,0.4972028230074351,0.4986842613480422,0.4968900131158752
0.39513392657114504,0.9187453586546713,0.7414270108153312,0.5039798086550067,0.5043505417740172,0.5003779859262609,0.49732684693921225,0.4971730024634122,0.4990629588691358,0.5024812279901048,0.5024741127824041,0.4973257521591641,0.49865923238784327,0.5063062720549459
0.3795381312269041,0.9253258517038437,0.7522019973805754,0.5040232803098654,0.5041708871692621,0.5030137650225198,0.49737103935177496,0.49619936487291677,0.4990629588691358,0.5023219549288181,0.5034045109036129,0.5039132044278627,0.49865923238784327,0.5062896484505837
0.36038843069641247,0.9329502601596128,0.7653222382477421,0.5010568718163546,0.4951862074304789,0.5030073711667111,0.4973704427171418,0.4968043588885247,0.49896141990043297,0.4921343546839318,0.5034098413101602,0.5019926962095068,0.502978611090113,0.5003426044856492
0.35176870840939806,0.9372268002132377,0.7714157068706027,0.5039315822795759,0.5040441680573052,0.5030162484534577,0.49519839691592177,0.4966111156393746,0.49906522140744014,0.5021490170464651,0.46951813059292924,0.5041010569046577,0.5025968868208369,0.5057819582716753
0.3350687293584223,0.9423646361690743,0.782517377058825,0.5039275958167384,0.49841626005131795,0.5030218652957009,0.4952067081585701,0.4969424713167067,0.4990620739534996,0.5022967159512757,0.501593271160868,0.49418078610445076,0.5071492378752743,0.502830099345675
0.3201738857310264,0.9475707565639797,0.7925605169657828,0.5039275968172787,0.5041659911382582,0.5003106199309983,0.495208592140857,0.49694249006815994,0.49906319896767704,0.4909219096604087,0.5013957487990162,0.49425716395546526,0.49833610536798145,0.5038259183989571
0.3027875795206013,0.953217499071685,0.8041961851279184,0.5039275958681529,0.4983807572171465,0.5030218652957009,0.5037766282605497,0.4969424741761527,0.49906207408108133,0.5023079982886993,0.5013918892339846,0.49418078610445076,0.5071492378752743,0.502835154186682
0.2894035280100343,0.9574169747940405,0.813124760409129,0.5038235329129708,0.5043843199381469,0.5027592782914642,0.5025489908912482,0.5009092127299296,0.4995643316515872,0.49980223054246686,0.5016998649261201,0.4942201630174189,0.5089397621071192,0.5059656545777027
0.2747332574678837,0.9619040877319124,0.8228879716467941,0.5038330849706283,0.49213273109086914,0.5027982660835159,0.5026986266300473,0.5009560990637498,0.5005449615342736,0.5000759760408244,0.501734224085154,0.4939234151216494,0.5101098382614005,0.5115668874429957
0.2600187331294546,0.9657906096031703,0.8325734696918837,0.4996232632298153,0.4950497305329897,0.49391838267382915,0.49926443919167895,0.49282310889909087,0.4979973772890242,0.4999748544099103,0.5017020977032699,0.4951922577467479,0.5012891633414862,0.505936219440268
0.23132753864438346,0.9730480770727736,0.8514115468028844,0.5038952456858756,0.4921332083929516,0.5025414151884688,0.4997955994272866,0.5008617305973431,0.4977990073908338,0.5003340927144818,0.5017369607530521,0.4939371804574976,0.5016297429081438,0.5059826272519417
0.2288943042217343,0.9736823956236371,0.8530116304810963,0.4995496153869167,0.4921333690422046,0.49391838267382915,0.49926443919167895,0.49275483669678694,0.4979939479727539,0.4999748544099103,0.5017020977032699,0.4951922577467479,0.5012000298093758,0.5064340506965316
0.21669292341535187,0.976398627978522,0.8609678341520655,0.4997629236738533,0.4929320625409401,0.49415666350105614,0.49968534286557514,0.49939795234728396,0.4980083593889586,0.4999748544099103,0.501702098301502,0.4951922577467479,0.49975774322793187,0.5063548717868982
0.2004284761406374,0.9799405152185023,0.8715627710566705,0.4998224274981579,0.4929340886669473,0.49997112430540047,0.49968538237821775,0.49942811990103914,0.5102817852126867,0.4978206336258872,0.49554467295870397,0.49544388592210775,0.5017619826690429,0.5047859057969546
0.18900576114412732,0.9821602120562491,0.8789691944368487,0.5007778020232266,0.4929379598111018,0.5024057371867515,0.4993763217438382,0.4994281319816578,0.49800882913633354,0.4999748544099103,0.4947174186362489,0.4930043303312062,0.5016546194181425,0.5063548717868982
0.17468538673141987,0.9849135372430357,0.888250488572917,0.5006474192960388,0.4925865167549205,0.49989198771973903,0.49968538237821775,0.4993236966329168,0.5102450174533474,0.4978645726815044,0.495544568306973,0.49135236175501545,0.5013364125035146,0.5047857774888442
0.15524701825098874,0.9880132518876014,0.9007788971000373,0.5007778020232266,0.4929378728107042,0.5024057371867515,0.4993290770418493,0.4994270380378202,0.49799958161483215,0.4999748544099103,0.49473648643175616,0.50192247809538,0.5017522119067195,0.5063548717868982
0.14936974167073108,0.98888286596703,0.9045607137865092,0.5007135061259204,0.4977884273552723,0.5018193572229449,0.4997982961613389,0.49950969193596134,0.5082111429155193,0.49791395267658745,0.49720198245385017,0.5022141428788621,0.5014728781886948,0.4978436885277643
0.1365836393459931,0.9907546625411694,0.9127864754588331,0.5006480797942595,0.4978321302226743,0.5018242031684376,0.4997043287506138,0.49041958453928186,0.5002198951468485,0.4978626812043021,0.497201389349666,0.5021901004367074,0.5014728737437167,0.4977186917539117
0.12342072620773616,0.9924543484459766,0.9212349179778613,0.5006480797942595,0.4977820447557161,0.5018241807765808,0.4994581468285876,0.5078965471959576,0.5002207238079106,0.49786984614828245,0.4971486307167386,0.502868791774091,0.5012937146575469,0.4977166883264131
0.10720947853322563,0.9946565815744765,0.9316455616584574,0.5006751377720203,0.4978636315960856,0.48881566414859073,0.5055019998668554,0.4904374990562069,0.5037241631531943,0.4978626857633305,0.49718316789167355,0.4899653722471624,0.5059670999313228,0.5017921441306623
0.09761408499266178,0.9953290331507771,0.9377643345712929,0.5006480797942595,0.49807955476831595,0.5029797897786458,0.4994684161297814,0.5078965471959576,0.5002207238079106,0.4978696777944978,0.4971486307167386,0.5029936050526811,0.5012937146575469,0.4977166883264131
0.08607747456465402,0.9967527098706874,0.9451589101545395,0.500648883995186,0.4980838384972539,0.5032364514581839,0.4994557567214534,0.5076133269431958,0.5002207944118857,0.49787408951976947,0.4971579951242169,0.5087953902403022,0.5172828667229025,0.501006607500338
0.07375329368068025,0.99738105596495,0.9530094313015857,0.5006480797942595,0.4980787196031172,0.5029797897786458,0.4994151763065417,0.5078965471959576,0.5002207238079106,0.4978696777944978,0.4971486307167386,0.5029936050526811,0.5012937146575469,0.4977166883264131
0.06423676447839191,0.9983238460003454,0.9590933373630383,0.5006482167739661,0.4854422586327625,0.5032385397554793,0.504820501251775,0.5023001210500352,0.5003925122255193,0.4976797129090818,0.5026944551863036,0.4920568725423548,0.5059472288861693,0.5050726375639004
0.04158649667079724,0.9992837951312273,0.9735215181161924,0.5006480689931602,0.4984261647235904,0.5032385362878707,0.5047668275086391,0.5023001210781861,0.500393100401767,0.49915738572555957,0.502694749048266,0.5062952442458459,0.5058199222978801,0.5050727536413627
0.027703345592128458,0.9997630412425249,0.9823638353112701,0.5006480797942595,0.49785919061448264,0.5032326760493541,0.49745220185613,0.5023001686580424,0.49996238995637665,0.4976978173498121,0.5027570703757127,0.49243731378077676,0.5013314580460773,0.4930941326861457
1.2491823937733096E-4,1.000082463492977,0.9999204811367,0.5009542279202674,0.4982737138584228,0.5033725030768086,0.5037101439238212,0.497164484507206,0.5004298977614411,0.5026925888721057,0.502479302222979,0.5020137509021418,0.5012852711898533,0.5051100573032177
