1.000108282873785,2.1577321173417275E-5,1.3735062019604638E-5,0.4985147461464387,0.5001117842534961,0.504814058027212,0.5043342809649818,0.49658159061363905,0.4966698897509409,0.49459279809895085,0.5000166077679068,0.5026734966922758,0.49998698033954164,0.5022231658401947
5.201399313115461E-5,1.0002999505375207,0.9999668967928875,0.4940369720774209,0.49377096004859294,0.4936699208975673,0.5076056999474645,0.49363800019355286,0.5014167683327241,0.4950473277747044,0.49529755689947547,0.49913500684327233,0.49437331515153804,0.4975211548835638
1.000101970092074,5.027477884927118E-4,3.20026522574509E-4,0.4985147461464387,0.5001117842534961,0.5048213331062296,0.5043342809649818,0.49658159061363905,0.4977781834902559,0.494602385819809,0.5000167655619672,0.5026734966922758,0.4999869834477131,0.502223167214609
0.9997472277317107,0.026644409791890238,0.01696263146175433,0.4985147461464387,0.5001144537050305,0.5049915149033078,0.5041521450036794,0.49658159061363905,0.4977781834902559,0.494602385819809,0.5000193289357724,0.5026726173473214,0.4999868274611281,0.502223167214609
0.9994659611290296,0.03582307966397773,0.022808102870255493,0.5008560574375718,0.49635897008548174,0.504905710346709,0.49978205548066384,0.4966017411825035,0.49598236393501705,0.4945934786842773,0.49992026982614296,0.5026205061181783,0.49996419029351585,0.4975820901925131
0.9990162192316221,0.047961274261218885,0.030539714545527744,0.4932650242756987,0.49740318263652494,0.5049053721994204,0.504562269296727,0.4966017411825035,0.4959781707682033,0.494602385819809,0.4999288439392458,0.5026726173473214,0.4999868274611281,0.4975823206114932
0.9980595726823196,0.06428050653023085,0.04094525040811013,0.5006720058229416,0.49645141901779505,0.5049057055448146,0.5045649878900108,0.4966017411825035,0.4959823190546633,0.4946072934460192,0.49992026982614296,0.5026205061181783,0.4999910111455659,0.49758232060606766
0.998059659930614,0.06427873697564074,0.040944122777626615,0.5006720058229416,0.49645141901779505,0.5049053761478274,0.5045623893822815,0.4966017411825035,0.4959822824155994,0.4946072934460192,0.49992032635684713,0.5026205061181783,0.4999910111455659,0.49758232060606766
0.9963336012489934,0.08748045422887814,0.05575374659018364,0.4934424662312472,0.49740153710673685,0.504905689021668,0.5045389601650884,0.49659413603975694,0.4956886033697082,0.49460230255767823,0.4999284702335141,0.5026699591946474,0.49998720366332433,0.4975823206114932
0.9960388075977284,0.09120279618296907,0.058130312909682146,0.4934815672492091,0.49971396683709607,0.5048190574394745,0.49420066476951025,0.5085161847609971,0.5000022750938689,0.5050470138878939,0.49992462749431077,0.5001157211995465,0.4997045413317803,0.49715825945365255
0.993958516595708,0.11134197458024862,0.07101728209312382,0.49361653854971976,0.5002572104033041,0.504905885847077,0.5061318223532528,0.4961994973168273,0.49597301443346914,0.49518421218226716,0.5002849802562527,0.503578829402051,0.4999884272090017,0.4975412733231691
0.9924551052814876,0.12401382504141821,0.07913964990157388,0.49360514082449514,0.5002572104033041,0.5048224289589314,0.5052803915664147,0.4961994973168273,0.5049692298893538,0.49519810420189353,0.5002614272409045,0.503578882128499,0.5004018614733962,0.49756378395918494
0.9909915457805244,0.13533233041309503,0.08640393839309249,0.505526443885428,0.49958077709229526,0.5050647434744661,0.5022929879423124,0.4961764941677734,0.5000015199838352,0.5047034788972339,0.4930011569253534,0.5008820871447367,0.4977069532045846,0.506011253070585
0.9898195035640861,0.14344994826013407,0.09162443012949599,0.503691806721302,0.5002572104033041,0.5048224670843707,0.5052804289003415,0.49575403234193277,0.5052686344308194,0.4951981605070351,0.5019188813146686,0.5035768738699391,0.4977079025369815,0.502201553332593
0.9877908571292415,0.15664460756234613,0.10012190792000629,0.5036010848303519,0.5002572104033041,0.5048224675653606,0.5052804289003415,0.49574146361428356,0.5011537468335556,0.4951981605070351,0.5018992963816015,0.503576869747767,0.49773915612515773,0.49756350696483886
0.9846482294190367,0.17535138868560496,0.11219641945454317,0.5036466020755306,0.5003532050180483,0.5048224675653606,0.5052804289003415,0.4957896895404598,0.5011537468335556,0.4951981605070351,0.5027876168729356,0.5035788499474683,0.49722921554867056,0.5022758464902495
0.9830133705245321,0.18422299495279235,0.11793860364679534,0.4990812486509051,0.4997089257372505,0.505038886829192,0.505279692026701,0.5013760156629531,0.5001927772976688,0.4954126880448025,0.49312701726697505,0.5002444763999313,0.49971696907156543,0.5014646117857624
0.9793201326073173,0.20300999213225274,0.1301262456757464,0.4990812486509051,0.4997089257372505,0.505038886829192,0.505279692026701,0.5013760156629531,0.5001927772976688,0.4988051965875653,0.49312701726697505,0.5002488376826167,0.49971696907156543,0.5059621504622501
0.9787345000030017,0.20579090967770214,0.13193521173122114,0.4990972355272141,0.49971359315268205,0.5050340899869055,0.505279697805952,0.49616090592763756,0.4999799418389495,0.5049754020994421,0.5006316024536459,0.5034277428995981,0.49971690119154727,0.5054510889634438
0.9731572658070418,0.23091017634833785,0.14831392793322634,0.5023560779253488,0.4997138773799739,0.5048190674563842,0.5052804063075459,0.501467233888135,0.5007166739272756,0.5047833207263446,0.49312701726697505,0.5034529497155009,0.4999504587784065,0.505985166802941
0.9707543789199545,0.24056142536407596,0.15464464830792396,0.49680392703301535,0.4997135793561557,0.5048228442900521,0.49397327269298175,0.49594827224855254,0.5000123697988669,0.5049757377023928,0.500291785552886,0.5001005272960682,0.4997149613652032,0.4976134437574824
0.9658718052365917,0.2594745891286534,0.1670786312566539,0.4968173570340046,0.49971396683709607,0.5048228443164205,0.49420066476951025,0.495949159024079,0.5000124305820193,0.5050464158477052,0.5007380779250514,0.5001259988620926,0.4997148697169631,0.49715825945365255
0.9625172682496358,0.27201888754080483,0.1753436253286874,0.4897622576027489,0.5050545321531099,0.5048099730075419,0.5054067191751892,0.4999055128317158,0.500002260347936,0.5047037750094318,0.5010497280326162,0.5000514996335568,0.49855723377445926,0.4970316318176242
0.9573659540325886,0.28946817980945105,0.1869240274857505,0.5014409895291979,0.5050545321531099,0.5048096993981467,0.505813336268715,0.49617648848175344,0.500002260347936,0.5047028563523124,0.5009394690784258,0.5034386985624192,0.49855723377445926,0.5058827038279282
0.9527912539551008,0.3041877496895754,0.19673535311588083,0.5014409355855157,0.5050545321531099,0.5048096993981467,0.505813336268715,0.49617884772556126,0.500002260347936,0.5047028563523124,0.5009394690784258,0.5034386985624192,0.49855723377445926,0.5058827038279282
0.9478832643636098,0.3195013984104215,0.206970338520934,0.5014409355855157,0.5050545321531099,0.5048870685253487,0.505813336268715,0.49617884772556126,0.5012564455345844,0.5047023721278406,0.5009394690784258,0.5034386985624192,0.510429510316688,0.5060660110430008
0.9434136476977341,0.3335945267255302,0.21637534695634883,0.4913329151921691,0.4937011922918093,0.49380978444463486,0.500724677160281,0.49422316904297303,0.49436547676009795,0.5013904246512162,0.4932141279579732,0.4996125564272413,0.5011588532232394,0.48028040844387093
0.9372293305615953,0.3512749990158666,0.22828972979801915,0.5008934723746756,0.48180703594866126,0.49403177411951155,0.4888840426335575,0.4921767577938843,0.48958537402581687,0.4990703290085665,0.5076090731957481,0.49181039153890127,0.49400902284692194,0.49141441693973026
0.9334432925333705,0.35935636498894846,0.23395193016802204,0.5006013146901525,0.49279158088864833,0.4944537118813376,0.5003082747789706,0.49709253923698643,0.49813306350368713,0.4992714872081108,0.4932269125136698,0.5032192484545842,0.49896860482249,0.49141441693973026
0.9248296504014344,0.38179320694103075,0.24924533936294352,0.5004651036063641,0.4926265328838444,0.4942466998246592,0.4926232411487136,0.49700233373143904,0.49338153483356256,0.49928494524364225,0.4936191262263745,0.5085685088744136,0.48756238350316483,0.4914214815733121
0.9176058764706048,0.3988749371427381,0.2610460784290667,0.49959321436106807,0.49969598717667024,0.4946580498234171,0.4926232411487136,0.4973633564787354,0.5088036747301458,0.500152617260792,0.49292791124315705,0.4917799613746559,0.48827327223986955,0.4886890333408564
0.910368156334184,0.41484278586787804,0.2722014429466302,0.513949307104209,0.5001788236590075,0.5011721016206317,0.498468291794901,0.49758856202347357,0.4959751703778338,0.5013229372963003,0.4899579379970017,0.4988815657877591,0.4939449445885988,0.49154967743256706
0.9084150118984727,0.41881659751715455,0.27501822942504983,0.49373473299565257,0.5001220078583967,0.4947345843668923,0.49063550938302514,0.5010362949106735,0.4969889545448682,0.5001598629036775,0.4983815479365865,0.49960658863376023,0.4880526564248372,0.5014742726382039
0.8964245784354483,0.4437006233192527,0.29259881481757916,0.5092768359767357,0.5001220073938802,0.4947206686341689,0.4926745405004188,0.5010632389993736,0.49699881781214383,0.5012970166914302,0.4983938406979737,0.49963081341410087,0.4937402096855165,0.5015099220968892
0.8911725433369196,0.4543507864715576,0.3001563348542196,0.49373473299565257,0.5001220078583967,0.4947345843668923,0.49068558529045314,0.5010362949106735,0.4969967831963956,0.5001526886162669,0.4983815479365865,0.4996522928486332,0.4880526564248372,0.5014743954952391
0.8778621525167243,0.479808375132207,0.31843838228314103,0.49373473299565257,0.5001220073938802,0.49507568703476174,0.49063565890333966,0.5145405245564866,0.49811711929934316,0.5049179120337262,0.4983815479365865,0.5037364208136688,0.49622269211571823,0.49722305719272725
0.8688428747881619,0.4958653064554856,0.3301581380242342,0.4976706851424742,0.49093190436915235,0.4943873696768369,0.4904460118072482,0.5006046786451268,0.4982835724419799,0.5048815360286187,0.498193365177988,0.503804180417874,0.49660640492472313,0.48912490353375
0.859353045136109,0.5122435903029394,0.3422038360604954,0.49358699063004724,0.4933041794818331,0.4943567068529497,0.490444042513032,0.5005178589618333,0.498035628904233,0.5056416995430846,0.4983780323031675,0.503803619544458,0.49620515498733025,0.5128023570923548
0.8490436154810296,0.5289097931402675,0.3546749855134787,0.4978899940853481,0.4934059468959276,0.49438612978049357,0.4904433733319561,0.5006180248246686,0.5089112847007446,0.5056416995430846,0.5023525227363951,0.503803619544458,0.4971972371619544,0.4999020186568957
0.8387471624158996,0.5453047840515017,0.3669954217770174,0.4976633339978788,0.5009587604919961,0.5023623167753659,0.49035533196070935,0.5007037281551802,0.5089128620854658,0.5057955619229845,0.4983697167902792,0.5140693536749052,0.4971988485079353,0.49989715798645873
0.8302765774669306,0.5581508040464846,0.3767871404502456,0.49766368305714637,0.5005306010901074,0.5021761445371075,0.5128959950820723,0.5022917154601368,0.5091467387545147,0.5057958658646219,0.49841051470978315,0.5036446491008185,0.49719882232283946,0.4889224243583754
0.81745091130368,0.5787680337372421,0.392212120320446,0.4976639001957444,0.508079098240788,0.5019620904535204,0.4905133739243942,0.5003969199056063,0.48944110428099025,0.4973227677423202,0.496461378175957,0.46592455358785945,0.49770878908442245,0.488353544313141
0.8035420539038532,0.5959712304024438,0.4062621784886654,0.5003748691385486,0.5081928889116226,0.5004228110902786,0.4962407400596221,0.5003204202270629,0.49361380390712484,0.497036878878993,0.49639967746061275,0.5118025405421894,0.49619864546748366,0.48847942753895524
0.7990216920539931,0.6017047282824262,0.410907126697688,0.5004684020894092,0.501213448333554,0.5004023527619772,0.49847787383615294,0.5010602072455798,0.5080020282395141,0.49726721428413045,0.499234096965898,0.5119891866576749,0.49618860197690046,0.49746155258425345
0.7811504356262391,0.6247313309145264,0.4294594840687439,0.5003986381979759,0.5017414000829516,0.5004023527619772,0.49847787383615294,0.5005434211414861,0.5080020282395141,0.4972666696271522,0.499234096965898,0.511980167387443,0.49618860197690046,0.4974537763582886
0.7685659103432078,0.6402302975887736,0.44216614935571863,0.5019252327055893,0.5012057280872523,0.5001486334023477,0.4994880075393871,0.5010734658156629,0.5104197189081557,0.4972672070629616,0.4993530746393804,0.5121092579477527,0.5045859499926076,0.4981469355711283
0.7554793785771934,0.6556872332921705,0.4550555759907742,0.5044322890204407,0.49377048229236004,0.5005218486133529,0.49943121932475076,0.5006206413196488,0.5096325294487701,0.49463756769044387,0.499646067054543,0.512278536896424,0.5004021714757203,0.49768939844777266
0.7421167786921861,0.6707709231920223,0.4678802245736916,0.5045468547018995,0.4937702129624311,0.5005222518506549,0.4994312364214647,0.500618661069042,0.5097511622737241,0.4946634715168268,0.49973568048583356,0.5121097462303593,0.5002642399588207,0.4978544002689361
0.7284904281747552,0.6857109580747682,0.48074817747223897,0.4922727033241995,0.497395234898182,0.49496869623344253,0.4938440856685802,0.4930782573417196,0.4872399386639309,0.49450870998053215,0.4998820930403036,0.503269922651487,0.49782165315395,0.49207727258354833
0.7143001054733858,0.7003523562697348,0.4937234582635294,0.5035710834223802,0.4973912061325174,0.49476638800595907,0.4934002082575578,0.4939033753036932,0.5137583363981374,0.4944391448690487,0.5024714787237743,0.5002832088878335,0.497890443410569,0.49933774396125186
0.7001382144350555,0.7146568577310541,0.5065327701099144,0.49211029718983196,0.497395234898182,0.49477583257507474,0.49366176616444174,0.492874597231887,0.4873052622794795,0.49450870998053215,0.5024111589166183,0.5035031331207059,0.49782165315395,0.49209721209897617
0.6855820148466635,0.7284869384297674,0.5193100523236273,0.5035710834223802,0.4973912061325174,0.4947718375235742,0.4933901400259731,0.4999275350093189,0.5137583363981374,0.4981434437193346,0.5024714787237743,0.49771622385782116,0.500908394646929,0.492099369692182
0.6706623239838542,0.7423578953972787,0.5322739260374415,0.5098759642682877,0.4973573818554977,0.49483241079738627,0.4933901400259731,0.4999275214202184,0.5137583363981374,0.4981714237984045,0.5024714787237743,0.4978627222658862,0.5009439639493513,0.492101832507258
0.6543992564005614,0.7564996377590147,0.5459891316889032,0.5036762922367303,0.5015995501398788,0.4947721197775952,0.49339012943838456,0.4999275214914137,0.4899336416077422,0.4981434437193346,0.5024714787237743,0.49785948045482326,0.4998562253375325,0.49209936046277314
0.6408619007185921,0.7683904433026935,0.5574536259902658,0.5095457951557345,0.5016536143643289,0.49483306239604596,0.4933904629630597,0.5048157827477842,0.5137583363981374,0.4981434437193346,0.5024714787237743,0.510689026603584,0.5009005675435805,0.49209931101768795
0.6243487979247917,0.7817802990057738,0.5709809297116423,0.5021315517487737,0.48302206795850416,0.49503982752570663,0.4938127969014932,0.49426755045745324,0.5057113201921822,0.49926493993103394,0.5023009562050724,0.4978009660066728,0.49886958063286374,0.4920817406943687
0.6072296490788744,0.795202982410393,0.5848230092788939,0.5021315517487737,0.48986757166999856,0.4829612860036004,0.5001263792457726,0.49426755045745324,0.5057113201921822,0.49926493993103394,0.5023009562050724,0.4978009660066728,0.49886958063286374,0.4920817551011212
0.5900335135059633,0.807741028772397,0.5983650796375974,0.5055069539598154,0.49980025502575315,0.5045056568736098,0.5002615913614786,0.4970974270664073,0.5060965819202665,0.4901119321060299,0.5024772521008819,0.5034379484133006,0.5042136088283005,0.4920815518782019
0.566368933287266,0.8245188075204501,0.6168277621290327,0.5021315517487737,0.4999766177462703,0.5116838428159339,0.5002615913614786,0.49709993548468373,0.5057113201921822,0.4992690382457991,0.5024699924135826,0.5034399801263546,0.4899629506804171,0.5010513394841832
0.5610891573798085,0.8279188514255352,0.6208233450857368,0.5024048273592111,0.4999766177462703,0.49221630347535317,0.500332779668584,0.49709993548468373,0.5057113201921822,0.4992690382457991,0.5024699924135826,0.5034380073105619,0.4971270303047199,0.5010513784313982
0.5438682524071671,0.8395805656668761,0.6340601369411153,0.5020799751160202,0.4892511278918246,0.49393002311051,0.4896062783851768,0.502235761621686,0.49953937005029375,0.504678434669292,0.5021775685167401,0.49404973320613477,0.4975243096888353,0.49756520452532615
0.5288726921401262,0.8490722019720328,0.6453546751810522,0.4915116448877589,0.5003688614889626,0.4894653662152187,0.4933806304342047,0.4993999549505247,0.5082298267532509,0.5015599223180824,0.5028057650896841,0.5002772064198725,0.5008589342208375,0.49704677159971367
0.5123809387900249,0.859040227543598,0.6576191328413884,0.5018881978896355,0.49315658226054554,0.5014611295658434,0.4931140857583025,0.502235761621686,0.5082183232403958,0.504678434669292,0.5021775685167401,0.49404973320613477,0.4975753453895567,0.5013183896354351
0.49347734058949616,0.8703363153820823,0.6716325582398683,0.493712404308493,0.4990500488246907,0.5018134750390123,0.4931731099904018,0.5081242790394677,0.5094465354461192,0.5013146911794305,0.5035992864098728,0.5109773191853813,0.48903313840636,0.5011993099711064
0.4791306464957012,0.8781807110545452,0.6820372950047866,0.49207619669350183,0.5002660686903774,0.5014183720862126,0.5073483911258952,0.4993999549505247,0.5094167266063264,0.5061659070211781,0.5028058885030292,0.5113119033738243,0.5008589342208375,0.5010972721866692
0.4632599830673177,0.8865200487920616,0.6934469836265915,0.49371335484866324,0.4991187005275481,0.5015442522420355,0.5031337397234819,0.4985886881789683,0.4876629766966729,0.49758193460041006,0.5036632576116551,0.4940055439209434,0.5008548916454594,0.5010682710234227
0.447513471636279,0.8952764819796608,0.7049037461819563,0.4920837707656999,0.5002822064052317,0.5049968823421718,0.5073736680667944,0.4994494338613425,0.5192347672305165,0.5062021705323001,0.5036248040282335,0.511570879359313,0.5139528215200057,0.5010980517643003
0.43124749773442206,0.9026497316969299,0.7162613433519202,0.5055870902616619,0.491109407230668,0.5017732555730317,0.49909483853031283,0.49858713306511326,0.48794265032127915,0.4974727833296163,0.5058823372961228,0.4937857575822349,0.5009426876998467,0.5057713711689646
0.414475037143384,0.910267181230461,0.7279849060846159,0.5055876520606638,0.4962777938352382,0.5047599873530424,0.5009405883088989,0.4986003558978762,0.49601428353100113,0.509172870157322,0.5027323283783172,0.5004228169409796,0.5029374373755194,0.5010261011850731
0.39788377517991025,0.917887436198425,0.739603794461677,0.5053331849117044,0.4911064039833952,0.5016338076244178,0.5011464623650053,0.49425409945699417,0.487921799307075,0.5075475992480276,0.5026601054930165,0.49583102938225987,0.5029359951042853,0.5058200073256109
0.38206035004592004,0.9246600073025402,0.7505563457022523,0.505341953195346,0.49104607735435934,0.5110397854004752,0.5009716718905678,0.49858697502365595,0.48898679841469633,0.5075423039507466,0.5026603258107651,0.4951944871635647,0.5029374516665711,0.505700941607291
0.36590903706196626,0.9312205948650023,0.7616489567404582,0.5053388023887772,0.49104609360341694,0.5110413424124394,0.5072786889758332,0.4985327256927259,0.4889844840010913,0.5075453053393835,0.502739650937667,0.4958632032784264,0.5029359997462375,0.5057652718118535
0.34864155594408247,0.9377428844789139,0.773394106570418,0.49866318236633583,0.5070616200850512,0.48879556593420426,0.5037729643456461,0.4985275096446286,0.48900831371433057,0.5075519345785867,0.502739650937667,0.5039784997191309,0.5025770084222887,0.5074028034320107
0.33563997133885587,0.9427191193128582,0.7822505145239881,0.4987005375345558,0.4898108645650949,0.4887961334184361,0.5038987374815889,0.49853327112812107,0.48933351011031334,0.5075451431114327,0.494990948315627,0.5038384590179189,0.5025918340822582,0.5148626430867642
0.3201169562871263,0.9480281081682617,0.7926879766344876,0.4987164471098413,0.4894849637033223,0.48777073576497787,0.4900591144257112,0.5021323484449888,0.5067304045125843,0.5071588613646028,0.494990948315627,0.4916773025895449,0.49928333964916544,0.5077028877417259
0.3046963292563153,0.9531044132827011,0.8030170005997965,0.4975613663414516,0.49165161012757014,0.4877689186982452,0.48980268478209,0.5021323484449888,0.49346655173400167,0.5071589880918932,0.4954568943303246,0.49181764083248813,0.4979470209293923,0.5102091467488475
0.28706900058373724,0.9587915461744846,0.8147991818574895,0.5020405503103816,0.49165161012757014,0.4939327572849544,0.48980268478209,0.5022370438912767,0.4995118571864522,0.5071151587936978,0.5199661399871945,0.49181764083248813,0.4979470209293923,0.5102091467488475
0.27495358946292825,0.9620691144550064,0.8227820122609255,0.4975479673547949,0.4916436513539615,0.487768893196983,0.4900557355847616,0.5021323498883251,0.48970970726555146,0.5072004241171628,0.4948354538082323,0.4918158258585242,0.49794702201521335,0.501890836587813
0.25591048229154145,0.967190559044351,0.8353293353280131,0.49883045302828843,0.4917314204389493,0.48776894986617303,0.5027335864341295,0.49787286822189714,0.4893645046046282,0.5071580714117798,0.49428081705844445,0.4965961770157521,0.4945037395887768,0.501890843203452
0.2429982261897724,0.9708871773598822,0.8438711540273256,0.49883045302828843,0.4917314204389493,0.5013243707966134,0.5027339417780461,0.49787286822189714,0.4893645046046282,0.5071785582348227,0.5189951596902742,0.5138535806180402,0.49450206085532816,0.501890843203452
0.2288678103150547,0.9741016414748582,0.8530890790752585,0.49881843948867177,0.4951161550077123,0.5012559627331187,0.48957101335508124,0.4946780157728312,0.5147808991519615,0.5071642374007483,0.4953586999530029,0.4929047713403386,0.49783345614104857,0.5108052207373943
0.2128115270935905,0.9776923942242323,0.8635570554921034,0.4988389002973558,0.4951161550077123,0.5085708917081896,0.49785479930800375,0.4946780157728312,0.5147212671946798,0.5071642374007483,0.49735364886665867,0.4929047713403386,0.4978689602055346,0.5111308615983782
0.19563323707673677,0.9813148750048577,0.8747269562700386,0.5047736190508639,0.4951161550077123,0.4937731964977974,0.48957101335508124,0.49450504580333793,0.5147946423184133,0.5071642075448837,0.4953586999530029,0.4925517931453085,0.503405051506725,0.4935009068076475
0.18599303406463016,0.9829905480536303,0.8809516383936294,0.4988389002973558,0.4951161550077123,0.5085708917081896,0.497649136387559,0.4946780157728312,0.5008275931464183,0.5071642374007483,0.4973255783718309,0.5135592077623193,0.49786965030864744,0.4928058837533382
0.17527856744765893,0.9849467947619602,0.8878825134624683,0.49919883956499467,0.4912913491922,0.49217508740017246,0.4899015641396308,0.5000452920030758,0.5000258618089922,0.5041440388453976,0.5072812316577279,0.49412936734177104,0.5012007083063534,0.4913106183636945
0.1618713266266922,0.9871133765478195,0.8965251560495658,0.4991987925075971,0.4912932262380142,0.49391146524422813,0.5059446245177274,0.5000420527848464,0.5000258618089922,0.5041101042588667,0.5072812316577279,0.5014779498031792,0.5012940539766441,0.4913455958421073
0.14771874189000325,0.9893370179816496,0.9056428369418473,0.4990614925632517,0.49221612183249364,0.49364538727391805,0.5059845890178495,0.5058343941949689,0.5000258648598829,0.49959948956551,0.5072812316577279,0.5011477922588701,0.5012945961041584,0.49126171012898795
0.12541717132543836,0.9923546721082533,0.9199661405185035,0.4990573229879265,0.49131056730328226,0.4938995942321015,0.5059854792115436,0.5060262140093907,0.5000258990221745,0.5047000346178264,0.5055415863511031,0.5011477922588701,0.5012945961041584,0.4973437754596943
0.12381112534902818,0.9925616363874904,0.9209967714361537,0.49905085196645843,0.49131056730328226,0.49366020745608197,0.5059442904392245,0.505619026175496,0.49998271555694185,0.49728082364974957,0.5072812316577279,0.501102822754478,0.5012945961041584,0.4973438215817466
0.10122469978138887,0.9950477956838888,0.9354596629745502,0.499090636018894,0.49658970373077393,0.49391161975905695,0.5059879293262722,0.5055620545406803,0.5000258990221745,0.5046643585524058,0.5059828022002956,0.5012609041978088,0.5013962241236604,0.49758057079216106
0.09929958549250784,0.9953533794218585,0.9366982610263594,0.499090636018894,0.49658970373077393,0.49391247317946524,0.5059840860102601,0.4921318386478105,0.5000258990221745,0.504678202113573,0.5072773211172739,0.49429397236675865,0.5058176587963809,0.49758057079216106
0.08648291857609813,0.9964610277092445,0.944885833700428,0.49909138599887887,0.49658970373077393,0.4939124818788947,0.5059879881358071,0.505520596344925,0.5000258990221745,0.5046643585524058,0.507296098281205,0.5012268303931964,0.5029530992880262,0.4975805714269193
0.07042919537418602,0.9978150846088298,0.9551396026675635,0.4987854919712743,0.49958175531691806,0.4939696013845237,0.5059385951441419,0.49584510340993687,0.5091457413627412,0.5044029037716288,0.5073980259315894,0.4966377761557068,0.49963564151122225,0.5061497203717881
0.060401360245298436,0.9985002237021928,0.9615364135270908,0.4988460719098963,0.49375318359806464,0.4939648897487052,0.5081964307978385,0.49601081066744585,0.5095240001397868,0.5040400115483814,0.4952664708499715,0.499124163154263,0.4945645814729035,0.49758334945372434
0.05166152028114912,0.9990389665462149,0.9671089137215106,0.4935776947054255,0.49329394855750014,0.4936728845861494,0.5081729593379621,0.49601314257037976,0.5094655555862916,0.5040691724629528,0.49525317435751803,0.49910805880800246,0.4945640132327773,0.49758334533200427
0.008304000301181846,1.0001455592201718,0.9947144000584305,0.49873689183220976,0.5015123947966896,0.493957389248747,0.4937815131666461,0.49656704503146243,0.49594349035600793,0.5038320831600256,0.4952976429208496,0.4991238244305719,0.49459722906369963,0.4975563911801801
