1.0002060878961345,5.73155197562352E-5,3.648067487487059E-5,0.49853891282548574,0.49759820280850575,0.5028370961555371,0.5008172195032089,0.5044887724646208,0.4990124049547513,0.4963950787683172,0.4974659993223547,0.48845271372707816,0.5011030321720329,0.503790993479651
2.2782630073385982E-5,1.0011695971783285,0.9999855130711024,0.5034019440024293,0.4964782296378091,0.49623129691973183,0.5012463269326947,0.4912254797685657,0.502412728508265,0.49919350187534595,0.4938521160090994,0.46833453977444317,0.5009205198116062,0.4977514926323514
0.9999575610450796,0.018725547473646527,0.011920166467271148,0.49545547284471764,0.49738691849439076,0.4932934938918457,0.500817378318438,0.4995209815896937,0.4987711790184493,0.50089813869745,0.49736293541797755,0.49986060020692835,0.5009686593827329,0.49297917579780354
0.9999131393403394,0.026487404368532582,0.01685992732203026,0.4986033110375685,0.4975940327609781,0.49993410152380646,0.49818101512407026,0.5044944604858937,0.500815858077424,0.49666911994626844,0.4974659995973665,0.48849280636706377,0.5011030270313274,0.4910092699991465
0.999531591396945,0.04179905547125959,0.026607072508896205,0.4986032777124395,0.5086351170297357,0.4999319271525522,0.4981829512740104,0.5035080512933507,0.5008157890669288,0.49666916231702385,0.5001756849318052,0.48389411146496397,0.5011030270240526,0.5063767979549032
0.9991956240159159,0.04390911613614391,0.027957927265510905,0.4986025571047502,0.49429707967193653,0.5031656057098703,0.4983393058146766,0.5034365580634363,0.5022658767911606,0.496680242714657,0.5001924146789608,0.5064926833666806,0.5014018504225094,0.5063688932713458
0.9973591437595462,0.07365876308416817,0.046931585698227626,0.4979808526888059,0.4972004600558629,0.5033308907764823,0.49807292860400587,0.5045747748767754,0.5017210625878203,0.4964224251624542,0.49750479646024426,0.49985386137305066,0.5011075501089494,0.49786736789971486
0.99655069148174,0.0873841596950388,0.055680617792507006,0.5126240697303157,0.49800534031411137,0.5124459524232469,0.49807697702007675,0.5046197749103883,0.5024108281268934,0.49644297977893753,0.4975049006639851,0.49983816993260505,0.5014337200188677,0.4978772050598607
0.9954743916212206,0.09910809967839164,0.06317284080784334,0.5120520169516011,0.49805029100321246,0.5126309038190067,0.501085415318809,0.5034027489074517,0.5023375351500204,0.4945045660577805,0.4974889437899241,0.49984644665945877,0.5052834804169756,0.4978776106604272
0.9941328543390536,0.10968764183573645,0.06995846704682622,0.4953861987727492,0.49176931519689265,0.49975190817028037,0.5010858531044818,0.5034015468577517,0.4987814621724564,0.5024881176783302,0.49886203606897966,0.49984676115836435,0.49896177479617015,0.49266329178281887
0.9927026775852835,0.12165332740733165,0.0776291579789769,0.4953861987727492,0.4974364030609308,0.4944662799390531,0.5011214411968339,0.5034015468577517,0.4987814584392323,0.5024881176783302,0.4988520322928368,0.49984676115836435,0.5007707352793637,0.4930616694600785
0.9908691607671393,0.1358588312434431,0.08674653111607027,0.5025425412891249,0.496589376516395,0.5074487621482817,0.5010853581687519,0.5034165834722639,0.4987602887055364,0.5008981007128128,0.5007857374352104,0.4998606728022985,0.5009715627528117,0.49297917579780354
0.9891337598238353,0.14804842505828958,0.09458381903508478,0.4951571415777311,0.4973902002834694,0.5074569507584312,0.501086813279743,0.5034026377519968,0.4987602887055364,0.5008982763235069,0.5008516282514528,0.49986060020692835,0.5009715627528117,0.49297917579780354
0.9874534920673059,0.15885230518637974,0.10154345378408439,0.49544897006469246,0.4973902002834694,0.5074569603195838,0.5010868130268414,0.503403131468609,0.4987602887055364,0.50089813869745,0.5008516282514528,0.49986060020692835,0.5009715619043156,0.49297917579780354
0.9853205521414767,0.1743601264535767,0.11150053234000916,0.4835728396581049,0.5031495946418898,0.5147941466774323,0.5010853388685705,0.5031424052555793,0.5066054003451042,0.5009767606504072,0.5008516282514528,0.49547299130424044,0.49944794030875117,0.5072817690658834
0.9825148612650797,0.18768829562363215,0.12016477046267796,0.49503622146839665,0.4949547427957005,0.49067328722502207,0.4986684126110361,0.502973210314983,0.49203106497679205,0.5059994441710743,0.5028002869981151,0.4949181699611576,0.49961399486906405,0.4996426638219468
0.9798611159491839,0.20122538565048478,0.12894423931269808,0.49856880729599945,0.49760200731502907,0.5070237619795089,0.500771020702782,0.5044887724646208,0.49901240493525967,0.4963950787683172,0.500948652519459,0.48838637822878983,0.5011079682097495,0.4910092699991465
0.9765737415710983,0.21620387632344612,0.1387041427602154,0.49503622146839665,0.4949547566731449,0.49933946208884855,0.5010342877479336,0.5029755999653535,0.492021991832762,0.5059994441710743,0.49794661635934045,0.5056884181463843,0.5048345410078436,0.49964342843111265
0.9745963520622206,0.22487389770189334,0.14436419401677883,0.4943766166127437,0.49466086221751715,0.4993231287597218,0.5010343169781739,0.5029776722971743,0.4920306157747527,0.5060003390726427,0.49794660803220553,0.5021877403961903,0.5048965424153354,0.4996510188408383
0.969986153147321,0.2453054238715483,0.15769215582936885,0.4942593700735064,0.48651413924196757,0.4994677378892672,0.49893360350238547,0.5034817609151957,0.49253179576971556,0.5059950229485224,0.499027339649706,0.49090755327022756,0.5048779875071125,0.5098139046288956
0.9661600604415663,0.2601286490619619,0.16743295005024506,0.49575731135885454,0.4938981031727153,0.5160070869490296,0.49892781497706606,0.5035201955843045,0.49253907837520555,0.504735127444732,0.49904044245163565,0.49090755327022756,0.5049672967233597,0.507387299228371
0.9632047739811909,0.26999470053679014,0.17398497472836666,0.495750934731744,0.4938085323326614,0.4994677378892672,0.49893360350238547,0.5035171945973966,0.4925390440042509,0.5059670354987884,0.4990404887724452,0.49090755327022756,0.5048779875071125,0.5078354045130071
0.9594929073478226,0.28337405322301523,0.1828204082897887,0.49566776644107025,0.49258750019564124,0.5152250855257581,0.49906477615471184,0.5035178143048736,0.5060675211395496,0.5067708304389876,0.4990371431783468,0.5055814042561577,0.504961732793879,0.497651392591037
0.9528638729356235,0.3044504011380642,0.19688053447662743,0.5046595472272188,0.49258749110204864,0.5055494856915456,0.49140509945313693,0.5022898588483319,0.5063082522893592,0.5067819127223562,0.4974939494795419,0.5055824891718119,0.5018790525224152,0.49746632683511177
0.9489445720675249,0.3165265351485238,0.20496056386426945,0.5048389176929896,0.4925885726521571,0.5055494856915456,0.4913076851105315,0.5022898588483319,0.492560806451262,0.5067820521435629,0.4974939494795419,0.5056881459253016,0.5017779999365137,0.49695202102899344
0.9427084380195331,0.3352623111698053,0.21752539082735622,0.49440158601376205,0.49231075445769623,0.4828338378147316,0.4913870712928364,0.50234514625118,0.4954219681928342,0.4944377648284486,0.4974939494795419,0.5033581988738228,0.5017982297012795,0.49648678719354955
0.9364666072491583,0.3511670291811574,0.22839576511276438,0.4972706639940141,0.4974309649603401,0.49863833496172255,0.49505992490366885,0.5023655728956644,0.4954077229924567,0.49445898569210317,0.49713676599620626,0.49939462525132317,0.5051892855594946,0.49671437555985076
0.9305371244199901,0.36671970949821014,0.23899038653354485,0.4972706639940141,0.4926556011106379,0.49863833496172255,0.49505992490366885,0.5023655728956644,0.4954077229924567,0.49445898569210317,0.49713676599620626,0.49939462525132317,0.5051892855594946,0.49671437555985076
0.9245679434934211,0.3818425962897841,0.24933794882427132,0.4966239015818225,0.49633622181895615,0.4944715492010114,0.49527799213963547,0.5024311050727653,0.4906499544572888,0.49526861068865474,0.4976199799045221,0.5034681837103551,0.5097948276308512,0.49721752834753197
0.9171940184282575,0.39888236551369105,0.2611549225234216,0.49727413508896356,0.5048099436161388,0.5029342912718219,0.49505992490366885,0.5023660190823015,0.4954077229924567,0.49445898569210317,0.4971341983016231,0.5033532557657494,0.5052125054338419,0.4971032020575353
0.911396366561946,0.41190105133963845,0.27022614154968083,0.49774688524799243,0.5048099436161388,0.5029341998819095,0.49800316922429533,0.5023605787394275,0.4953714914640765,0.49445898569210317,0.49713218098638284,0.5033492272410228,0.5051530079831553,0.49710302895648467
0.9026537426034806,0.43097110646634756,0.28357883027514186,0.49774688524799243,0.5048099436161388,0.5088551317092871,0.49800316922429533,0.5047906399288485,0.4953746388011467,0.49445898569210317,0.4971994103398024,0.5055992960261216,0.5051628845496043,0.49710302895648467
0.8954367911546918,0.44562105854520756,0.29397321977857055,0.4972706639940141,0.5044821027071915,0.5031872092390505,0.4979550223778047,0.5047547668788411,0.4954077229924567,0.49445898569210317,0.5025778441509057,0.5056499613613565,0.5051891965969469,0.49671437555985076
0.8884143670820115,0.4595186140508935,0.3038840835518428,0.4980921427896099,0.5052150864704171,0.5028046658490579,0.49807898579268656,0.5047596993260751,0.49537461051825554,0.49394960057655624,0.4981565009331786,0.5072287996920779,0.5054030117855275,0.4967133796953138
0.8790728206243544,0.47746750931140675,0.3167616917945208,0.4970752971551014,0.508531415772904,0.5078963774838864,0.4979014627199077,0.4959702493527848,0.49919416192494664,0.5025909609459704,0.49313531186972825,0.4964153302828458,0.4883758861800913,0.4977058229915335
0.8686501010642725,0.4962720529719008,0.33044374325234105,0.4970752971551014,0.49750891156882326,0.5078962741894275,0.49783162982620266,0.4958227197867895,0.49916268380456935,0.48903443302505095,0.49313531186972825,0.4964153302828458,0.4884219022226995,0.49772988586572847
0.8594793448216069,0.5115610841035849,0.34178952815616725,0.4970752971551014,0.4978185027530863,0.5078963774838864,0.4989380724900433,0.4959702493527848,0.4991941313355916,0.5025909609459704,0.49313531186972825,0.4964153302828458,0.49412190246583143,0.4978084208764314
0.8494596675628224,0.5293001201784654,0.3547457899722767,0.5196767679621435,0.49781454038016376,0.5078315485093751,0.4986990297458189,0.5130209919962385,0.49916573717946916,0.5015127837208604,0.5082536497173459,0.5064072682708008,0.4886721089833711,0.4978116297906293
0.8394691454199933,0.545124980422551,0.3666492469759477,0.49711846698004947,0.49781454038016376,0.5078942196608952,0.4979029060746376,0.48635970502690573,0.4991729510574251,0.4882894290708747,0.5083386204670849,0.5040683238759655,0.4879216037002672,0.48271526605992987
0.8282699370273616,0.5610857922620092,0.37904954444129063,0.49667641174446986,0.497813848325083,0.49954778399736965,0.4979033080965998,0.5130200876950333,0.4991842647989547,0.48828943231009553,0.5084283111329234,0.5043584996168293,0.501555425401216,0.4980293167082337
0.816818981826988,0.5783782709207029,0.392242049811023,0.49251550769540786,0.4811725154065434,0.5080399649008337,0.49042925699600304,0.4922487182053712,0.4959826048808902,0.4881155969580943,0.4953076252699059,0.5066235506569658,0.5014480912817832,0.4978114216163792
0.8052184603152085,0.5936837484757681,0.40445750531046065,0.4964952246630475,0.4972154960116445,0.4897298017871117,0.4902856450080759,0.49214038356160966,0.4958706596310806,0.4963399779708043,0.49513761401394124,0.5056889758422362,0.5011249111668332,0.4929916178308523
0.7929479887789246,0.6097982899793691,0.4173472310840373,0.49637630125070636,0.4974947935685958,0.49040839592799246,0.4980160099905568,0.49214330422458985,0.4957960890235531,0.4964989526858164,0.49508685517297873,0.5053515394006501,0.5011257040444566,0.4929899930999126
0.7833159207445927,0.6226672369307776,0.4275734490166115,0.4968314468649246,0.49867521350922145,0.49040839592799246,0.5006632692518173,0.503417068333435,0.4957975102479953,0.5006432440759284,0.4804293519566474,0.5094844535440297,0.5064736365729797,0.5003025483858387
0.7686078305611759,0.6401851804498171,0.442127011429599,0.49623475313944587,0.4973716749377813,0.49040839592799246,0.5007741509401741,0.503412899558198,0.4958303918310471,0.500700626721962,0.4989756321622687,0.5094827512639178,0.5079499828107003,0.5003242043041533
0.7557563249224398,0.6552662897190569,0.45473771127627194,0.4963765744452939,0.49867521350922145,0.49040839592799246,0.5006632692518173,0.503417068333435,0.49579746201653474,0.5006432440759284,0.49894893076303204,0.5095134854955137,0.5064770907308106,0.5003025483858387
0.742183785451335,0.670580879152559,0.46776189554971237,0.4962277212770137,0.4973716749377813,0.49040839592799246,0.5007738444751052,0.5034172217885169,0.49573761383103543,0.5001474215006184,0.4989423420463646,0.5094682752603783,0.5048231235911175,0.5002790585784677
0.7287435271359598,0.685282321583226,0.4804391446508427,0.4942593700735064,0.49880753960117824,0.49997665638090466,0.4996514409930996,0.5035912707750155,0.49236607653103365,0.5057877409234461,0.4989071378121273,0.49090755327022756,0.5047827843190511,0.5096707780651321
0.714442326090699,0.7000424446577743,0.4935192426558603,0.4971959748291727,0.4990828936230294,0.4946783134816829,0.4996738474532243,0.501625793840115,0.4943232941101019,0.49381943398560496,0.49309207222733187,0.5056376000789385,0.501074289124667,0.4927372806925773
0.7003235775629525,0.7141484551479782,0.5062220460909098,0.5041867192561145,0.4990828936230294,0.4938843314871254,0.499673999274341,0.501625793840115,0.49444087727377434,0.49373382977853414,0.4930838964385237,0.49966078212847803,0.501074289124667,0.4927372806925773
0.6834310882668614,0.7306822555281901,0.5212640944727748,0.5044899151708557,0.4990970315586213,0.49275675380934864,0.5066019271356469,0.5037200301696331,0.48369354160003447,0.5011403203900899,0.5002706894722547,0.5051744669141173,0.5039619089316711,0.49317523553142323
0.668563916845592,0.7439648582306775,0.5339506112407143,0.5045021245482064,0.49895879280838845,0.49403705416012145,0.5065725316883704,0.5037198018205252,0.5006826893764951,0.49940641459151774,0.5003508258584978,0.5053952802671376,0.5038579994467086,0.5084737377866425
0.6553711683202854,0.7557348733939869,0.5452029151913159,0.49494067125580427,0.4966679927136093,0.49391169063384227,0.5011324125737779,0.5035214826263047,0.4970583713979849,0.49587500037539656,0.4949108435904559,0.48781889326682987,0.5040217662373977,0.49556612383509796
0.6409039749589373,0.7679953012196352,0.5572719868571634,0.4902434104200118,0.4973910897526977,0.508214901198281,0.49971623739107757,0.5036144124526538,0.501754906984282,0.5012005175716986,0.5038836985493744,0.4962206957962827,0.5040291155515045,0.5073861434062745
0.6240049561982062,0.7818847691456227,0.5711934001864284,0.49494067125580427,0.49659990945471755,0.5078981608189359,0.5011560825183726,0.5037512706042918,0.4971511751995442,0.5012007951475919,0.4948621682037452,0.48798723471542366,0.5040217662373977,0.5071791258745894
0.6065465334554352,0.7953882711977956,0.58524012180537,0.4902434104200118,0.4973910897526977,0.4927726119512157,0.49971623739107757,0.5038154603050542,0.501763455985325,0.5012005175716986,0.5038836985493744,0.4962206957962827,0.5040291155515045,0.5071792133970765
0.5887129654822068,0.8088731032846036,0.5994685787236425,0.49847702204092864,0.4971501971473139,0.4953389993511739,0.4932685337312918,0.5033843751257151,0.5015652419574183,0.4952155292644189,0.48700341635861466,0.49575834112560796,0.4894270319190161,0.49596635404809675
0.5774632445685376,0.8165900980530153,0.608149099517948,0.49847702204092864,0.4971501971473139,0.4953389993511739,0.49310054169334216,0.5033841900812729,0.5015652419574183,0.5004395786013318,0.4952699816876679,0.4957492878615897,0.5022535187746303,0.4985169990487008
0.5598965099173205,0.8286899155784684,0.6217271602637829,0.49916877362782663,0.4972280005942856,0.503837934513954,0.5013637266926815,0.5033883533445778,0.5015666794619607,0.4952714252978205,0.5035919141472338,0.49677645245717783,0.5022535384662669,0.49601218884622617
0.544603358860134,0.839031317711239,0.6334774225814828,0.49916877362782663,0.4972280005942856,0.503837934513954,0.5013637266926815,0.5004249683727111,0.5015666794619607,0.4952714252978205,0.5146867399184701,0.49677645245717783,0.5022535384662669,0.49858004563403513
0.5289009918677431,0.8491067032135249,0.645350996886097,0.49916877362782663,0.49723110619938016,0.503837934513954,0.5014695209220077,0.5033891486280513,0.5015664063886541,0.50054087523366,0.51482010364526,0.509632110244816,0.5022537454110152,0.4985201395498192
0.51233798244026,0.8590158454325139,0.657634664794458,0.4988450421422722,0.4978777422263363,0.5036015002624895,0.4942822123565115,0.49623217197453834,0.5012694884362987,0.5002136334992455,0.4912750280612108,0.4960509653144704,0.4940631143128595,0.49779241249918416
0.49600226194842334,0.8690116196635994,0.6698193999131711,0.4998733967698936,0.5002581203142392,0.5035225724819627,0.4942822123565115,0.5130875971282483,0.4901694920953521,0.50581375574803,0.5124302069381174,0.5097187939907203,0.5019138779039141,0.5000610192355291
0.4793106839503687,0.8784766196596262,0.6820269127697204,0.49775439517739656,0.5000504289421901,0.49871881515922123,0.5002311360952605,0.5030664218412848,0.5024798900779425,0.49533485924077847,0.49375861385374625,0.48198524005455157,0.4820523386173217,0.49984574746576815
0.46154036425668343,0.8874247909911295,0.6946836617639724,0.49775439517739656,0.5000504289421901,0.49871881515922123,0.5050308718033127,0.5035978907572415,0.5024798900779425,0.4955335042695276,0.49377327600088783,0.5065581614680652,0.5103280841847151,0.503406679027118
0.4473182755979223,0.8946747405965388,0.7048436344975203,0.4978432232214946,0.5000504289421901,0.5033162787877473,0.505035463561757,0.5003615352751445,0.5024304244797455,0.49554212189803265,0.493771677737763,0.5068088858414257,0.5103474602945687,0.5030147246096108
0.42387158579987805,0.9062410061977536,0.7214814681750593,0.4978432232214946,0.49996479536691585,0.5033162787877473,0.5050447823065863,0.5003615353299847,0.5024304244598892,0.49541058431090507,0.493601192090727,0.48328193746553766,0.5083907512485641,0.5032843539108526
0.4147424339099,0.9101791649029128,0.727806799411657,0.49799976724211353,0.5000504289421901,0.5033162787877473,0.505709594505934,0.5003615352751445,0.5025179420388868,0.49527552593004226,0.4933312621243004,0.5023985972996002,0.5048909274843555,0.49174549239779475
0.39254433240403985,0.9200994252543275,0.7432814280475968,0.4966365748920864,0.49633112444414207,0.4926235261533674,0.5059458357432715,0.5016732668609045,0.4886360985335133,0.49527518719152647,0.49745208192605395,0.5023980569387677,0.498945169003642,0.5074020328057837
0.3823885576439961,0.9243157378748554,0.750279622382376,0.4966365748920864,0.49628703894619686,0.5027088623488003,0.5059458357432715,0.501690954997204,0.48863558447000127,0.49527535025818,0.497454500377913,0.5023980207225763,0.49894516610359146,0.5074020328057837
0.36462805045492175,0.9313132194222387,0.7624294147357581,0.4977719908720319,0.4999869200696525,0.5021705309367666,0.5059299876903638,0.5030646864517463,0.5023345418889475,0.4953346420404779,0.49749604923127094,0.5023992725302795,0.4989451668247606,0.5073733148498633
0.351152587381179,0.9364234538733651,0.7716031975890287,0.4950228467078284,0.49702186669609894,0.49867550044827025,0.5010109260707102,0.502980475008318,0.5007906220033576,0.4995057831322436,0.49741905960141125,0.5023006109268942,0.4989766405233977,0.5062718375028863
0.3340916250418096,0.9427361933916278,0.7831825969609361,0.4950362558536643,0.495982640262345,0.49933946208884855,0.5010545479319496,0.5029755999653535,0.493877663042606,0.5059994441710743,0.49794567399043366,0.5056884181463843,0.5047963435046647,0.49966086315068753
0.3196002780815329,0.9477278717631976,0.7929384272978659,0.4991861886658154,0.495982640262345,0.49995105475133017,0.5010545479319496,0.5034523777439656,0.4936646705059816,0.506061540228528,0.49811162886168414,0.5056884181463843,0.5048536312660961,0.5001386350515581
0.3044197553152649,0.9526960103933938,0.8031055272278096,0.49503622146839665,0.4960407095622736,0.49933946208884855,0.5012424773353263,0.5034140555907498,0.5008855694795609,0.5059994441710743,0.49794661635934045,0.5057036414539375,0.5047877930883348,0.49964342843111265
0.2869900020077741,0.9580668240417983,0.8147150375444852,0.49916079053469775,0.49621202607863735,0.4999521077234291,0.49788750528313613,0.5034315362152434,0.5010378655305558,0.5010542068689091,0.4937152150417097,0.5036509912858301,0.5008175750055698,0.5063767979549032
0.27405698961516256,0.9620068618169803,0.8233197899858669,0.48604024847329613,0.4960413069982957,0.5001533679730259,0.5011539774211747,0.5035105459181805,0.500810218978332,0.5007561825215872,0.5014337829234375,0.50365192713676,0.5008178644356243,0.5063767979549032
0.2593252853605604,0.9665171228524849,0.833119609899873,0.49914043630893384,0.498081479143252,0.4981421812265386,0.4948612106463932,0.5047180439363047,0.5010378773419889,0.4907758102010686,0.49371774565387166,0.4829437053071168,0.4848788491363528,0.4992960836988393
0.2441762959393418,0.9698150625706551,0.8429779704083076,0.4992547298514379,0.4960413069982957,0.5001533679730259,0.5008852866457381,0.5035105459181805,0.5010376799912696,0.5007561825215872,0.5014337829234375,0.50365192713676,0.5008178644356243,0.5058812027624461
0.22990836639542833,0.9738596806317132,0.8524093970247095,0.4846578556254448,0.5018358606241049,0.5078954439835947,0.4986990297458189,0.5130209919962385,0.49909518667817165,0.500767238854427,0.5100756079128338,0.5068892518986611,0.4990049740235188,0.4974774813984498
0.21483700429197275,0.9771517582901107,0.8622245485995177,0.5177475528149392,0.5018475426615435,0.49816661910068216,0.503999311474647,0.5031363152110381,0.5022864587665666,0.490575483910692,0.495555173776626,0.49532112539595224,0.49904169828322015,0.49756462004155505
0.19733446150620879,0.9808247400629957,0.8736043559006439,0.5177475528149392,0.5018475426615435,0.5001661032748216,0.5012687276443819,0.5030550730924046,0.5022864587665666,0.490575483910692,0.5050837008965214,0.4952269992498982,0.49904169828322015,0.49755818472061397
0.18899605036561815,0.9823083472725184,0.8789930784907211,0.5082591927431822,0.4974083198320252,0.4930284505665609,0.5039851544746994,0.5032666116024958,0.5022864587665666,0.490575483910692,0.5056557605133954,0.5068848233516583,0.49904169828322015,0.49967831102316684
0.17447863485573345,0.9850770262439366,0.8883982039016096,0.5083315871319272,0.4973540158397281,0.49314478471033113,0.5044900888845629,0.503097683705155,0.49887830221783575,0.4904700262055824,0.4974659995973665,0.48745872812713265,0.4995146140867872,0.5007077754006078
0.1618011006438605,0.9871470623494317,0.8965727291574889,0.5083321275281896,0.4974490690531138,0.4933987133716745,0.5046659397462612,0.5030989600317183,0.4989474853801889,0.49997755533961347,0.4981830667877044,0.4872585361214099,0.501128655660542,0.5007049780330464
0.14888080827145145,0.989338020003998,0.9049115967278262,0.5087873189997565,0.4999176752487152,0.5141489308225224,0.5103477596250541,0.5033890169097635,0.4988828707681275,0.49998203800089464,0.506871486158176,0.5056250674898047,0.5011383936764676,0.5003345763165787
0.13331138287903468,0.9916800753467824,0.9149293147054205,0.5092626354342878,0.5001179890491455,0.5147332340391838,0.5103186111431175,0.5028287880971656,0.49888286897294243,0.5045062680614091,0.5069015136923063,0.5094682752603783,0.5049161203345321,0.5003345762677501
0.12322345767627188,0.9928982126495066,0.9213943327756554,0.5087873189997565,0.4999176752487152,0.5141309095507164,0.5120582818967059,0.5033890169097635,0.49888373996200414,0.49998203800089464,0.506872314516782,0.5056241379276275,0.5011383936764676,0.5003345778404098
0.10902257021557035,0.9943327955211797,0.9304762094598137,0.5025908565927966,0.494220565316516,0.502997419836941,0.48762528791803067,0.5033638330810926,0.4987191079968165,0.4950910494123128,0.4988671256050066,0.5066108177437109,0.5014807810682118,0.49769638156162166
0.08426449446616185,0.9967037613573007,0.9463058313260052,0.5027565408486113,0.4995734515748479,0.5029978292976699,0.48762528791803067,0.5033638330810926,0.4987191079968165,0.4950910494123128,0.4988671256050066,0.5066108177437109,0.501471411177005,0.49769638156162166
0.075414423217105,0.9973472020019528,0.9519534182970352,0.502758157991858,0.49427227600840556,0.5029984624645017,0.507850028371112,0.4994109605779832,0.5021866837064307,0.49471055494982596,0.4988674343664144,0.506570956082988,0.500681409534336,0.49769562470910916
0.06040222789897311,0.9985060235912012,0.9615360852270727,0.5082591927431822,0.4974083198320252,0.5031445610500564,0.5039851544746994,0.5074796704009769,0.5022864587665666,0.490575483910692,0.5056557605133954,0.5068988514413313,0.49904169828322015,0.49967831102316684
0.05243645993076016,0.9987880098517039,0.9666080613908146,0.5086608847952883,0.49759243218536164,0.5031753729105752,0.5012683994125398,0.5030611964436179,0.5024108386987489,0.5024309471558425,0.4988897011534962,0.5065708902239223,0.5006833066436813,0.49775186124897547
0.038751337352903495,0.9994125728731409,0.9753279914436472,0.5086608847952883,0.49759243218536164,0.5031818537585917,0.5012683994125398,0.5030611964436179,0.5024108386987489,0.5024309471558425,0.4988897011534962,0.5065708902239223,0.5006846208391538,0.49775186124897547
0.016606094519218458,1.0001304387727767,0.9894305819003489,0.5089967927699334,0.49759243218536164,0.5034871785502918,0.5013838660870663,0.5079021304572381,0.5025330026547863,0.5069691153430147,0.4988367789453531,0.5065708902239223,0.5006833066436813,0.4977520257655322
4.098030385379211E-4,1.000286225111921,0.9997391859490175,0.508996827761793,0.4964654853884417,0.49604740368909106,0.5015325952996604,0.49103962746324825,0.5026043797402274,0.4994894802308849,0.49376518699841326,0.5065708902239223,0.5006833066436813,0.4977520257655322
