1.000277957299537,6.691057620008024E-5,4.258475898133755E-5,0.49769571552973507,0.50495689747764,0.5035752876226613,0.513963153380656,0.5037144347634694,0.4995206239434805,0.5048046390662483,0.5002723708126074,0.5010045965299268,0.5014519044846892,0.5001543817819277
3.0354379470583297E-5,1.0001124509021684,0.9999806779746362,0.49994950302901275,0.4975076929220683,0.4974945962405146,0.5045335735266618,0.5065818095670431,0.4990862660705925,0.503631438171727,0.5003075599590676,0.500872209468359,0.5039127242747071,0.5024289210723623
1.0001873313447491,0.0017148882235084757,0.0010915262036136101,0.4976604102092995,0.4910980834269544,0.503575277973432,0.4931451624447403,0.5037143879569512,0.4995174295329568,0.504731288944241,0.5002716538866208,0.5009959621690213,0.49739536253413713,0.4997814605613254
0.9998979783359542,0.017992217199697447,0.011454133791512524,0.4976950811800961,0.49913369954412495,0.5035764522499914,0.5012740307196158,0.5037144347634694,0.49951731122919185,0.5047313278460509,0.5002243530563871,0.5009959172770291,0.5013725670194247,0.500150977898821
0.999723049909074,0.025924109344767847,0.01650467382550995,0.4979088427861319,0.4990562569975777,0.5035763624020524,0.5012758250412637,0.5037144347634694,0.49951798330289454,0.5047369695062748,0.5002250846548686,0.5010044604630514,0.5013725670194247,0.500150858121831
0.9986572618018499,0.05294390001410973,0.03371888514612925,0.49777485968604374,0.49905319285785427,0.5035752756403571,0.5012758250412637,0.5037144347634694,0.49951798330289454,0.5047369695062748,0.5002250846548686,0.5010044604630514,0.5013715469995758,0.500150858121831
0.9980907798021221,0.06303605236752047,0.04015343006943833,0.4999961623807265,0.5050343400241872,0.5035757289287772,0.5012622619612238,0.5037144347634694,0.4995180025313341,0.5047369695062748,0.5002292379372397,0.5010044604630514,0.501452565525586,0.5000880941623108
0.9976287920699424,0.07109667127456223,0.04529255270742634,0.4999279418060542,0.49055966842757215,0.5035881062093854,0.49718533157096684,0.49597023592008155,0.4995115557204988,0.4952121339976056,0.5014806486034905,0.49730715814771653,0.4996543176511163,0.4997303437536859
0.9971367994621054,0.08435634903037625,0.05372918870766552,0.4999284725896271,0.4952292388189942,0.4967423306612524,0.4935580686963829,0.4959419223976867,0.49183329794825337,0.5126288881119851,0.509548226789348,0.5000366623847433,0.517024108710154,0.4996354173028024
0.9959556065424204,0.09219972909442664,0.05876702965955652,0.5003953282093759,0.49023450331355983,0.49782429956809054,0.502240879747153,0.5052897296293004,0.4999584193681053,0.4967042040950552,0.5008752512861625,0.5056100007121355,0.505070351507576,0.5034769083728664
0.9940636896374772,0.1099172968219048,0.0701085986502751,0.5004636562108709,0.49916717478919087,0.49782721643544003,0.5021998662187729,0.5052914517358772,0.5000193997547846,0.4967929566264756,0.5020196782121175,0.5055490171096355,0.5051506322938285,0.503471957231216
0.9912211226827636,0.13281823263872902,0.08479848406084176,0.500456217478857,0.49916879993816976,0.49770392402085684,0.5021791495475904,0.5048927179597006,0.500021298015643,0.4967904785764697,0.5045550665833108,0.5004881506089629,0.5013371235397461,0.5034728387966665
0.9890361201928017,0.14871957683149847,0.09501551483763522,0.5035387405600207,0.4992343823523928,0.4978224430054165,0.5021998662187729,0.5051180679240792,0.500018596967988,0.49679243937075096,0.5045002612854359,0.5055484319876054,0.5056296053815693,0.5036144771096565
0.9869487139693041,0.16196169486134063,0.10354856837199607,0.5035387405600207,0.49916409309968635,0.4978224430054165,0.5021796552773558,0.5048893819123225,0.500018596967988,0.49679246914779873,0.5045002612854359,0.5055484319876054,0.5053530811609143,0.5036144771096565
0.9845210270709117,0.1756310638846051,0.11238589409060917,0.500527628579074,0.49636609555869105,0.4989022383616711,0.5014019643780244,0.4995663073834521,0.4999001413914142,0.49721792920444446,0.4993353204132368,0.5010228042679534,0.49504147287362055,0.5036458869593319
0.9839530279242829,0.1797586405986016,0.11503563169827957,0.5026913711034028,0.5017608188181915,0.4989315320969056,0.5027421291321869,0.49995624647407444,0.499924953313031,0.5049661767909379,0.5003141513232221,0.501116147837664,0.5013895066358047,0.5138342362362572
0.9796772371351667,0.20220409664274172,0.1295779104660142,0.5033302759454745,0.502223259562052,0.49453873408977556,0.48911077746433973,0.4905488156097486,0.4958512859323886,0.5048941053380354,0.5003218002192137,0.5010076998760306,0.5013539100651067,0.49460888668230163
0.9768995329964834,0.21516455624447936,0.13801351820655688,0.5032617654124237,0.502218550058047,0.49157251501541943,0.5028737551411498,0.5002472893634734,0.49987923251987704,0.5048939319354897,0.5003139459037291,0.5011223116693829,0.5013899643059117,0.5138576352673625
0.9733027369556354,0.23117316701177096,0.1484553955148225,0.5033302759454745,0.502223259562052,0.49432022601093417,0.49173012275406464,0.4905488156097486,0.500260114805686,0.5048941053380354,0.5003218002192137,0.5010128079635542,0.5013539100651067,0.5121062744574908
0.9698452939148994,0.2448293902330611,0.1574204125466575,0.5017435158633056,0.4965838167134001,0.49436805601663686,0.4904396209700236,0.49655494356950935,0.498014421444237,0.5048936422106796,0.5082664799092109,0.49705473561347774,0.5007501100140702,0.49606741780655594
0.9660646236832892,0.25962413948776786,0.167138710041492,0.5017255862304993,0.4965838167134001,0.49703285667029024,0.499159847612013,0.49202674249035133,0.4980145450343564,0.5048564531721313,0.5082664799092109,0.49705473561347774,0.5007501100140702,0.5122428365964964
0.9642000446717153,0.2670100129667914,0.17198534058591133,0.5017434653840673,0.49677664789439024,0.49706508480470296,0.49918823881783314,0.4921245369192214,0.4880073854714887,0.5058851157077783,0.5082667038722656,0.4970547860617075,0.5006498890437608,0.512136715227628
0.9575424435827986,0.28954363595930255,0.1869374854936315,0.49268960579821874,0.4965838167134001,0.49703285667029024,0.4991698958254782,0.49205906236687863,0.4980183748028187,0.5048597355948742,0.5080808266507708,0.4970555263259192,0.5041368974321867,0.510255131361766
0.9557760071580311,0.29553184543459193,0.19091035395637945,0.4926210786668034,0.49131054276206715,0.497032826237153,0.4987445662706966,0.4921228578344065,0.49827808435452337,0.5058938226998235,0.5080803095920106,0.497051551072668,0.5021093179960616,0.5102378362287525
0.9477715434854475,0.31993217567680127,0.20725284314397346,0.5004163994254839,0.49131054276206715,0.497032826237153,0.49746258806826493,0.5009449453087537,0.4976581713108898,0.5058938226998235,0.5079815979106084,0.497051551072668,0.5021093179960616,0.5102378362287525
0.9437212533531198,0.33157030185938646,0.21509547037687468,0.5004166519613953,0.49660289617711006,0.49689001646260766,0.4975828011548718,0.5011845858104351,0.49760057884017395,0.5058300164556389,0.49030668604310296,0.49828054028844726,0.5020852575042138,0.5102300263395138
0.93709381309869,0.3504693508953391,0.22783996047455624,0.5003949816093752,0.49654811245219815,0.4923805646359842,0.4899192752832363,0.5074122329085659,0.4855179429239754,0.49678473404172335,0.5009166501388058,0.49836951795356593,0.49438242557422574,0.502204198916831
0.9309681737561829,0.3664043406847989,0.2387031213106827,0.500429558281705,0.49660387896701463,0.49901574142802285,0.4909145274738478,0.5010894101464846,0.4846144498436555,0.49678473414742264,0.49024802759449304,0.4989168042421646,0.49435663108853983,0.5022874657014186
0.9243821271031621,0.382794242729898,0.24994275920393538,0.500394083425181,0.4966038667746987,0.4991156850560615,0.49068639750691634,0.5074260509372085,0.48570269734053145,0.49670757128908477,0.4901945073787947,0.4983657848116947,0.49431217291830326,0.5024419378059821
0.9185283405854506,0.3961987292388394,0.2592500723841954,0.5004281100057868,0.4959560565125049,0.49911672923654055,0.4909002509847188,0.5074260661007647,0.5036477400705611,0.505625533800993,0.4902487880381729,0.4989293176076027,0.49435663108797906,0.5023485052864989
0.9105082971257674,0.4144505205150074,0.27193731063024934,0.5004229749014885,0.4989644297602167,0.5008820742140672,0.49089512131829505,0.5046566856724263,0.4996712200295414,0.5056839331947528,0.4898505720603426,0.5008809675830267,0.4948986638201801,0.5113304427705428
0.9040979787962479,0.4282004643211135,0.28159169826074854,0.5002613661891845,0.49865567652765325,0.5100538883124295,0.504878426741485,0.4972926676190801,0.5032446755237769,0.5098290164533785,0.4999458718896379,0.4989961556326094,0.49537356471856797,0.5105209072500758
0.8950552251323234,0.4474268033789653,0.29510987123103727,0.5004229749014885,0.49904530900578303,0.5009333709270972,0.4902882970941032,0.5097161055946163,0.5035337778501053,0.510432697477792,0.501512518581648,0.5009144729532427,0.5144686965839756,0.5115155116057883
0.8866354302266287,0.46369015185670964,0.3067615920965939,0.5004257558010201,0.49087146581286245,0.49036429307957674,0.4902057075128287,0.507929233914886,0.5000374623009973,0.505359579699576,0.501518310936142,0.500685696957838,0.49009521468360284,0.5100272556424756
0.8776094206143855,0.479928407784076,0.3185825625791355,0.49997497525925383,0.49865567652765325,0.49896970260996376,0.504878426741485,0.5012655160889062,0.5032446755237769,0.5098290164533785,0.4999458718896379,0.4989961556326094,0.49537356471856797,0.5103406423722746
0.8747482126089717,0.4853279334333072,0.32247106674643294,0.4907002887779567,0.5095319698991663,0.4985842841004205,0.49490511813056437,0.49855967452386957,0.5032439913595212,0.5052200138674545,0.49507903783327406,0.49940331732475596,0.49483277946379056,0.5082054419506006
0.8596317926742045,0.5122337579274802,0.34210766345172566,0.5066033336187341,0.5095319698991663,0.4989723263726515,0.5171156029413028,0.49846205415560696,0.503245249179623,0.5098290164533785,0.49492710710683335,0.5010566251170643,0.5017733071191608,0.5103406423722746
0.8495963010178437,0.5283400125397055,0.3541813010528416,0.4903110593537117,0.4949815167356416,0.4897893224160404,0.49545751286602757,0.49857927224510523,0.503862858878501,0.5036306346264237,0.4950889045139972,0.4994062311785366,0.4893961078779869,0.5082108992534013
0.8388530958514081,0.5449284696813999,0.3667578840887363,0.5066000840827002,0.4949897810813197,0.4902192901719432,0.5033000591270855,0.4985810202303985,0.5042814521887701,0.5037428281151376,0.4950836172282474,0.5007545408254732,0.49990221375793503,0.5087412572048463
0.8279849053463553,0.5613223187705025,0.37927590740635186,0.49411850160371895,0.4965298691094904,0.4897881968305857,0.5033000591270855,0.5018003386443495,0.5038777126445237,0.4968977699763998,0.5073628178488088,0.4994158571151755,0.500361311383816,0.5087426165839746
0.8177990080045276,0.5761245478297027,0.39071111219422044,0.5065376997554547,0.4950215080589153,0.4897881968305857,0.5033000591270855,0.4984670654896839,0.5038797853496864,0.4971195760018745,0.5073628178488088,0.4993606942646798,0.5075974069524597,0.49395399689679
0.8050213347713894,0.5935012852256426,0.4044384859679881,0.497798833493344,0.49639505001560524,0.49758646883709823,0.5073677879971896,0.4958829920197528,0.5010233941961189,0.49415522845581206,0.49787708524791585,0.5007222581050929,0.4964498739020166,0.5019520558388273
0.7953929736929354,0.6066132666373328,0.41479183467488406,0.497798833493344,0.496393767739108,0.4975861749618588,0.5078787100800886,0.4958933006275443,0.5010233941961189,0.49668632064190993,0.49950106633464675,0.5007222581050929,0.5041730176902247,0.5134885605940023
0.7813136090184805,0.6252065505986585,0.429630756315922,0.5042129683273037,0.4965283689934974,0.4976042609310371,0.49289363522055324,0.49588318485458055,0.5010281551652372,0.47639521637982746,0.49950106633464675,0.5009943508598188,0.5012263277566543,0.5017020511417554
0.7687590164653473,0.6398006182815379,0.4418773405787803,0.5035387405600207,0.49909956484037665,0.4978224430054165,0.4928716691474544,0.5046581445985141,0.4955251915946169,0.5043043257301718,0.5044895749857755,0.5008933109543172,0.501226591393883,0.49599779453499837
0.7531149194541226,0.6585643200428124,0.4574244536712784,0.5025190868138409,0.49516365736815876,0.4969192449471887,0.4934836440088568,0.505557177350334,0.49176541967648635,0.5126308090411211,0.509548226789348,0.5033695828576225,0.5013317127781423,0.4995417376048736
0.7423206172531089,0.6709725869863437,0.4678884476245738,0.5020804900997676,0.4949890625582141,0.5038535736671786,0.5147428738416014,0.49130270600210374,0.4999749944880975,0.5125779956099009,0.5097042600732057,0.5008467486304993,0.50130168282513,0.5054578794241228
0.7314697265135526,0.6824644879434091,0.47794436218109815,0.5034870616039637,0.49917469149554866,0.497816704255677,0.5150525103795882,0.5046581445985141,0.4955352725694734,0.5043043257301718,0.5044895749857755,0.5055484319876054,0.5056296053815693,0.49602392227997705
0.7154877471178264,0.6992604797669537,0.4926982440788205,0.502436407674051,0.4952292388189942,0.4969147713119688,0.4934836440088568,0.5055622952847618,0.49177550065134285,0.5126288881119851,0.509548226789348,0.5000366623847433,0.5037172437571864,0.4996354173028024
0.7000522931880243,0.7147131947268109,0.506596913626343,0.502436407674051,0.4952292388189942,0.4969147713433495,0.4933878597245241,0.5055622952847618,0.49177525631033014,0.5126288881119851,0.5097054879237718,0.5006639313658051,0.5030337447440892,0.49963550489307607
0.6856763921192702,0.7283471021555161,0.5192053218891611,0.5001532412196891,0.4915628060770135,0.49691474906142646,0.4934999818370247,0.5054577227989623,0.48768443885578,0.49887038172620285,0.5007963524922707,0.5006699469049746,0.503718134627461,0.4996333464036521
0.670804113502912,0.7428189115224161,0.5324035791524803,0.4997271339405229,0.4916463419641966,0.5226452430445314,0.492428280794859,0.5050600780094332,0.5008649757268956,0.5105206171708768,0.5004069462720833,0.49967480143368487,0.5014783836468936,0.49004148490560223
0.6557231690780148,0.7554650074960442,0.5449211577514941,0.49983859621551935,0.5017608188181915,0.49772239331081747,0.5027421291321869,0.49086211351062337,0.4981142621426218,0.48944477477151466,0.5003141513232221,0.5061170996158055,0.5013918234472566,0.49018639161464167
0.6413850887754838,0.76742997690805,0.5568063101391746,0.502359936960798,0.49924506796350376,0.49707330508167696,0.5056897591356422,0.5064773444141061,0.4957034627403985,0.5043587057070413,0.5008646713756323,0.5050960958970035,0.5013578319371197,0.4974051070142661
0.6249576494000277,0.7810167845485781,0.5703748999742844,0.5027211008759666,0.5017608188181915,0.49772239331081747,0.5027421291321869,0.49103241116190743,0.4957166326561314,0.48944477477151466,0.5003141513232221,0.5061170996158055,0.5013883092472374,0.4973986055724392
0.6094367269520743,0.7935881639484179,0.5830834194826079,0.5027211008759666,0.5017679922402298,0.49772239571454896,0.5139542562041625,0.49103241116190743,0.4957296219912962,0.5056183655068421,0.5003140935927366,0.5061170996158055,0.5013880561485562,0.5147433906454448
0.5917190162603583,0.8067779511420172,0.5971375814697061,0.49633766793099154,0.4888206890916561,0.4977028656809099,0.5034763229746616,0.49855487950505056,0.5042771202593751,0.5037222798282361,0.4992681478738703,0.4854443716162672,0.4999321484796627,0.4895835478655854
0.5776969000019203,0.817221925652094,0.6082598039231794,0.5029063541108002,0.502025122208442,0.49770530454116485,0.514252680685228,0.49111844614398537,0.49572956975671467,0.5054202047360323,0.5003298303123243,0.5061170996158055,0.5148716956892427,0.513646732882152
0.5608521217629935,0.8282488084570484,0.6210660404106864,0.5043540509747304,0.5057836097504402,0.49386658415473544,0.4982240069454669,0.4930790221990312,0.5012243634739639,0.49101850968413036,0.5007706828262537,0.5060716746424421,0.5036086381947723,0.5013524669497342
0.5451039990348493,0.8387591136618773,0.6331158549194781,0.49726623637682527,0.48734077123187547,0.49374415390793214,0.500961893108844,0.5040215136400016,0.4913690823900994,0.4964395042081237,0.4987802026815434,0.5009271432456884,0.49651047519264885,0.5013782238267234
0.5279901918162321,0.8499956716840446,0.6461418761683863,0.5004025805385102,0.5041131641796768,0.4929531878240036,0.5052587887898409,0.5056248833389233,0.4944686632789361,0.5042771921398574,0.49118481721373936,0.49174630233387884,0.48564612757150627,0.5103031718690237
0.5114323986397901,0.8599397289840585,0.6584306562459196,0.5004558992310193,0.4865561458470959,0.4970004247247206,0.492290160787692,0.5011068740175302,0.48496569303091563,0.4966608866596109,0.4999411440463851,0.5008938923931626,0.49368751515398973,0.4989330567784515
0.4967915428176209,0.8686887179141661,0.6692814900141267,0.5004558992310193,0.4865561458470959,0.4970004247247206,0.492290160787692,0.5011068740175302,0.48496569303091563,0.4966608866596109,0.5098188834964105,0.5008938923931626,0.49485673319666795,0.4900371593700142
0.4752000669479728,0.8802454273597532,0.6848625521447113,0.5005272290633865,0.4964105716204369,0.4975251690801946,0.4988780732698711,0.5011256737758181,0.4957230554502027,0.4964512060575466,0.48830962359861124,0.4989112562058685,0.49435371557964275,0.48994633999189996
0.46246002816497855,0.8868893399196152,0.6940070991711518,0.5011777639784338,0.49608031053472995,0.4971779809525008,0.4984964972124686,0.49973148399002176,0.4995839601853798,0.49626015814476515,0.48843916118363734,0.4989955800641047,0.49435384720892767,0.5036355379703814
0.44721340258001685,0.894773562389921,0.7049314576545433,0.501359456926028,0.4960775731879029,0.4973746883396088,0.5022631171041614,0.49969564831132335,0.49565696145832605,0.49624751996686606,0.48904213300012234,0.49952458938936384,0.49435880860394515,0.49023667101745666
0.4308402441176154,0.9029252034321523,0.7165707427092751,0.5011217903753424,0.4857736249443114,0.5023617387758346,0.5022915953864002,0.5042546127788695,0.5022981379689773,0.49624917957634745,0.488460188605861,0.49980323771062,0.5061550487201196,0.5050496631770058
0.40554804124480587,0.9145819046921445,0.734292530547016,0.5069464173368408,0.4903689567807641,0.5103262348100724,0.501555111355102,0.504299165036699,0.5022818373864406,0.49471088886239933,0.4888397095024107,0.4995367314099596,0.4979813555846372,0.4941721315485213
0.3958171695119374,0.9186804290793413,0.7410112353916443,0.5047442264083215,0.4903689567807641,0.4974514796009783,0.49256456362818213,0.5007710911575096,0.5006610754538142,0.4946563044458879,0.5026070418938269,0.5082343484260594,0.4979813555846372,0.4939072889919651
0.3804322508494092,0.925121413001381,0.7516261381809177,0.5040427405315042,0.4903689567807641,0.4974553264694028,0.49256456362818213,0.5007697802366039,0.500661070566064,0.4946563044458879,0.5026110328630033,0.5082342099461431,0.4979813555846372,0.49684084930468353
0.36683425134791064,0.9306262886518163,0.7609625993053654,0.5040443747927598,0.4903689567807641,0.4974514796009783,0.49256456362818213,0.5007710911575096,0.5006610754538142,0.4946563044458879,0.5026070418938269,0.5082343484260594,0.4979813555846372,0.4939072889919651
0.35108700025701295,0.9365872859510883,0.7716788970574843,0.4999462632152875,0.5004900959548167,0.508140755233713,0.49256456362818213,0.5032810208888827,0.49897502603646166,0.49517296558106,0.5003296108708889,0.5082341256424558,0.4980494672164915,0.4994939232041379
0.3326602507972981,0.9434060007146691,0.7841835945117624,0.5041281706211961,0.4903689567807641,0.4974514796009783,0.49256456362818213,0.5046722358633107,0.5006610754538142,0.4946563044458879,0.5025967603562002,0.5082743195320477,0.4979813555846372,0.4939072889919651
0.31970690597821855,0.9478472439470141,0.7928984013012904,0.5041519078018887,0.4903689567807641,0.4974514796009783,0.49256456362818213,0.5051327204334989,0.5006610754538142,0.4983686306630388,0.5025967603562002,0.5080152516191991,0.4979813555846372,0.4939072889919651
0.3047174394957117,0.9527231006009815,0.8029303034826625,0.5001426952889522,0.5003732449899766,0.49884336564078074,0.49227821943100747,0.5051401994373058,0.5004845044133257,0.4983772450821329,0.5020208021967426,0.5007895825751048,0.48695417812523145,0.5012895296546427
0.28962949888270556,0.9574254512011116,0.8129886551418362,0.5040943645086737,0.5003732449899766,0.5078580050896742,0.5012405089118932,0.5051401994373058,0.5004845044133257,0.4983772450821329,0.5020208021967426,0.5007947026562855,0.4874113170550707,0.5012895296546427
0.2687039939498515,0.9639342074083022,0.8269309282845676,0.5001445129880236,0.48458349910130216,0.4980232645770711,0.5014077449017661,0.5051401994373058,0.5004845044133257,0.4983772450821329,0.5020208021967426,0.5007947026562855,0.4874113170550707,0.5157861655746389
0.25717868675390737,0.9668031935761447,0.834486109183509,0.4993384475832496,0.48458349903100983,0.4977986764760272,0.4922439118561885,0.49640357762292275,0.5005072985301421,0.49823315234805965,0.5019797642841376,0.49162973264810594,0.49697260458418535,0.4953108969820941
0.24395552170264986,0.9703125253923883,0.8431914801380352,0.49782215531326723,0.48458349910130216,0.49366256210025283,0.48793690892514363,0.5044501267134416,0.5004917405198773,0.49819274682030035,0.4996218948531507,0.5069166469644254,0.4969570636986034,0.5012529035553108
0.22836023663188487,0.9740901364212184,0.8534018131269444,0.4999262092306581,0.4846414999759052,0.4977986764760272,0.4973789063383086,0.49636780201744896,0.49945239679724773,0.5105508535746176,0.5030017873578461,0.4913709257606681,0.49535911582251774,0.4952625729578406
0.21546341839027225,0.9767728421411199,0.8617833770899221,0.5000250829317672,0.497355559678526,0.49395709747701705,0.49792350548816333,0.5022405928366788,0.4908198816634231,0.4963506879493286,0.501796216550206,0.5008560611101242,0.4944500599465245,0.5083430732747937
0.1997868249601022,0.9800669248984049,0.8719790068196109,0.5000080516679881,0.49274414953128287,0.4978002401786089,0.49641500314761605,0.4966066349494603,0.4995088690980692,0.5030544882067037,0.5029966936439059,0.49115608797344623,0.49535426754405865,0.49523039765083193
0.1892177356371482,0.9821622071876949,0.8788369481897814,0.5000080516679881,0.49274414953128287,0.4978002401786089,0.49641500314761605,0.4966066349494603,0.4995088690980692,0.5030544882067037,0.5029966936439059,0.49115608797344623,0.49535426754405865,0.49523039765083193
0.1625781558755737,0.9870903535577713,0.8960789073572846,0.5004470359102455,0.4991018600698953,0.5001142154326185,0.5021896207270704,0.5052914517358772,0.5001795558838124,0.49699416934504226,0.4834575219132884,0.5057994828460558,0.5051515915013997,0.5035676910651313
0.149244377262269,0.9890004862056566,0.90465079384218,0.5001040176985111,0.49577104156545215,0.4978356491639865,0.5011993710448052,0.5060179576646279,0.500156684175744,0.5105508438531369,0.5021366209575899,0.500903032929717,0.5039669493530933,0.5022820072575058
0.1297212339900306,0.9916625416483494,0.9171927647692595,0.5004424576301694,0.4958181209731028,0.50000320761734,0.5012386699206146,0.5053956051757297,0.5033056288619981,0.49698843158252975,0.5059701751491371,0.5008558150726806,0.5000552460866131,0.5025269385678193
0.12300663594682582,0.9924716630891925,0.9214978640633785,0.4999663234011353,0.4960276552441413,0.4999775583797654,0.5010146757486161,0.5054363232872083,0.500293604167183,0.4969890043523763,0.5016094325423469,0.5008565474328383,0.49970778038800095,0.5025276772914787
0.11020629931468415,0.9939724311887542,0.9297021580876114,0.5000055932580458,0.4962938987823115,0.4999775583797654,0.5010155098191879,0.5054363232872083,0.500349153651181,0.4969890043523763,0.5016094325423469,0.5008565474328383,0.4997059902587218,0.5025278841564252
0.09202378666471465,0.9959535401630824,0.9413443587959254,0.5023953581612756,0.49537750620660354,0.4986440405520302,0.49098875098861855,0.5058017317274165,0.5003485928951079,0.49684748733584344,0.49543098740690295,0.5008565364962015,0.5037199851888481,0.5025656112065967
0.08258500828151444,0.9967065275309239,0.9473712435204312,0.4999928043813693,0.4953825898267255,0.4962581316672933,0.49388104249246184,0.5054593197036277,0.5005905859233368,0.4968479956685827,0.5015740431934071,0.5006706386933737,0.49953589327589243,0.5024679443585408
0.07195271350334465,0.9975367933476864,0.9541597594596017,0.5023957601818138,0.49753589214102545,0.4963128536385611,0.49388104249246184,0.5054609496403114,0.5005905859233368,0.4968395518019634,0.5021783729939975,0.5008610677847614,0.5037199524352634,0.502466397021312
0.056535713642995186,0.998468104548494,0.9639914761457997,0.4999468480095961,0.49747053696351345,0.4974803107054221,0.5045335735266618,0.503313308902528,0.49896832916560563,0.49934823221781677,0.5002808576260879,0.5006598633313799,0.5039127242747071,0.5024135204718341
0.05309325166891547,0.9989370231091452,0.9661956264640478,0.5000028983260809,0.4988816701206147,0.49860140928279323,0.49022589408907596,0.48615567185245706,0.5003027794476577,0.4941777483070987,0.5017925197601176,0.5008739867182449,0.5036063778386308,0.5023655938599803
0.04096571831659204,0.9992280283501814,0.9739148734194724,0.4999468480095961,0.49747053696351345,0.4974803107054221,0.5045335735266618,0.503313308902528,0.49896832916560563,0.49934823221781677,0.5002808576260879,0.5006598633313799,0.5039127242747071,0.5024135204718341
0.03114670133499676,0.999582346809165,0.9801695254712011,0.49994950302901275,0.49747053696351345,0.4974803107054221,0.5045335735266618,0.503313308902528,0.4989702353941164,0.49934823221781677,0.5002822655614526,0.5006598633313799,0.5039127242747071,0.5024289210723623
4.965243283440466E-4,1.0000673026534892,0.9996839240938349,0.49994950302901275,0.49747053696351345,0.4974803107054221,0.5045335735266618,0.503313308902528,0.49896832522539086,0.49934823221781677,0.500280813110778,0.5006598633313799,0.5039127242747071,0.5024149948851082
