0.9961791884969917,0.09047273033017454,0.05765945710141171,0.5029271320289237,0.49290008364367593,0.5012128356071343,0.5000914351014282,0.49615008578560693,0.503425047794946,0.5007873201089221,0.5075268505776225,0.5017671434102202,0.5031726681472861,0.48897116027899884
0.9489137405105563,0.31609429590304733,0.2047057858033628,0.5029370131482312,0.49134847489495354,0.5011389212404636,0.499805722660181,0.5035727334454523,0.4938358992432133,0.5015441248436796,0.5060139628941925,0.4996938469941183,0.49974038328078496,0.4985349846251487
0.31609264778453866,0.9489615434643133,0.7953048250784123,0.5031199818729688,0.5034198103015628,0.5016986556858406,0.49898735175049874,0.49850627472324444,0.5041059876969832,0.4943152941246293,0.507628462652407,0.4956843926176163,0.508120029026983,0.49867232858348365
0.9808481605442375,0.1963992408631802,0.1258092057193394,0.503067714677905,0.49265557215072514,0.4946497517913491,0.5011913232440284,0.49751028495254945,0.49383805552871113,0.5016146954769699,0.48790479938484627,0.4970889545720775,0.5047294851876389,0.4992720298388535
0.8950453149958344,0.4470381079115757,0.29489145874600337,0.5028714226002454,0.49260709647685297,0.49504060275712714,0.5001461608096073,0.4960985529589343,0.48842333462366166,0.4990873769604202,0.5074724138634441,0.506545454607835,0.5040968597077432,0.5110193336928571
0.09000303644602867,0.9961452919043027,0.942636321898644,0.5052129886549993,0.5040045508660085,0.5023859977056464,0.4996457433060365,0.49872622415618023,0.5028631701483577,0.4995541652225248,0.5073472054328156,0.49177768439811503,0.5032326730686412,0.5034477126231075
0.7072720985548613,0.7071628259781825,0.4999508177565851,0.5028029888082304,0.5043665841906799,0.5012102485688796,0.499865037000604,0.49853726271911347,0.493269381466694,0.5006313296726466,0.5061433289528696,0.4965878881920585,0.5031528676989453,0.495421793691605
0.446409882634047,0.8951305168822025,0.7054904696982953,0.4992713163467054,0.4929033031683653,0.5030755382380159,0.4999905798390342,0.49860510864870794,0.4936394257896366,0.5007725042779889,0.48860535712070413,0.49708706810304043,0.5030942336019125,0.49564954637013825
0.5813300517436379,0.8138806599009166,0.6051437901072153,0.5052621865331977,0.5036092919329236,0.5021075615918252,0.5018051574177022,0.49611784700393075,0.49348862798297805,0.49633002282114375,0.4979796350523921,0.4971332464297856,0.49826685286777406,0.5062051634677153
0.8144495690501876,0.5817215547858816,0.39484852289387906,0.503172820866231,0.47537595147787043,0.5007477050408901,0.5001573711971549,0.4966826382575332,0.5028089775635148,0.49564952278101315,0.4869667622253289,0.4958052279562878,0.5044890216998852,0.5011099376671141
0.1943075100022644,0.9810599302249933,0.8755228278304897,0.5031977455362715,0.5039779871670348,0.500697149845901,0.499052603726799,0.4987258893102855,0.5024405202373414,0.5007131890211336,0.5070719183801883,0.4958052279562878,0.5032956816476442,0.49826812428799766
1.5496175086393028E-7,1.0007787235939243,0.9999999014250481,0.503133830496147,0.5035445087599232,0.500747752460934,0.4994728540984178,0.49753089938013406,0.4932073838612979,0.5245186015126393,0.5073355606229013,0.4948188270155926,0.5005373958184937,0.49539995303966317
1.0002313367475901,2.278589277626877E-5,1.4502594886778297E-5,0.5031173301616325,0.503740055728563,0.5017282514027808,0.49903849361045627,0.4984528830816465,0.504162497662918,0.4997314388922116,0.5064997300868384,0.5049341553768093,0.5095288717038033,0.5051513140495912
0.5567671584176049,0.8309759225003154,0.624192025875627,0.5048032042201537,0.5066530216730143,0.49498832906747636,0.499819585631298,0.4991193021048435,0.5031605470798907,0.5009392427303544,0.5077068493692463,0.4919421482702423,0.502229789581213,0.4953237347639281
0.41778587307679976,0.9088138523784737,0.7256838050694377,0.5059363755403974,0.5039185861063411,0.5016025022602235,0.5034194744218616,0.5027521291808048,0.5061511881602474,0.5015062664824722,0.5069828042336961,0.502280100233041,0.5082720867744773,0.4970209735485823
0.07180561577513879,0.9976701966622064,0.9542592471154457,0.502765754041418,0.5120291384060821,0.5014587552767658,0.5000870289004679,0.4977148367808809,0.5058238950160547,0.5018479762205784,0.5046883734098345,0.49466946216615815,0.4981715875220022,0.49964788070971916
0.9181567238418564,0.39951154766511915,0.26127765607511005,0.49282652625735035,0.5038441542196748,0.49476379561924366,0.5002521872138889,0.48508739062867456,0.492609706996349,0.4903625173992796,0.4753989467695742,0.48527356808525224,0.4990586131364771,0.4951835224207466
0.7602042562815776,0.650025412740501,0.4503628126129989,0.5058467402638755,0.5039196523144828,0.5016025022602235,0.5034157738316573,0.49857584246157877,0.5029394765696467,0.5007296104329841,0.5078333039112448,0.5023300988431246,0.5084231618751536,0.49699578023369095
0.04029974311242204,0.9994793708879014,0.9743449196896905,0.5029370131482312,0.49302584411656153,0.5066834597434726,0.4998202614309833,0.4961599095793129,0.4938361376686918,0.4942727671680577,0.5073240913966403,0.493059693086864,0.49981130367595605,0.4985349846251487
0.8174829296471137,0.5769779299902982,0.3912708041193378,0.5057616367955247,0.5043413449974036,0.5016025022602235,0.5035415601748024,0.5192710325682256,0.5030361988540449,0.5007248112046124,0.5077440632934968,0.5022027707714342,0.5082998877892578,0.49703694752143707
0.23695620193262884,0.9717606821505144,0.8477366674149964,0.5031287115629832,0.4933156962756929,0.5007523383046579,0.49911170045968933,0.5016594477167915,0.5014455511563088,0.49567525162940007,0.49775800588876407,0.4945077295712765,0.5000021717594182,0.48909390123820556
0.9458826102554785,0.32547604141174613,0.21098025512775975,0.5029631842378011,0.49140698387386983,0.49319080297299167,0.4983109691904116,0.4985962829640631,0.4940522158303588,0.49612824570704134,0.5059687798952873,0.49214980287348675,0.5033812309063339,0.49537684948764127
0.2904027622604185,0.9573192836265981,0.8124980924651419,0.5028783184527887,0.48741523269951215,0.5057410458675885,0.49985149143127805,0.49658766817217304,0.5055585486688111,0.4991125333282023,0.5086736114176039,0.5022635895252954,0.5085760825589726,0.4998199541108359
0.9965104696502523,0.08676022862519858,0.05528727614377987,0.5029370131482312,0.4874416150970279,0.501462126231993,0.49982868592644836,0.49642586965660346,0.49405093021496876,0.5015441248436796,0.5016840855575138,0.4930642335971672,0.5002897625987817,0.5031790065146647
0.9807953008868122,0.20003309546604026,0.12808193419208103,0.5028902667268126,0.5035438871362135,0.49257545076697834,0.49971286847042945,0.49863828720564113,0.493568029603307,0.47372870281901613,0.48725595132857286,0.4970889545720775,0.5022147686118996,0.4992720298388535
0.9992114778109779,0.04250599734610709,0.027065194760754276,0.5017563745429169,0.503449342153311,0.5006627066998811,0.4994723432160598,0.49859840868455063,0.5028965635247313,0.4985240464218384,0.4954353575139213,0.5049675420177447,0.5031856800362194,0.5055917425303569
0.09320723497137934,0.9959344606029588,0.9405932452598068,0.49604756307623166,0.5027172485267425,0.4948206862689483,0.4998441990475395,0.5033883589722977,0.49375993285358777,0.5016644723016611,0.5045955197220026,0.4946058439224867,0.49947990567128464,0.5115302790534533
0.6846617578085415,0.7343153702343962,0.522267856316629,0.439785455093993,0.5035150808492168,0.5007477050408901,0.49907898222677743,0.49858519901345444,0.5009572996443308,0.499555705494689,0.48656701429887816,0.4917077747084245,0.5035533877797428,0.5088295004961666
0.7744517836619269,0.633334090295666,0.4363971387661054,0.5052621865331977,0.5033660938063061,0.5021156269545505,0.5018051574177022,0.49611784700393075,0.49348862798297805,0.49633427046745304,0.48687432187690444,0.4970956024657708,0.494098674480796,0.48948752071710694
0.45308138287467076,0.8917022422010719,0.7007166077129785,0.5057423378538088,0.5039185861063411,0.5016025022602235,0.5034221462390206,0.49857584246157877,0.5029405948425221,0.5007296104329841,0.5071557996521044,0.5023384904761203,0.5082720867744773,0.4970209735485823
0.9610759809543227,0.2805412774884328,0.18080778376568407,0.4944570231974652,0.5040045508660085,0.5030380037900131,0.4997026571738003,0.49596287457761284,0.49922777105477245,0.4995541652225248,0.4680085177629717,0.49177768439811503,0.4998186383950268,0.4954992739798671
0.17006807819902942,0.9861600168320576,0.8912812053649607,0.49736231159576516,0.49330293510546214,0.4947274197602795,0.5109056223630937,0.5014846273340791,0.5052693868904341,0.5020672740991292,0.5083520533198918,0.48475400168676414,0.5083743258414114,0.4894171678025721
0.359974088556194,0.9332330831628262,0.7656330971396857,0.5034959177327683,0.5036552072488805,0.49969244630547677,0.49827071161895725,0.501488424898921,0.4938470572820804,0.4962603849090438,0.5069374386255908,0.5023393386231592,0.5097081574615299,0.49530326332816366
0.9103241688646511,0.4152208029783179,0.2724319166727,0.5057555496496149,0.5043413449974036,0.5015898588780316,0.49897492411593125,0.5193054068566445,0.5030361988540449,0.4959689140092387,0.5077806349089007,0.5023396500552658,0.4954676474862202,0.49703694752143707
0.9912341179605805,0.1349754919061526,0.08615805598988047,0.5029425869979862,0.4930958376478671,0.5037316130914691,0.49899968319880866,0.49609994947333663,0.5050183690852779,0.5040167125509354,0.5052540298244627,0.5048764374506467,0.5099510646681449,0.4898280398464634
0.568731618605526,0.8227207882511894,0.6149401551582865,0.5029271320289237,0.5051870613217931,0.5012128356071343,0.5000914351014282,0.5045860111482039,0.5034305843453238,0.5007873201089221,0.5075268505776225,0.5016829808633932,0.5031726681472861,0.49524222185804045
1.000101342210148,0.014452049804971574,0.009198888090052149,0.495814531623769,0.5027343460438047,0.4948140096561418,0.49366178852525855,0.49865284058192016,0.5029127796612702,0.5007734708352481,0.494101109711276,0.4937130300776444,0.5001507038939282,0.505334027054436
0.9858182956507516,0.16916748067617088,0.10819088791322412,0.5032065060275689,0.5034599797746462,0.5036573915511218,0.5002539828833177,0.49768635387388743,0.49216418533541617,0.5016303933941586,0.5074519493823659,0.4941591332471459,0.4998011191867302,0.49426796320101485
0.7905311166125173,0.6128332930572588,0.4198161910108475,0.5028777707723665,0.5039857766348944,0.501123580637874,0.49982738598864895,0.4988506916757261,0.49340539002430883,0.4990749255115695,0.5075970252484056,0.5064737921102354,0.5088947816909608,0.4985349846251487
0.6932003181337815,0.7213550926661874,0.5126693657284029,0.5033562506017968,0.5035081972449487,0.5019303825455295,0.49964352647669896,0.49872622415618023,0.502867528587925,0.5157787908984941,0.5074269475867251,0.4916756526609422,0.5041529325297631,0.5034477126231075
0.09247908817556572,0.9960003137226497,0.9410585552186348,0.49609877672872066,0.5028694664181068,0.49476978530878657,0.4998452506692249,0.4977544361835042,0.4937231237914762,0.5015599948513761,0.5046892428974925,0.49436454609367425,0.4997541970991857,0.5115302790534533
0.28523315380704123,0.9601778163255064,0.816169685161877,0.4944570231974652,0.50394402719756,0.5030380037900131,0.4997026571738003,0.49589664549173906,0.49922777105477245,0.501034130743759,0.4680085177629717,0.49177768439811503,0.4998046167932013,0.5219803617181253
0.9046546685921792,0.42788839676643875,0.2812606986965925,0.5030905675926792,0.5036141173612743,0.5007291965807632,0.49903859158724695,0.4782987101393893,0.4942125468669091,0.4963135826154129,0.48691912870085896,0.4969442033096996,0.4956823780547015,0.4983239096916212
0.23237967004779073,0.9728408125002154,0.8507295255565915,0.5048681217443876,0.4926367324765726,0.4950332017409432,0.5023665893993344,0.49914274569819367,0.5051571545582265,0.5010642866869781,0.5065971559775474,0.5048376618183357,0.4978048896057997,0.49883259739218017
0.9707504262727015,0.2417318023537555,0.15536817784532853,0.5010931972598417,0.5036552072488805,0.5007725556105432,0.49827071161895725,0.4959860786541796,0.5129252739246348,0.5022956871007079,0.5062800796414051,0.5023393386231592,0.5034636429112502,0.5114783709499563
0.5956841544521589,0.8058431462965834,0.5947551418240142,0.5031162702563572,0.5058532186096452,0.4997644666153743,0.49827071161895725,0.4988010266800351,0.493446681923869,0.5422723768042559,0.48664595201909544,0.5023393386231592,0.5034636429112502,0.4940826232610104
0.4549344014217759,0.8907495341586411,0.6993904351458009,0.5051987871835563,0.5035081972449487,0.5019303825455295,0.4996399112520533,0.49872622415618023,0.5028631701483577,0.4995541652225248,0.5074269475867251,0.4916756526609422,0.5032326730686412,0.5034477126231075
1.0001377663855098,6.511151715764865E-4,4.144556356976692E-4,0.4963582572745248,0.5027315997157688,0.5014204144771676,0.4997930590490972,0.5033191509912439,0.5030203552722193,0.5021249134506816,0.5057674327068635,0.495814954717829,0.5034076380703385,0.5053056154341795
0.9280338040636965,0.3773879320555969,0.24588083870971672,0.5028761345003485,0.49112141766024836,0.5378222157744174,0.4983109691904116,0.4985678675649221,0.4940522158303588,0.49612824570704134,0.4870649022013824,0.4922809834889706,0.5033692722156939,0.49537684948764127
0.015397547252907222,1.0000755220340585,0.9901991315914467,0.5034967369545765,0.5036186868570498,0.5015704639206278,0.4998300574366798,0.4919657826181604,0.5033803462180123,0.5006273111792987,0.5076310793150755,0.49708706810304043,0.4979511851414891,0.4956473119800331
0.9991701972205782,0.048689318907508446,0.030997805366088982,0.502812793477512,0.5034621757482505,0.5011903506039844,0.4994872568991047,0.49859562480051517,0.5132215756181646,0.49855071426366765,0.49699772883334126,0.5049367482615827,0.5041934373520157,0.5102162613347195
0.5422778562431311,0.8405629333734862,0.6352495536773679,0.49932620547445694,0.4924834184510115,0.4926948383743465,0.49828536053925515,0.49859618514008835,0.4929686018915765,0.4962211581287563,0.505988749358446,0.49199491552945873,0.49780454777251487,0.49532061042437264
0.9999043218032343,0.02631152112670498,0.016748172470494038,0.49616830222989106,0.502737842840241,0.494418682867384,0.4998300574366798,0.4919657826181604,0.5033803462180123,0.5006273111792987,0.5076310793150755,0.49375153473706584,0.497880111457829,0.4956473119800331
0.29519752915365743,0.9557954396319982,0.8092965635206636,0.5024865635468365,0.4926458863573316,0.5016991117765504,0.4990591101551571,0.49848222136330395,0.5028132451330682,0.4970674560511344,0.507628462652407,0.49714452755269506,0.508382487991421,0.5111231112763782
0.042278490071929166,0.9993280754185625,0.973082631966206,0.49568397824591004,0.4931383723021365,0.49397174375695235,0.4925570453162097,0.49575953841155507,0.502718310151123,0.496631228480658,0.4984214461004697,0.4969511551783191,0.5002991345424176,0.49600396000012037
0.04752307580299311,0.9990651543937477,0.9697403696724965,0.5055616872619084,0.49125291032579216,0.501179267167272,0.49964370862475943,0.5036258877623441,0.503340833108848,0.5021247843942781,0.5050282751799338,0.49457763480052935,0.49966518016583245,0.4985128677560468
0.8771152356775211,0.4809551682359469,0.31930677989932765,0.502869414602282,0.5036515307431929,0.49556693173687705,0.5001495262960409,0.4957816978761272,0.5031605470798907,0.49874660460622083,0.5021876440523745,0.48518955005039066,0.5032826381703884,0.4956473119800331
0.4452984553644698,0.8966474693058063,0.7065534415556276,0.48021749193950236,0.49403406880967715,0.5135282060373176,0.49828536053925515,0.498717060267791,0.5031116718904176,0.5011757444665088,0.5059887528264161,0.502258355540795,0.5210853559660639,0.49532061042437264
0.1587461644561089,0.9883614160384939,0.8986149001616138,0.4734947081251569,0.4929031944695938,0.5128545835148153,0.4990872316588659,0.4987792467307014,0.5031605470798907,0.500784438648035,0.5077147580147243,0.49708706810304043,0.5032826381703884,0.4956473119800331
0.967984038179041,0.2526179794132236,0.1625159798681391,0.5050725236077225,0.5042176100676612,0.49476341654031347,0.4996449398006612,0.4962283707782284,0.5049543917253425,0.49970838005919643,0.5051244068393465,0.5049151957817495,0.5094616686971352,0.5124307835726928
0.9938295201108206,0.11430954304404206,0.07290317682139935,0.49929845420639385,0.4924887597330287,0.494645257072179,0.511735867087984,0.49607501079610605,0.493465593443296,0.49523558627294145,0.5038128922361675,0.4929567692279376,0.5036411668016109,0.4994534573532795
0.7895455005702454,0.6150329448039578,0.42130613342298406,0.5028589900105828,0.5039716970207524,0.5007477050408901,0.49907898222677743,0.4988060041951166,0.474054940927051,0.49971551273661813,0.5070467861839535,0.49711701084269544,0.5041814677439039,0.49307110408892063
0.6917989394093704,0.7227928496049941,0.5139461997051946,0.5033554651861673,0.5035068313916657,0.5019303825455295,0.49964352647669896,0.49212123490249376,0.502867528587925,0.5157787908984941,0.5074304939469177,0.4918122902972546,0.5041529325297631,0.4953812147600477
0.9510618109122353,0.3103003625374874,0.20077567636226437,0.5027894185202004,0.4930739899642978,0.5011903506039844,0.4989437567386117,0.49855169445640896,0.512942348664531,0.49548698202344266,0.5054435357834074,0.49983227674124037,0.5041851919113451,0.5103408040182724
0.2901888054605733,0.957397889932149,0.8126429036429649,0.5028368099460463,0.4930739899642978,0.5017037457468397,0.4989437567386117,0.49855169445640896,0.512942348664531,0.4970770768433248,0.5049285715644979,0.4975857175406207,0.5041851919113451,0.5111458866712006
0.9982860531865213,0.06315172604098777,0.04021906960924149,0.5024865635468365,0.4926496885145535,0.5016991117765504,0.4989443015967239,0.4984826869153556,0.502813247662272,0.497065866836107,0.5074807234658831,0.49714452755269506,0.5032675314051224,0.5111231112763782
0.771202964862431,0.6372421728047949,0.4396310808185644,0.4968893542350554,0.5033510807829636,0.4981771808110764,0.4987698239336455,0.49595825169826663,0.49261751489434574,0.5016311730600175,0.48679139141692057,0.5052924371747529,0.5031507516580431,0.4897985478331039
0.960400271844699,0.28543019734531166,0.18391008197909772,0.5028589900105828,0.5039716970207524,0.5007477050408901,0.49907898222677743,0.4988060041951166,0.474054940927051,0.49955281646864047,0.4669970902800819,0.4919864053704769,0.5041814677439039,0.4931677660419379
0.9720566528604705,0.2365722402577518,0.1519813374406978,0.5028115438982721,0.49288311613123564,0.5011298481474824,0.5001275532543347,0.502089184846199,0.5139441618892264,0.5023301116855827,0.5059600120512494,0.5029257941981485,0.49828753621261584,0.5109129340983064
0.12907811201648356,0.9927313954889423,0.9176864527547699,0.5022558170487658,0.5039571590634504,0.4734353952042596,0.4916685091362843,0.5064428903615756,0.5009259915621341,0.4996581796358372,0.4969875259050106,0.5050797366164511,0.5092009087410035,0.5113990908191296
0.999451602852478,0.03980689672482545,0.02534236778397586,0.49600856931035747,0.5027343460438047,0.4948140096561418,0.49365911670809964,0.5028291273011462,0.5061233729789956,0.5015501268847363,0.49392811429286776,0.49365463983456515,0.5001507038939282,0.505334027054436
0.9083270475074482,0.4197327361825447,0.27557098616509274,0.5057616367955247,0.5043413449974036,0.5016025022602235,0.49897312856941184,0.5192710325682256,0.5030361988540449,0.49071531377418176,0.5077440632934968,0.5022027707714342,0.4954676474862202,0.49703694752143707
0.6956982905572558,0.718959688620109,0.5104670752481584,0.5032574633479568,0.5035068313916657,0.5018543264621818,0.49964687480391495,0.4962052112916202,0.502867528587925,0.5154902665447619,0.5074033362193364,0.4918122902972546,0.5041529325297631,0.4953812147600477
0.5414549880007322,0.8411232507175627,0.6358829184627708,0.4994623152045226,0.4924876005566181,0.4928037729355697,0.505260921328797,0.4959851818032875,0.4933420226041356,0.4960009638723317,0.5057850383642509,0.49208464130081353,0.4982086752337421,0.49565231460867165
0.18667312041255238,0.9830369683295775,0.8805319776150244,0.5031977455362715,0.4776815798211764,0.5008433202710538,0.49936702712418035,0.4987797209949066,0.5024405202373414,0.5007131890211336,0.5070736512789398,0.5047733031335765,0.5032956816476442,0.49826812428799766
0.9990220497428819,0.053825912694956325,0.03426705180413547,0.49438579466724863,0.4923754410409395,0.49239608385728073,0.4994857760421007,0.4961517318032214,0.49216621043776154,0.4990143025864014,0.5047403781128866,0.49376648598951944,0.486795916930291,0.5032356690391679
0.3764184040841866,0.9269540672033615,0.7544318340135175,0.5034992760636885,0.514399749538088,0.5015699676183643,0.4998235355539141,0.49877045898921285,0.49400684847209475,0.5007152045599047,0.5077856703867748,0.49366374814640024,0.5089105030485018,0.5051983694374953
0.07090623247626797,0.9976734199684194,0.9548303739524913,0.5033100478200965,0.5035150808492168,0.5011782826747839,0.49907898222677743,0.4987294751589374,0.5009572996443308,0.499555705494689,0.4966011326005806,0.49171470691064595,0.5032428232728833,0.5084240218974238
0.24781179470075007,0.9699288506777528,0.8407536813184885,0.49609046432970905,0.5027172485267425,0.5016145825825212,0.49987232081877864,0.4783609938058145,0.49395623521086107,0.5010367496038742,0.5046767732599696,0.4946058439224867,0.4979535420526561,0.5223482511802828
0.038819226431923974,0.9997352678551094,0.9752927811119034,0.5028786699078347,0.5036654723290932,0.5184748355696898,0.5001495262960409,0.503470822751876,0.5031605470798907,0.5023457239207557,0.5077083828434754,0.49701562720620424,0.5032826381703884,0.4956473119800331
0.9544876650852546,0.29988439280524753,0.1937984967775943,0.5028777707723665,0.49129222260516786,0.5011171010586627,0.4998484055159831,0.49660970338783406,0.5136153095029935,0.5022835489048435,0.5076004753299851,0.5022877665255121,0.5034364852000232,0.5112375638731458
0.9792710030857381,0.20765707211655957,0.13302640693357048,0.5028902667268126,0.49495832164876563,0.49257545076697834,0.4914376478788622,0.49880461032830065,0.493568029603307,0.47425336562482645,0.48725595132857286,0.4970889545720775,0.5022147686118996,0.49846933329904014
0.9998665744139712,0.02674150125873283,0.01702238228447006,0.5029695445394483,0.4926244123110062,0.5007579678238598,0.499648882057987,0.4986182178843834,0.493272728922453,0.4995088415653446,0.49535197272353243,0.49660970260820586,0.503446356334159,0.4917650453104795
0.7308484010746166,0.6839234360647025,0.47889241759786805,0.5033121285193727,0.4932930057748239,0.5007471805615539,0.49911170045968933,0.4987506017579322,0.4734657032080533,0.49563215751064377,0.4976721300909541,0.4945077295712765,0.49993809271331857,0.4887180515830481
0.7864499616953476,0.6190835848045744,0.4245486585166405,0.5028589900105828,0.5039716970207524,0.5007477050408901,0.49907898222677743,0.4988060041951166,0.474054940927051,0.499555705494689,0.5070467861839535,0.49711701084269544,0.5088045525407218,0.49307110408892063
0.9175763809642541,0.4021100743276264,0.2629389431397756,0.5028777707723665,0.49129222260516786,0.5014622364731645,0.49983591778147585,0.4966034348276999,0.4936705501631722,0.4990749255115695,0.5076004753299851,0.4597616808576888,0.4998676299556755,0.4985242855464819
0.7189406848508485,0.6958420506774591,0.48960706793887976,0.5205162926170482,0.5036524739964274,0.4956449855619122,0.5001495262960409,0.5033826959396887,0.5031605470798907,0.49874660460622083,0.5021876440523745,0.4959437985647211,0.5043995340177027,0.4956473119800331
0.998445730893634,0.058792059687863295,0.037443216306849735,0.5057697700037673,0.4930833023076457,0.5016196594976778,0.4989437567386117,0.49875172811892965,0.502814063694433,0.5007049785848718,0.5074831714935031,0.5020585092256715,0.5033478707273675,0.49701856044389825
0.9416944459618768,0.3427551120387918,0.2222260211980448,0.5034959177327683,0.4757023235081971,0.49969244630547677,0.49841554358999257,0.5055456324797055,0.49428898390982784,0.4962603849090438,0.4624525825353509,0.4957734827937533,0.499569829584078,0.49530326332816366
0.9996058058196878,0.036521868679174105,0.023249371060147017,0.49600856931035747,0.5027343460438047,0.4948140096561418,0.49365911670809964,0.5028291273011462,0.5061233729789956,0.5007820559459951,0.49091750264210715,0.4938623045291663,0.5001507038939282,0.49600459646518835
0.030450583412576664,0.9997448684679328,0.9806156023123701,0.5029387950334011,0.4929033031683653,0.5064827781446315,0.499819585631298,0.49863852554092064,0.5031605470798907,0.500784438648035,0.5077135609432291,0.5023687463768366,0.5033054228094865,0.4956473119800331
0.6100305093676722,0.7929326155336982,0.5825296673612638,0.5031595634213809,0.5035982792565038,0.5007476838866698,0.4990785692904578,0.4975285235197952,0.4936881891796046,0.4995809309284845,0.5179116088470629,0.4970065533463637,0.4956269215195074,0.49550451429707876
0.7868922110704172,0.6174937773771022,0.42357948804796597,0.5024968085211616,0.4926458863573316,0.5007686617343989,0.4990584123093747,0.49849152200664576,0.5028132451330682,0.4970674560511344,0.5070465799778006,0.49714452755269506,0.508382487991421,0.4936541954676615
0.17004847459441563,0.9864171196654777,0.891321281347845,0.5052779321209112,0.48306212142305854,0.5038954015035239,0.5109056223630937,0.5015766061829368,0.5052693868904341,0.5020921116313596,0.5083808747012497,0.4848859053906333,0.5083743258414114,0.5107169400058389
0.970394229339649,0.24216617931842785,0.15569126024395175,0.5010931972598417,0.5036552072488805,0.5007790351897546,0.49825822388444996,0.4959860786541796,0.4929805145848135,0.4990870637074339,0.5062800796414051,0.4945839353524241,0.49989478766690254,0.4987757917019592
0.8598565573660434,0.5151045830762492,0.3436009483519389,0.48983578557813856,0.4915803025777981,0.5198760157409766,0.5002904832725816,0.4960612715801627,0.4796384079767432,0.49534652125338485,0.4686795934434069,0.4837062023501438,0.5027735877489612,0.49193634000587944
0.8465420949025477,0.5348868874251392,0.358741212869541,0.5055680835292408,0.47491761057569726,0.49605795139963105,0.4999848515399372,0.5030078302462835,0.4920414016180374,0.5037959649118607,0.5163785842716972,0.49229106228158304,0.509138019298375,0.48606585772397204
0.7281993581256432,0.6869975474646883,0.4814707903651723,0.5034583420045788,0.5040145746812597,0.49466830008409646,0.4984283849440446,0.4964201009447625,0.5063443576914185,0.49191473232598965,0.4801437206988152,0.4952185175725172,0.5087196052723464,0.521184033512476
0.6874435074332993,0.7270823993963546,0.5178351629544693,0.505723273828873,0.49199882321803706,0.5015655017185301,0.5000590303722385,0.4961286952547074,0.49334803236587926,0.511033251180493,0.48573189841098413,0.4940425800435336,0.5096559374635151,0.49899823472289
0.8792518001070925,0.4769356813427824,0.3164098865140815,0.5029902010508556,0.5078531567741396,0.49258781255016076,0.5001942222603483,0.4961050126487357,0.4999508661754723,0.49535106355555814,0.5054879777137918,0.49149414454581936,0.5031509401152976,0.4990647971273115
0.795702294982102,0.6068999977841112,0.41481754339011445,0.5052976386064318,0.49246795635231944,0.49445855624125046,0.5001191759203308,0.4991544426965049,0.5050874544893773,0.5023866581015888,0.5074562407919173,0.5014056005710419,0.5085514872201998,0.5213563579312093
0.6764125122902989,0.7376203488362424,0.527539536529698,0.5052976386064318,0.4924596630421697,0.49445855624125046,0.5001191759203308,0.4991544426965049,0.5047597085720986,0.5023676903301215,0.5074562407919173,0.4916991349255946,0.5086688195936223,0.521546195250396
0.4383365907744727,0.899514789588562,0.7113318860034249,0.5028509302820938,0.4923286864754659,0.5206129645965129,0.5002843432463244,0.4960925409667878,0.5028659507559871,0.4956531506965635,0.5063336565997704,0.49576692340934914,0.5027735877489612,0.5057145106478569
0.9089874389331658,0.4175230508346679,0.2741180713408708,0.4943104700115378,0.5050424484824108,0.49298327161629296,0.49902765239218433,0.49856943678601795,0.498652671459575,0.5026037820225558,0.5073507878175124,0.4952530058655593,0.5076649747131918,0.5061522479162124
0.41564831157963034,0.9098500662699976,0.7271953206651215,0.5060042366718531,0.48929667525870824,0.5009602831679923,0.5018240735121193,0.500294415545788,0.5030924738862769,0.49907355638392153,0.507628462652407,0.4946383932374389,0.5032576461347891,0.5056890333609834
0.6654729447224077,0.7474918224477939,0.5369126767042512,0.5028297320357923,0.48816237625532544,0.5017883864396607,0.49454473767388896,0.5032896916565371,0.4936144007696955,0.501960496980793,0.5161042707870672,0.49441219287424193,0.5120326660500097,0.5112659102009951
0.7697373839457954,0.6398028040189426,0.4414803440009412,0.5035142375113754,0.4924917331623951,0.5011009370192058,0.5001191427893142,0.49916355042545146,0.5051262835399619,0.5019231483200194,0.47689918912710055,0.4911133282944332,0.5084200631602601,0.5117074693648928
0.3947777865452217,0.9197012735738544,0.7418753434514085,0.5019821844818692,0.5138236085554794,0.49270905252389413,0.5000034647050399,0.49720138987394763,0.5057945091099396,0.501528943849134,0.5182442523412671,0.492801706084902,0.5076829970265144,0.5106763188746462
0.37266817340509023,0.9284384378062884,0.756998296684487,0.5029002671431649,0.501667830666583,0.4936088029610649,0.4991560280194165,0.4989330994382038,0.49999705877354095,0.5015310023487926,0.48710571762120547,0.49176831331552756,0.5075743036020165,0.5095929701171867
0.8974908108739034,0.4420988803526214,0.29138439469041005,0.49270058639066416,0.49267582269517185,0.5013868466891243,0.49901627993833797,0.5035285549694817,0.4925760997975892,0.5006903358805289,0.5079576518675237,0.49469514572779294,0.5123974523443795,0.5068889030934187
0.9892403607011587,0.1481208557196449,0.09461936665000825,0.5032915301667817,0.49402878401214007,0.5007822254462475,0.5003030132028475,0.5022672924248094,0.5050874544893773,0.5012708231044679,0.5070536053087581,0.5112153078469039,0.49791604565642966,0.49710289767939136
0.5883901078588298,0.8092221355759817,0.5997653628077817,0.49895914452478823,0.5049381118438675,0.49969036164485875,0.4989746763077634,0.49620407651727166,0.49331306460672686,0.49397095853599304,0.518287512033626,0.4932053092335748,0.503875823154368,0.49803939869801156
0.8384014253862099,0.5477117017886515,0.3683980156735882,0.5027903718070194,0.4787591850272227,0.4929379658120914,0.4989864555265455,0.4963105397823248,0.49237289849807775,0.4929736547553871,0.47563973825981765,0.5013286665858383,0.5120968197144508,0.5088849716641063
0.285398340928089,0.9589378698392247,0.8158442573974253,0.49929889634808683,0.5036554261831785,0.5019069941501493,0.49827719500215617,0.4960825368679328,0.4935541235349437,0.4962767408607251,0.48755445991283486,0.49023488255103986,0.5119347860222876,0.4952049857694776
0.8176311236062994,0.5763719297171338,0.39090134427072865,0.4992603723892942,0.5033024290410066,0.4996981970685706,0.49827071161895725,0.4960881560130281,0.49342798898339113,0.4962540444815742,0.5076876318985918,0.5037443044532127,0.5084635802433614,0.5114345864262927
0.7163988024433852,0.6980602491224226,0.4917466457937837,0.5033066539270785,0.5042537793393406,0.501416123625679,0.4998469880827016,0.4960881576234212,0.5026445537676696,0.4991307238426807,0.5053372125987663,0.4940886192674672,0.4999212299073128,0.5118363374371758
0.7792266070256652,0.6274881062083553,0.43159404271273344,0.5028465875901317,0.5041043989682487,0.49477040679077927,0.4989312185458552,0.5004292402670045,0.48849800560748147,0.496526341075374,0.4939299229811933,0.4911200053010998,0.5101323235188396,0.5071592106846123
0.6154187667646349,0.789119560116725,0.5783337210511164,0.48467473585112586,0.4920480744386048,0.5135560149229924,0.5000430949165723,0.4961136808925519,0.4934992124952759,0.5028071737273153,0.5091315503314221,0.5037443044532127,0.5031993914909428,0.49163594527258203
0.9397910745767538,0.34373517221092065,0.22322607908523118,0.499160765293138,0.4926101186634425,0.4901416759209797,0.496640540418432,0.4963322031191931,0.49166105380761516,0.49479119562883395,0.49358628109257197,0.48459526353887183,0.4991657299661353,0.5112821771259737
0.5348565649409599,0.8452932784520469,0.6408505616361149,0.5036172753695607,0.5033752985858653,0.5038597462350948,0.4990147541962595,0.5015672065840234,0.4933818777953706,0.4991582587136218,0.5049447916962233,0.49188756682560353,0.5075876119063,0.5078069022923195
0.737686304297328,0.6757306185828948,0.4721122753475061,0.4992896019475545,0.48753734526433407,0.49274149507635334,0.5020307570914273,0.49601633570977655,0.500316543890408,0.5015310023487926,0.5050741605004293,0.48869446126507315,0.49769173320622134,0.49743851582562465
0.8899752945010193,0.4568411097281151,0.30191427933923976,0.5029173235673288,0.49256768838200093,0.4948139072931625,0.4990365763352445,0.49573734109381035,0.4888341397182943,0.4976753413233072,0.4922398350418383,0.49452188816850096,0.49962018098522576,0.5070456652289058
0.20260782882203712,0.9794343613475632,0.8701391652043304,0.49925380924821344,0.5025564141063953,0.4997008153407712,0.49827185974016425,0.4970946341363167,0.493446681923869,0.4962594410122075,0.508524897451511,0.5023393386231592,0.5034636429112502,0.4977426758728703
0.8679064358474627,0.49743443631558554,0.3313208163588713,0.5029432498600419,0.5032486289468592,0.5014469974445233,0.4998442942015843,0.4960861808823741,0.5129801752530098,0.507361696413665,0.5073093258349799,0.49447046091227437,0.5001296468091846,0.4971915288045473
0.34413740612061344,0.9393512950782622,0.7764373977498306,0.5033615936902317,0.4931352558994336,0.4945775262004778,0.4982349997974358,0.49866908783158,0.5049228427603419,0.4965160631199303,0.4992112365098691,0.4978174863525826,0.5122882527914902,0.5109612498082222
0.7557812622662848,0.6552624963559828,0.4547254902461919,0.4993572350800122,0.5030237905549071,0.4927029336755097,0.49917326173309867,0.4986991291235987,0.4934558619987521,0.49635704968941396,0.48755445991283486,0.4995521970041532,0.500618896456734,0.50321485623997
0.8267421846295113,0.5639861004890397,0.381122051639967,0.5029225945666568,0.47631787946248927,0.5007477639131466,0.4990229879965307,0.49661658830434463,0.5076086687998058,0.4955292032801487,0.5076685945199979,0.4938602084755689,0.5034501837909534,0.4952529864378688
0.15275048723703483,0.9885213107270313,0.9023987711053296,0.5052781514916702,0.49334668061169196,0.4948328697113135,0.49814918717401147,0.49619902278435285,0.504086205939081,0.4963570523796128,0.5073610140668537,0.4945605827301007,0.500263332792739,0.4952033939784136
0.6566972401900499,0.755061420966613,0.5442848666015233,0.5035124166374831,0.5041043989682487,0.518872136948141,0.4982528827334648,0.5034114272953275,0.4938358468529084,0.5023374232875208,0.5071940803207857,0.497683707096379,0.5079321389468278,0.5109883166999386
0.6049204647673215,0.7966057385206208,0.5865329317573127,0.5058880697576321,0.49364049010348704,0.5016380264379803,0.49975215537602935,0.4960680050587055,0.5024900822752413,0.5028747139372997,0.5051225637345279,0.49437840772952335,0.5094179327429307,0.4993831913435699
0.6432471501433626,0.7660919774778291,0.5553509667937201,0.49002112757390126,0.5103839184637816,0.5025948236647366,0.5017664857697769,0.4985380800743895,0.49889454914342835,0.5016434587753242,0.49292943180925963,0.4996579047364715,0.5033484306848811,0.5068711439726368
0.628098934718542,0.7787637701521856,0.5679185199638817,0.49002112757390126,0.5141494756326549,0.5019573807646396,0.5017588559170366,0.4959192278594265,0.5060545002135425,0.5012840634976596,0.4918482576722247,0.5018425285709044,0.50343410055373,0.5068711439726368
0.9586696588559142,0.28555312906047625,0.18429885415255604,0.5051641275188081,0.511782932065979,0.501127189415389,0.5002616851683037,0.4977118790354643,0.5025957082223711,0.4970175261392571,0.5051651483511965,0.5021658659156898,0.5086378497932076,0.49943993216793414
0.9698529261665451,0.2458312633495328,0.15803731213362857,0.4992521594246587,0.4932210767677407,0.5010904961783408,0.5051456491145504,0.4961771291800766,0.49351387722224543,0.49626806553793834,0.4870630488116994,0.5023388593250157,0.5143412268396529,0.4993520003008936
0.8094927013957093,0.5878123417957731,0.3998360102742646,0.49289835223582545,0.4883853343716883,0.5007798054319532,0.5010622780547969,0.4972638802388394,0.49241434206474793,0.502094108647577,0.5092318917231801,0.5013381183500687,0.5074178663765475,0.49848880846786914
2.4769045134654284E-5,1.0001846192063193,0.9999842344467518,0.49447623816607095,0.4912580318007941,0.5011797594180756,0.499823260569818,0.49830251307701234,0.4934434971295916,0.5016470846199943,0.5050282751799338,0.49972945664927126,0.49966518016583245,0.4985128677560468
0.49513407096259915,0.8692811982093281,0.670384265867944,0.5036120710224933,0.5047973642216792,0.5007556821030723,0.5118988385522103,0.5003400455111118,0.49420836455316497,0.4961939447336393,0.5079500573705217,0.4998405470365822,0.4990675492328583,0.5106412031458932
0.9189919681261062,0.39535393250596185,0.25863959835428146,0.49951102610491366,0.48795756469918555,0.5011736604505009,0.49996132726341164,0.4969640104083768,0.4936119208418035,0.49610860516538513,0.5110633942305087,0.4921072269314365,0.5030373109064543,0.49556509773934954
0.9281034917992678,0.37340616808246396,0.2435169346322727,0.5030630677010772,0.5015220391577448,0.49500275785366676,0.49902596475002065,0.4953581346954343,0.4931628259276129,0.4956210864055171,0.5057163924234382,0.491737816847336,0.48670889820454355,0.49883201394218013
0.9796052160988246,0.202195405358583,0.12958175869201638,0.4963266297274409,0.4932929241203758,0.4926744787848857,0.5065183516461493,0.4999652552247681,0.5027939699624666,0.4958819473505271,0.4954825728285843,0.4936577371642436,0.5001164746718366,0.4961781255272349
0.47988858414700425,0.8782480364683977,0.6816345720096485,0.5032294676669119,0.5109694391012425,0.501496658230175,0.5017260227472248,0.49845723939783426,0.5028812559531453,0.5206607695165891,0.48701362745986787,0.5033237900172556,0.506504959250568,0.5032363972069466
0.5158635338240461,0.858859224263917,0.6556596695985271,0.5048320393315253,0.49272772727734565,0.49239980438560643,0.488089679191672,0.49864029014195954,0.49281363909531317,0.49622129972961,0.4939967508558106,0.46179203656680645,0.5032888704679038,0.494991093723635
0.5641567271100805,0.8261812242151253,0.6185870877584869,0.49432517090055733,0.5047798454990007,0.49203318065184704,0.49866356501389597,0.49853954622530444,0.49232828113895266,0.5007673982455163,0.4880105475614674,0.49166575674048607,0.5023632783313738,0.4951679757317958
0.545574683840332,0.8382935297044425,0.632703169437322,0.5048681217443876,0.49211071355172586,0.4950332017409432,0.5023665893993344,0.49914274569819367,0.5051571545582265,0.5010642866869781,0.5065784325904596,0.4995452288376176,0.49791398284504906,0.49883259739218017
0.5771643513056707,0.8167895224349647,0.6083777321596744,0.4968893542350554,0.5035942789095812,0.4981771808110764,0.4987698239336455,0.49595825169826663,0.49912082066054037,0.5016269254137081,0.4979232018615137,0.5052924371747529,0.5031507516580431,0.5065161905837122
0.7465366174968494,0.6654538548357591,0.46348257016586003,0.5031783780458714,0.5038928039778142,0.5007292925611757,0.4998554964192269,0.49668240280652076,0.5030173996193137,0.5016064542973134,0.5017041324141518,0.500657558203861,0.5044707844645197,0.5010244338978794
0.6969623913709722,0.7177436684181765,0.5093509321739961,0.5033562506017968,0.5038237087558919,0.5019303825455295,0.4996619468418391,0.4985019353747033,0.5032529173062517,0.516445893315171,0.5066975514464187,0.4916756526609422,0.5041367437649893,0.5034477126231075
0.020163743382559177,0.9999238817087056,0.9871641247652526,0.5034975223702062,0.5036200527103327,0.5015704639206278,0.4998300574366798,0.4985707718718468,0.5033803462180123,0.5006273111792987,0.5076275329548828,0.49695043046672804,0.4979511851414891,0.5037138098430929
0.457968802439311,0.8891354309580473,0.6972030024766451,0.5014828967534674,0.49395187633351123,0.5006627066998811,0.4994723432160598,0.49854320590057016,0.5028965635247313,0.4985240464218384,0.4954353575139213,0.5058454254327027,0.5031856800362194,0.5055917425303569
