1.000468254532339,1.1577093885204474E-6,7.366757356352949E-7,0.4992404686213087,0.5011563066387189,0.5049800130933082,0.49860357653373544,0.49103562600626405,0.5128418877489572,0.5073910366146611,0.499301101517815,0.5046679635361276,0.4911754739060165,0.4937120779742575
4.787216014000361E-7,1.0003745917866997,0.9999996953504823,0.5001842425223353,0.5019773363767027,0.5050852703609358,0.5003363567907038,0.4965375744542472,0.5121970577833678,0.500455936927694,0.4950284789801592,0.506112660547537,0.5044250029367179,0.489898064893137
0.9990168742759,0.05273448543837121,0.033573693779227615,0.49802799149222343,0.5019933950267552,0.4909369693457016,0.49904320949410125,0.48862454188648785,0.497124653090456,0.5111755766433066,0.5023714800330036,0.5020683211772453,0.49336216457376014,0.49945587438115285
0.9623069612820019,0.2738318475193536,0.17649011772496292,0.4985681950439822,0.4975330230702945,0.4954669278846408,0.4892316934476281,0.5015725546770717,0.49000273089116825,0.5110406703005066,0.5015669864263991,0.5035093133043191,0.494307671061634,0.49035503542719294
0.9507077551342037,0.31080937075923487,0.20115356762092673,0.5058329423524796,0.5038140295052269,0.49532679990673595,0.5055196533958269,0.5017321361770866,0.5067313706216239,0.5045099063315771,0.501560732058189,0.5042643197244957,0.4942353312115334,0.5006687586053208
0.03851967544029367,0.9996044532836651,0.9754800414875322,0.4991345925179505,0.5038744420339677,0.5118882820109799,0.5064952059761128,0.5061225933299124,0.49994418439908855,0.5067758336113044,0.5005685734108546,0.5062323215484744,0.4952265293394819,0.5013125293435984
0.9997930312542894,0.03358570838311357,0.02137771327928878,0.5001842425223353,0.5019773363767027,0.5050852703609358,0.5003482794173545,0.4964305567559313,0.5121970577833678,0.5045068317613072,0.4950284789801592,0.5068225068812323,0.5044250029367179,0.49262437599974007
0.6880152404627512,0.7261800997759843,0.5171762751412755,0.4992855050570974,0.5024610194047273,0.49488668243509504,0.4958688888386148,0.48870327738817115,0.4971614145113514,0.5111792479423699,0.49793294035682345,0.5058546081600482,0.49864471454272874,0.49938497040138485
0.7008785379596262,0.714950473225997,0.5063271604046589,0.4977805969377347,0.4959407862803556,0.49743480520590916,0.4983675220816104,0.5099621201474667,0.5016878702624409,0.4917383450560529,0.4931031912816691,0.5093710184258583,0.48776326966047234,0.4734363677586656
0.9307398271792688,0.36655825551306787,0.23884749144834982,0.495932311018986,0.5038319511124228,0.5121885527731568,0.5019617490116266,0.5064220613130584,0.5000751828860309,0.5072855469500953,0.5017812841350501,0.5061356736978373,0.49896986708587626,0.4990559255241038
0.9960898893104738,0.09403314880712654,0.0599207736215906,0.49613296475670904,0.5031391952208378,0.5002626792529179,0.4827052181996597,0.4975273007705355,0.49687910184125,0.5078241124934431,0.4947847099836626,0.5071054578201596,0.49416333010380725,0.49761160394685755
0.08818720105966579,0.9964397322878648,0.9438041062556205,0.4962713101021756,0.5041050505738047,0.48918110453334523,0.5062742298672163,0.5018950442009544,0.5018600111804977,0.5049405853139723,0.5021132610961202,0.5061226565135634,0.5041993247373271,0.49249740441859297
0.5386485882303104,0.8440405291882885,0.6383872559288011,0.5003640282598711,0.502038746876887,0.49076860242764986,0.48970579350962584,0.5079668921305744,0.5124047853620012,0.47271857419836094,0.4954877612484671,0.5048932644160103,0.4943458248661459,0.4937414156366911
0.252108237236156,0.9681641998243874,0.8378268234216533,0.4985681950439822,0.5023273254127955,0.49777868768373124,0.4986838230201113,0.49961673956494634,0.5121066635355366,0.5106932030617911,0.49162662925650874,0.5048810501909071,0.494307671061634,0.49302842912446426
0.9028860916408469,0.43070630057118553,0.2833630447433378,0.5050174524440605,0.5017233593127903,0.4942641792459855,0.5003324829838572,0.486895745633536,0.5045837239334919,0.4972776548472623,0.5007153892689985,0.49934561425764057,0.49518733889946853,0.508375132755967
0.9101504390680845,0.4152110143414184,0.2724721295608557,0.49856595692700756,0.5023275642048375,0.4890493423634886,0.49582375041555443,0.4972246065982823,0.49689912424905247,0.5105785061388055,0.4924427049131318,0.5044252704863798,0.494022521503894,0.4993305077119401
0.18794348218433363,0.9822966690736793,0.8796496158610182,0.49759950407204223,0.5020987676311537,0.4944741805575918,0.49818167640633554,0.4969931406892857,0.4973947483342,0.5002706133733417,0.5011063155615332,0.5064436903430515,0.49873754276501725,0.4967605763458609
0.31473569896439607,0.9499943958102407,0.7963314160526304,0.4991363298156432,0.5036430017193035,0.507940052300324,0.5067320817852156,0.5015361099307188,0.49718495908558635,0.5226113350304747,0.49579188528865004,0.505934453272461,0.49446473208534486,0.493206443937715
0.46487293924654194,0.8865473678545199,0.6925458976658869,0.49629160151343577,0.4960225039731411,0.4897681076596333,0.4950768229499166,0.5017020824132733,0.505472980033249,0.5069688884179085,0.4729221617502381,0.4921908338313413,0.49864948350663496,0.49973240060291857
0.67356399696722,0.7398032166126226,0.5298141650949209,0.49373728304629516,0.5031089492867471,0.4892859632783803,0.50642997275246,0.5016323912805507,0.49966683275163454,0.5134612828578149,0.49182403038882455,0.5065302147444789,0.5000983177926509,0.5000199336955502
0.33866775268114063,0.9416250726690482,0.7802023993176088,0.49960617729722606,0.5040443246282665,0.48127456389934964,0.5046010539106126,0.5093863760039451,0.5123839531822612,0.4997093270513885,0.5010056743954574,0.5064746170699876,0.50085352678962,0.49825400429269456
0.2935643098235305,0.9577978075881411,0.8106637460551137,0.49963974161468117,0.511135868412298,0.5075998685099692,0.49851908850686283,0.5091908226369314,0.49075609443859736,0.5362468728397772,0.4909543799252836,0.5050698543011313,0.4989641076032004,0.4994534553693695
0.10850004446000479,0.9944498749126627,0.9308148826686398,0.5057583074635451,0.5039005032574928,0.5052402878275627,0.4985347049612262,0.5020203128784788,0.5111986777397687,0.5062772159998353,0.5026224927525593,0.5041925607721208,0.50395875468537,0.5080214064804763
0.826036726258063,0.5667565008340519,0.3828290831565829,0.5052107306206453,0.502033201016696,0.4888639264256728,0.49859893180462933,0.5017246225560716,0.5382177329789448,0.506123023293179,0.4954130755242567,0.5064756764910685,0.49632162956058073,0.4938029248160444
0.12647227855363624,0.9925612684370066,0.9193166113867314,0.4996689758311165,0.5021662278936618,0.494308693961461,0.5061889750775048,0.5042769417873859,0.5128255691328913,0.5138324526670809,0.49184768337815826,0.5067922392935968,0.5046547378844287,0.5015812764954225
0.8653823373965883,0.5018978714860772,0.33458388725593513,0.49863892755394196,0.5023275642048375,0.4890577236843111,0.4958170274733872,0.4975112182816696,0.4969961777093486,0.5111792479423699,0.49270539825576276,0.5044519639171615,0.4940165307963819,0.4993460669929687
0.5746398531622823,0.8186641942833679,0.6103785675114114,0.49682077985168077,0.5031391952208378,0.5002626792529179,0.5065582564837675,0.4988379748190272,0.5056999153506176,0.5078241124934431,0.5015432229347438,0.5071054578201596,0.5001509226418167,0.4999946651194379
0.9848607618224433,0.17552678458314752,0.11228259547768771,0.49799474368216823,0.5031391952208378,0.48985293317468304,0.5065582564837675,0.5016991942535282,0.5053430239651346,0.5129682417711325,0.5018719950471584,0.5029702620090923,0.49711436329639225,0.5000205869312451
0.765990788805117,0.6436811581265869,0.4449019212076356,0.4971853822437744,0.5039181124017837,0.494301367482654,0.4982324512360411,0.5028030839404043,0.49100236272618614,0.4920411238229124,0.4910966285558094,0.5125825582749419,0.4932707304386031,0.49370603782676475
8.972460851484727E-4,1.000159923872752,0.9994288868893693,0.4985896295827301,0.503567344821569,0.4943224096358646,0.49589424302890245,0.5028143168354278,0.49689646599925713,0.506756558199831,0.5004820747474688,0.504352005113516,0.49630956187151887,0.4992761852888683
0.22561503469951197,0.9747404876211783,0.855196917052643,0.4986119065006657,0.5040918454975399,0.4939325291579973,0.5002680965476858,0.5023396998346795,0.5118816149210978,0.5000840158440896,0.5118820442793639,0.5063032032023478,0.5093065594372268,0.5063808511479406
0.20703808569197368,0.9785294026954804,0.8672610890311754,0.49759210561699213,0.5020987676311537,0.5057515324788789,0.5057569438751099,0.5021731056034255,0.4973947483342,0.5077511186256153,0.5010626370299173,0.5064436903430515,0.49873754276501725,0.49994581262557164
0.9234755507766215,0.3881032940396246,0.2532805564456432,0.4996070749519272,0.5040758961206165,0.48965387030561114,0.5019617490116266,0.5093328499052167,0.49594869456109336,0.5365573615757258,0.501008270930407,0.4890779260526041,0.49896986708587626,0.49498231329692755
0.656563401860973,0.7549078777209934,0.5442850095046665,0.5051858682940248,0.5020895338689921,0.4888639264256728,0.5061750923310039,0.5017482601158983,0.5050060389847973,0.5134758243390818,0.4954130755242567,0.5064756764910685,0.4963354942154511,0.5010324458983293
0.2728324837335922,0.9623735073340937,0.8241332124705991,0.49634146851977706,0.5059394828786496,0.49444573606455633,0.5004295018778774,0.5015232783719371,0.5055504220890016,0.5066729010662894,0.49162304810027135,0.5062167799431949,0.49438245737117453,0.5015461570900761
0.8817062317226938,0.4724184467000724,0.3131379823886087,0.5050174524440605,0.5017385147234483,0.4942651412469993,0.4981144815558582,0.4874881596215997,0.5050177831876983,0.4972962746751464,0.4963912446480424,0.5015394640671642,0.49518733889946853,0.4994892184759873
0.9712038662088589,0.23990083912308807,0.1541678117058034,0.499321488694423,0.5034236213218859,0.49081225894651337,0.5065607936831339,0.5016976733510095,0.5053908960771405,0.5130656672860677,0.5018719950471584,0.5063087457750408,0.4969995700043777,0.5000205869312451
0.43282157732013604,0.901951430896551,0.7151659716986752,0.4975677143402827,0.5011851884251852,0.49739430634715964,0.4991436919213876,0.5018601712781969,0.5125120177634646,0.510916162481707,0.4928645785040948,0.5013999043560369,0.4937819648382019,0.4936908535498293
0.4230440381342219,0.9065204228846452,0.7220338398186443,0.5025611991801375,0.5020502858527555,0.49670500774502985,0.4917958237108824,0.5015605039168353,0.5015565440104092,0.506389641085931,0.5013151948250117,0.506510964058534,0.5119234396487138,0.49280326548339454
0.7501226458620613,0.6616205703401018,0.46014251363991265,0.5002393872303337,0.5020306609518028,0.49681827525910593,0.5003505715448252,0.49694996297876143,0.49075609443859736,0.5068067342787375,0.49498033784557954,0.5033417895808033,0.5043408342604832,0.5014629058709497
0.7878869583559952,0.6165828883688165,0.4227327419397026,0.5051858682940248,0.5020895338689921,0.4888639264256728,0.5061750923310039,0.51157482370821,0.5050060389847973,0.5004382782234735,0.4954130755242567,0.5043683969106526,0.49417070806769786,0.4934187794566094
0.5589031591470077,0.8295357567373784,0.6225524112837773,0.4980651815207759,0.5031491239998287,0.5050104365262936,0.5075921387306422,0.49728698458033543,0.4996394203609053,0.5087991078955498,0.495577224471349,0.507087450497268,0.5001081817546722,0.5000072649702961
0.9873885461919102,0.15970186386399374,0.10208388209171312,0.4986322027374984,0.5011473614380954,0.5047758582320805,0.49573850323261626,0.4988524828114485,0.49725945759198137,0.5050804247540208,0.4978844049077002,0.5044573396924777,0.49111954895057175,0.4938041665736496
0.7936703725056835,0.6088038850739573,0.4165652721428568,0.49680497081264985,0.5015500176656768,0.48899574265024237,0.495819484544151,0.5013271308552356,0.49699726857662174,0.5003289224844981,0.4949718117703955,0.5044072186495147,0.4941612675840591,0.4939574176824
0.06481713529141443,0.9981751745728211,0.9587186507785814,0.5050185942811458,0.5020703227237989,0.5113090788462161,0.5065287641062103,0.4972735034304333,0.4973820892561244,0.5006396444897285,0.5004677759382922,0.5061448247690351,0.4952265293394819,0.5014067527312726
0.7602924162012875,0.6501107054228309,0.4503676059844162,0.4971214937810705,0.5035313586757938,0.494301367482654,0.49823569926130495,0.5028030839404043,0.49100236272618614,0.4920411238229124,0.4910966285558094,0.5017875015338028,0.496311719201068,0.49370603782676475
0.713690972544484,0.7009131359946918,0.49424969705747074,0.4971214937810705,0.5035313586757938,0.4971535485635648,0.49829741423094237,0.5022040862501338,0.4909821080467244,0.4920411238229124,0.4910966285558094,0.5017875015338028,0.496311719201068,0.49370603782676475
0.9763241854719114,0.22019050553099323,0.14121433316645116,0.4975182337266568,0.5019632457998112,0.4949584618585442,0.5003305587998697,0.49070519444654653,0.47615647879014067,0.5005738529158161,0.4930200383421845,0.5016257372403834,0.49453503134642446,0.49139626909855105
0.5922582473188783,0.8060976691569168,0.5966047865900005,0.49755286270748045,0.5036449916404122,0.4954746171162066,0.5066726214734185,0.5023395090107763,0.49678189829241814,0.5070706848083864,0.4955931109030843,0.5059404103574638,0.49446473208534486,0.493206443937715
0.9813575693465179,0.19547403584624723,0.12516840156414577,0.4986322027374984,0.5011307836279036,0.49402994325521066,0.47971804031961157,0.49652600650819356,0.4974454884411823,0.5051166405055404,0.4978844049077002,0.5044200399165925,0.49111954895057175,0.4938041665736496
0.5187947214808005,0.8551954537428273,0.6528597320194491,0.49808743615468526,0.5020746866536798,0.5004978309488528,0.48952710454566417,0.5022479581075148,0.4978275921062962,0.506214993255364,0.5029605011293178,0.49132449367677045,0.4984515556796598,0.4990702968267039
0.6441285275892176,0.7655122989035862,0.5546842549324023,0.49738766346471125,0.5083804766040423,0.4964602491733401,0.4975783229660583,0.5111890705739766,0.5105207113945949,0.49070960464547964,0.5011363597049179,0.5059508093808779,0.5003931789545358,0.5008456399343265
0.5060216887976071,0.862781536429242,0.66231512552382,0.49811310367496203,0.5019777980335388,0.5003773413029612,0.48952710454566417,0.4960953348119741,0.4978275921062962,0.5006216993681238,0.5029605011293178,0.49132449367677045,0.4984515556796598,0.4990702968267039
0.7435430276075452,0.6692958429732249,0.4665752505330162,0.4994116012037886,0.5046087391547047,0.4966872240143791,0.5059939774910734,0.5019736496672355,0.512967866775835,0.5049405853139723,0.50204129413234,0.5091109642304011,0.5043454263276356,0.4940436104828786
0.8719183544140243,0.4902325546945788,0.32607438368271424,0.4974960184027954,0.503517973480302,0.4970796441438257,0.49582375041555443,0.4970341666503591,0.4968284958729103,0.5110043614725551,0.49248087982991384,0.5044025559013527,0.49629166709873973,0.4967582248834342
0.9181003368272951,0.4001068490193403,0.2616389466826921,0.4988495442915095,0.4687624843048491,0.5051706819049505,0.506155484041932,0.49721594108286665,0.5107008400720521,0.513599304968622,0.5070025815595272,0.509403094843703,0.5026019254244971,0.5016076851482545
0.5824852577039411,0.8132947136732116,0.6043288310727103,0.49964152230718784,0.5021662278936618,0.49425235216306984,0.5064378135376393,0.5016018628000333,0.5015492577953082,0.5131298868079012,0.5011506179805071,0.5067922392935968,0.49636673861178177,0.49283799174897547
0.4897506303565148,0.8726720627366359,0.6744278516783134,0.5187278286341372,0.5019607062631551,0.49680110562684743,0.4992297531373834,0.5064221984793447,0.5016965020766526,0.49035469632452217,0.49293478114207817,0.5100176979096956,0.4927261669110472,0.5003440635547234
0.8036897303729863,0.5958094407489011,0.40612350792896423,0.49746054719084815,0.5021796937493884,0.4888639264256728,0.49926524563422325,0.5016190319815379,0.4888414758896748,0.5061847165784892,0.4924340595556773,0.5064735264684674,0.49632162956058073,0.49374566670881165
0.8155170648537117,0.5808837111142537,0.3940205214908435,0.47486848085769284,0.5015560587317088,0.48899574265024237,0.495819484544151,0.5012742058311558,0.4969921579433933,0.5003289224844981,0.4949718117703955,0.5044072186495147,0.4942066766606385,0.48038941050329814
0.3065393437919731,0.9537900511001278,0.8020341422389281,0.4992405848266902,0.5258059149735204,0.507940052300324,0.5174548516504434,0.5023395090107763,0.5132567539154205,0.5226113350304747,0.49936891432386554,0.5059421093974341,0.49446473208534486,0.493206443937715
0.8328223927285276,0.5545739073827036,0.373994729225139,0.4985954186663235,0.5037857951872794,0.49084522264786096,0.4980299809675418,0.4912676406225037,0.500119808955371,0.5112144526491939,0.48874341173006136,0.5100752411571816,0.4987414844204843,0.4939435275760285
0.9366672942442906,0.3509352120558979,0.22821276860630418,0.5040781439695867,0.5038275463557484,0.5118124747810098,0.5020046318714434,0.5010892051820733,0.5002228504929354,0.5072855469500953,0.5013236723115042,0.5042051483706647,0.49896986708587626,0.4990545158761427
0.14522879720669346,0.9901526103281553,0.9072860562414296,0.49940583033984765,0.5045702084797566,0.49084522264786096,0.4980299809675418,0.502152087551123,0.5001146983221425,0.5114043972884955,0.5021851073445686,0.5100752411571816,0.503387910103228,0.48037552039692666
0.05655030291024063,0.9987753415088113,0.9639932597654707,0.4991345925179505,0.5038744420339677,0.4949718060782697,0.5064949164677038,0.5061225933299124,0.499523667998323,0.5004110137152898,0.4906131229687454,0.5061416334964224,0.49522243510138353,0.4897422055699645
0.8763253800181058,0.4821100304354342,0.3201930305139491,0.4980638989697226,0.5021475575665786,0.4969245008621997,0.5075479624748128,0.49734930699008373,0.4975947319366383,0.5062083690338737,0.49540676873236594,0.5061451289843459,0.498523672867725,0.49903943763281416
0.8959023617630961,0.44775890667957247,0.29505792332969505,0.4963643130485325,0.5017300363146817,0.508176199962821,0.5003238939673397,0.4868545977904382,0.46782676974064186,0.4884553087901171,0.4909543799252836,0.5050698543011313,0.4944048070811925,0.49965259122526234
0.9943717767593452,0.10979621890189967,0.07001046980215808,0.4992404686213087,0.5011563066387189,0.5046581240791777,0.5045112338684344,0.49687514231153845,0.5128418877489572,0.5075291032746434,0.49922264682759954,0.5046679635361276,0.4911754739060165,0.4937120779742575
0.9433592034253764,0.3327773073044544,0.2158965652943195,0.5050174524440605,0.501696163177186,0.4942641792459855,0.4958608206080203,0.486895745633536,0.5049604465525694,0.4972776548472623,0.4948853615365249,0.5015394640671642,0.49518733889946853,0.49969714257809217
0.26391539791241186,0.9662352927069204,0.8302554404284191,0.5174764346077779,0.5051677407334565,0.48353379551866316,0.49863662102646833,0.49758568335932163,0.5272218350944453,0.49230088924013904,0.5119818292414997,0.49143458992718786,0.49893623765845335,0.4994172876317942
0.4974113257228611,0.868208316013629,0.6687874480489133,0.4978107899351242,0.4959407862803556,0.49743480520590916,0.4986937777726533,0.5099621201474667,0.5016878702624409,0.4922432805034236,0.49293478114207817,0.5093710184258583,0.48758881776599405,0.48913326247902206
0.44913428515930653,0.894434833834814,0.7037422259370061,0.5200391897171474,0.5020437812451515,0.4968051410433868,0.4917958237108824,0.5112301098501376,0.5130510985818979,0.506389641085931,0.5013134079382303,0.5064735264684674,0.5007064176752205,0.5016113671973653
0.4032770570871528,0.9161122376519718,0.7360074730599503,0.4974084410291462,0.5045472162769971,0.5055704814088855,0.5059317083570184,0.5021544386736628,0.5266135011673828,0.5079612741477826,0.4936488954343052,0.5059887254427196,0.5006141899308667,0.49973339592444016
0.7173200940437678,0.697823118272366,0.49122959788449394,0.50289843285395,0.5021632585003623,0.5217049869611634,0.49848961922712864,0.5104468305516869,0.49741621725758783,0.5006396444897285,0.4906591112995374,0.5061448247690351,0.4952265293394819,0.5013568739576691
0.9918657741631388,0.1304611126028669,0.08325731190744362,0.49634146851977706,0.5059394828786496,0.4888713259431871,0.5063113631359181,0.49705881092615833,0.5055504220890016,0.5066729010662894,0.491621560734524,0.5028896957009452,0.49438245737117453,0.5015461570900761
0.8410118151272967,0.5418169491579544,0.364349137572462,0.49855574541849107,0.5019120296015164,0.49084522264786096,0.4980266653780121,0.499006773559511,0.5001146983221425,0.5111303415660818,0.4953031402590356,0.5100752411571816,0.49878689349706373,0.49052511244782615
0.8574840417554801,0.5162261136840632,0.3449884101051971,0.4986241449250414,0.5020750227056574,0.4891693671050128,0.5044897465316966,0.4975544793543389,0.4971703348861563,0.5064328988163586,0.5007435081625073,0.4869729653745506,0.4945603263005613,0.5220198835587989
0.6035354487265175,0.7976372904282109,0.5876320335469128,0.49074242616777075,0.5021299310889762,0.5087056126996021,0.49853216112443505,0.5018318484510754,0.5014619928771075,0.5068067342787375,0.5012343399090905,0.5033417895808033,0.5022519410272623,0.5015313427760613
0.9389178899060093,0.3466176820845157,0.22513879770272446,0.4959708212630529,0.5031511308981089,0.4899495148399146,0.5249758469859631,0.5064220613130584,0.49962271239165007,0.5063551844006737,0.5011649208117019,0.5042552915682824,0.49864834260157337,0.49904548899780093
0.9757907100670159,0.22295538490343225,0.14300442534402463,0.4975182337266568,0.5019632457998112,0.5052781930217337,0.5003305587998697,0.4908315468304489,0.47432072567895806,0.5004431767591416,0.4930200383421845,0.5016257372403834,0.49444880833633675,0.49139626909855105
0.8158078066979689,0.5787800418913546,0.39282264270642875,0.5025808171117315,0.5020417808813935,0.5044509433541889,0.4984975237477193,0.5013129638155691,0.5015429715836236,0.5060735714241045,0.49184768337815826,0.5067972072319773,0.4950203253069936,0.4927218084644227
0.6157314203513061,0.7886871896491165,0.5780076803501499,0.4997318358455385,0.5021662278936618,0.49720466654233747,0.5064995285072768,0.510598340872622,0.5136420691571767,0.5131298868079012,0.5011488310937257,0.5067922392935968,0.5007515267264215,0.5015812764954225
0.7277312118639911,0.6891612316773487,0.4826745143725111,0.4975888035324218,0.5036926532404403,0.490243418370261,0.5066691145045442,0.5023340537574544,0.5014582389481416,0.5135900007576282,0.49244007210801377,0.46566471977287105,0.4964768171959978,0.47420199104733496
0.4469443188313186,0.8947618714168689,0.7050813342428355,0.5024976700492308,0.5020322906342289,0.49654643605485543,0.4958189034542523,0.5016356653944312,0.5015565440104092,0.506389641085931,0.5013151948250117,0.5064735264684674,0.4963303226639789,0.49398389435601575
0.3892550393186358,0.9215059928760659,0.7455580952743325,0.49738034320564156,0.5021661255787859,0.5003011802157867,0.5056517697725594,0.5105867081855031,0.5106660996178549,0.5004332238727112,0.4936488954343052,0.5059514158180526,0.5003983576946827,0.5008922236711452
0.9815527391448517,0.19329169604902177,0.12378213451704734,0.4986119065006657,0.502031023636535,0.48888858864900014,0.498463291087209,0.4971093999888439,0.49257731208012095,0.5000840158440896,0.49201694474225205,0.5016542819903512,0.48957129559340484,0.49424770825621417
0.9929152364248213,0.12237757857029241,0.07807015814845764,0.4995709915975208,0.502089617028636,0.5046581240791777,0.5064543823184715,0.49687514231153845,0.5128418877489572,0.5075291032746434,0.5013349078881776,0.5070006697323741,0.4911754739060165,0.500663271604141
0.3548612340591209,0.935244242065417,0.7691296799679674,0.4975749986548716,0.5040548353366264,0.507990011812165,0.5003238939673397,0.4891542070730961,0.5018253704095227,0.5068277687060314,0.5035170506101323,0.5059298174159019,0.49838896831960694,0.49965259122526234
0.6443669807312552,0.7653865645606657,0.5545166501094991,0.5098709427727008,0.5083804766040423,0.4964602491733401,0.4975783229660583,0.5114751490911112,0.510083034135957,0.5075124332369267,0.5006920304443138,0.5059508093808779,0.5003931789545358,0.5008228062189134
0.8025954215042291,0.5973041503941703,0.40730226167282124,0.49746054719084815,0.5021475648289405,0.4888639264256728,0.49926524563422325,0.5016190319815379,0.48892964907910297,0.506867610569673,0.49184167082582175,0.5064751992911282,0.49631660972225833,0.49402370238070187
0.40852819617362485,0.9130519903359096,0.7321639494387985,0.504993558363629,0.5020502858527555,0.49670500774502985,0.5028099494828178,0.5015605039168353,0.5015565440104092,0.506389641085931,0.5013151948250117,0.5064796768196225,0.5119234396487138,0.4996668067820915
0.22093868240524722,0.9761472771596901,0.8582966649085667,0.4986253777204652,0.5034896838525076,0.4971276630000194,0.4991233351797168,0.5048688509650969,0.51334362528608,0.5223562410521468,0.4929855843749045,0.5066311318601788,0.49615804071905434,0.49759747230915274
0.85583230121597,0.5175941383503998,0.346276665532794,0.4980638989697226,0.5021475575665786,0.4971891619860047,0.5067183280984189,0.49734930699008373,0.4975947319366383,0.5063342768219585,0.49540676873236594,0.5061451289843459,0.498523672867725,0.49903943763281416
0.16963828765140782,0.9860109657596898,0.8915345863758196,0.4960745269537819,0.5045878850015781,0.5127974805394078,0.5062733696861418,0.5016418598632885,0.5128853372655325,0.499010858172024,0.49491794126514604,0.5064715950193512,0.5044589981092595,0.4993862160299517
0.38534425965269664,0.9237137074711584,0.7483959998897842,0.49741583948419626,0.5045472162769971,0.49429312948759846,0.49835644088824393,0.4969744737595229,0.5266135011673828,0.500480768895509,0.4936925739659211,0.5059887254427196,0.5006141899308667,0.49654815964472937
0.5296217697357342,0.8496010745421037,0.6451281723299658,0.49551876829391106,0.502689616910504,0.48463251933848317,0.5058077818576119,0.5023859633186015,0.5130657112765691,0.4909993256757264,0.4894665977662982,0.5048758106171943,0.49072780972956614,0.48038859875567974
0.6392341265616406,0.7698120581774632,0.55882826635032,0.49606391683182677,0.5013340510371902,0.49455964287278686,0.5064802363986198,0.49798456720394807,0.5137743584512625,0.5113561361888617,0.49162865983876197,0.5049471807303514,0.4934378349720496,0.4918752606935111
0.8897322063865127,0.4584994685246354,0.3029232501189969,0.49839367735306345,0.5014507902519644,0.48914452928908825,0.5031072778038154,0.49423251206359103,0.498518824839688,0.5079047996594559,0.49009162983938465,0.49238184250804556,0.47905294853128216,0.4901491397995381
0.9285135439975722,0.37355347331291283,0.24350650607088295,0.5011441764109368,0.5036299814480759,0.48944093415434275,0.5065378961568608,0.5023230237383768,0.5075750792819881,0.5107181194149675,0.5015656166180162,0.5200378197327236,0.4985880178625062,0.49066684461836096
0.43811686014329565,0.8998594011603913,0.7115535516946739,0.5014297375660869,0.5127343036517737,0.4894281921059462,0.5056748745903233,0.49825185052642695,0.485518730175824,0.5145058535390445,0.5014688913360745,0.49764853588930646,0.49086011085790326,0.5048706091001283
0.28243224987121074,0.9598515029603516,0.8178189241377851,0.4962481125274396,0.5039866001469083,0.4891921251512691,0.4958317299049922,0.49880777792474834,0.5128733343618964,0.489562064995446,0.49245361134321514,0.5057860507676214,0.5027848511644786,0.5016925119953491
0.697696185830433,0.7172277435034645,0.5087873177189298,0.5029796284928809,0.501149112279908,0.5116110899489992,0.5076020850584867,0.48832101134814687,0.5013213289997364,0.5070935766013526,0.4906700873393474,0.506134487559067,0.49193388938681676,0.5040756219547619
0.8393677619389238,0.5441380689131516,0.366157615920461,0.494485032140291,0.5021515374142596,0.49650722694584143,0.5017575346036955,0.5016460625269469,0.5119551668025126,0.49106553027777466,0.5009967239810964,0.5046088359861318,0.4966934936780112,0.4982028609883935
0.6266399236357625,0.7796247223881146,0.5689853382893583,0.4984256975812851,0.5046971204183671,0.49398309020643233,0.49635631243003736,0.5011298835769652,0.5022888385676452,0.5062191742448159,0.4932323676268377,0.5044271865492497,0.49385401052938976,0.49512845553223284
0.8993755313232478,0.4385232810049326,0.28881370452044725,0.4992540299208782,0.5029481649881369,0.5004101187540619,0.5075054528201806,0.4967394319213766,0.4913173739284918,0.48703787707306345,0.4911606421284068,0.5060958806873034,0.4875929130307098,0.5005653247844737
0.7976375133049854,0.6040796652037347,0.41264400610235974,0.4991873099898555,0.5003225836746789,0.5028130954763704,0.5030954572924343,0.498259278006554,0.48951726685655483,0.4900701226030302,0.5003754214160138,0.5003966600893142,0.4816006982691521,0.49961557384511
0.9795611158975523,0.20309497741333313,0.13014807375290383,0.494485032140291,0.5020782339130202,0.49650722694584143,0.5017575346036955,0.5016460625269469,0.5119932002961735,0.49106553027777466,0.5009967239810964,0.5046088359861318,0.49669374840065567,0.4908273370477206
0.7382561919158692,0.6755152445420601,0.47176634335662737,0.49473089516173824,0.5143702352861762,0.48922991780462693,0.5064807204051556,0.502250494317881,0.5132488293541884,0.5097029231612114,0.5007214490607734,0.5000316807710493,0.4982466170234329,0.49916355986862254
0.9899349778677218,0.14469152602332427,0.09239577765026491,0.49607269501807705,0.5011619709127431,0.48674850783746576,0.5064950266515016,0.49522446514828083,0.5012739444422056,0.5062248021332832,0.4909909139052652,0.5065269523214472,0.49437390357327193,0.49956359715928705
0.6160885930505164,0.7880553788875327,0.5775810577090368,0.4971214937810705,0.5053010342887411,0.4972136158432149,0.4985009072649492,0.5004628007467289,0.5114209009850907,0.5051885496687492,0.4931813174944566,0.5059553461931823,0.5034985086212467,0.50005054681855
0.36947738548815773,0.9299506554005432,0.7592405583098165,0.4963654100268962,0.5072293110944285,0.5063764733587559,0.49870333288127655,0.49081078808655787,0.509021615599275,0.5107927869206029,0.49087403481643094,0.5123817971822017,0.49603746926230774,0.4957293384184113
0.7549774082791111,0.6566925203241656,0.45574794476977887,0.4943750430628984,0.5026653417954688,0.48945857008830274,0.49852109677157314,0.4961495539299939,0.4969777102109161,0.5061730918658541,0.48884191026852,0.5030784451152468,0.4876676452472672,0.48915570582606643
0.5474515731286687,0.8370230837387677,0.6312607687019782,0.49957006092901796,0.5020892224220728,0.49687333513373877,0.5064704303098736,0.5015381485450028,0.49765631965731505,0.5062018196485483,0.5013332848353217,0.5070702406490436,0.5009210259516753,0.5005422114834321
0.34610139722442723,0.9388560841606678,0.775155730821594,0.4963654100268962,0.5022476649193073,0.5063185089692178,0.49867876882108036,0.49081078808655787,0.509574531715501,0.5104738320362626,0.49093333840644204,0.5123956217524708,0.49570691110112264,0.4957293384184113
0.8063006638583737,0.5922956045555505,0.40333788945529964,0.4991940116133881,0.5003403021696811,0.5050647440880575,0.49401077363676654,0.5047954449110876,0.5129566505119569,0.5107358394929185,0.5003586057202174,0.5062153510816086,0.4943505114245757,0.4946877936480376
0.5586130225094222,0.8297053611828371,0.6227658762150958,0.4967014534577033,0.5031503155743745,0.5002321494516541,0.5064704303098736,0.4974769954509057,0.49469477821140434,0.49106553027777466,0.50162012599355,0.5070702406490436,0.5001509226418167,0.4998436893689771
0.41634264121831904,0.9099783347902471,0.7268274526696892,0.49629969639631694,0.503871621626306,0.494760319585122,0.5202337790583675,0.5060355218099666,0.5057776776416393,0.5063751539026494,0.4923874470073792,0.5075725492118719,0.5026771459643512,0.5014771203813764
0.5128304827424878,0.8587357992236061,0.6572741396864829,0.4975456153504846,0.5011815950256225,0.5004978309488528,0.5004994459359013,0.4970819000899647,0.5055240326301522,0.5066757508035667,0.5008289274607275,0.5010498137669446,0.49063455771681624,0.494513463742242
0.9099085594222304,0.4155617834495416,0.27273912175689663,0.4991345925179505,0.4989785769546701,0.5051263977058071,0.505768163518002,0.5064014206362383,0.49994418439908855,0.5067818226225888,0.4906139809723168,0.5044281631530637,0.5041280139301197,0.49371688407292064
0.49700168933198197,0.8685491043326249,0.6691213436641191,0.4947865973271529,0.4973033029195463,0.4924304712089354,0.5064783115896955,0.5016131912763325,0.5023370075905004,0.5066150827998982,0.5074656429127256,0.4999422878337173,0.4817227638888576,0.48911265260984443
0.1489350572689324,0.9898427951700278,0.904925251817905,0.4959260047896554,0.5044226384260256,0.48903876235091853,0.506422587967662,0.5179700933871157,0.4901091339491142,0.49752990682833803,0.492169180124059,0.50061684213031,0.48308197399415903,0.49648031831154266
1.000336003589119,1.734667635361472E-4,1.103952771994432E-4,0.4976223197936602,0.5041061704189906,0.490297469700074,0.5065914980731296,0.5023873985264784,0.5054940799356874,0.5070706725738849,0.495731339431473,0.5064169938071907,0.49446733925332165,0.49982945539626805
0.7775537287646666,0.6291420686051424,0.433081793428333,0.4966375859620809,0.5031393079053519,0.5002649094599566,0.506481545518538,0.4974769954509057,0.49469477821140434,0.5078241124934431,0.5017792435558729,0.5065240327244408,0.5001509226418167,0.4998268108823161
0.7076803794913498,0.7074963682154037,0.4999172222013007,0.4978157028748565,0.4959019823924445,0.4891601704075745,0.49870803669541464,0.496648457442948,0.48967184045205253,0.49035469632452217,0.4929223195152859,0.5005098029118752,0.4873125133034548,0.48913326247902206
0.9599999174113288,0.28141477380682717,0.1815332591341277,0.49740180136891904,0.5021937553687776,0.4976250813939973,0.5069292607845577,0.4962650100956882,0.5020502518912422,0.513536225007055,0.5065015483939668,0.5093834274470336,0.5001796495677325,0.5001646171477352
0.39382628505226935,0.919734052101078,0.742439920760397,0.4992824241819523,0.5029195356525807,0.5057407500619818,0.49860357653373544,0.49081694005330534,0.5128469965394644,0.5105687550260072,0.499301101517815,0.5063974338320381,0.5044407753720631,0.49378277632510853
0.8185650532722895,0.5751416443916226,0.3899190361350667,0.49951741454746,0.5021796937493884,0.4888639264256728,0.5069333486542568,0.5016190319815379,0.4888414758896748,0.506123023293179,0.4954130755242567,0.5064735264684674,0.49632162956058073,0.5002678285082486
0.6538822416759604,0.7571837100598859,0.5465227356708267,0.49635978320852525,0.5038836405870133,0.5086762569487241,0.5004115945359207,0.505689272935533,0.5135924876426999,0.5071790938489258,0.5009990170823252,0.5062244507234759,0.49438245737117453,0.5008587018626823
0.9495964434231535,0.3149998797290504,0.2039077933395266,0.4961773751710338,0.4973033029195463,0.4955025635632682,0.5072526505505021,0.501717012020966,0.49106852937178547,0.5045099063315771,0.4949182868442617,0.5035960631555462,0.4876346596198475,0.4905331173884189
0.8698716904310618,0.49494372286571425,0.3293246219745253,0.49629408712114365,0.48687616075666496,0.5188939218225898,0.49587120984109656,0.496795045806663,0.5054328018881401,0.5070664605712066,0.4909884831797341,0.5075709385524328,0.4941375194117806,0.49973240060291857
0.2468694075285511,0.9699872010039594,0.8413436106244079,0.4985681950439822,0.5023273254127955,0.4822565509491387,0.4991325452965914,0.5162834924363804,0.5129498467459391,0.4918536175399897,0.5020458806824626,0.5071112396604625,0.494307671061634,0.49994924584221523
0.8776228522790925,0.4798348925339612,0.31852623944187,0.4967001709066499,0.502149450973604,0.5002626792529179,0.5064373692627085,0.4974769954509057,0.4946794914061677,0.5098107094180102,0.5017792435558729,0.5061320775791847,0.4985664137548696,0.4990480222331513
0.7285652604607127,0.68615423730567,0.48092087367115255,0.5177634272293485,0.5022533648134689,0.5125358127105499,0.5079431212365131,0.5029334444187797,0.5015768203715907,0.49227418526972433,0.49297592748779673,0.5070508150138842,0.5097116564112223,0.49853098621525677
6.770340995406668E-7,1.0003574090309963,0.9999995691406987,0.49617986159957267,0.5019773363767027,0.5049409686586372,0.5003482794173545,0.4964305567559313,0.49116487316277246,0.5043502114618003,0.4950284789801592,0.5119657491629446,0.49441930936210143,0.4976320406464405
0.826255603527904,0.5644896302156776,0.3815611308099911,0.4997318358455385,0.5021662278936618,0.49435248546142674,0.5061889750775048,0.5106487810058101,0.5129777678559336,0.5137434047525182,0.49184768337815826,0.5067922392935968,0.4964717973576753,0.5015812764954225
0.6758802304186504,0.737457847862698,0.527719307103268,0.4975414283426207,0.5045788652506945,0.4946182839374782,0.5061596784173046,0.4970845231666927,0.5125639515186947,0.506338140021329,0.5011495445482818,0.5042671713841216,0.5026216699161736,0.5014778856924086
0.4774026977402651,0.8788956988517868,0.6832207499634124,0.4957638868766297,0.5021315292101517,0.5085268923714517,0.5062220300358764,0.5018553183314524,0.5014378928947306,0.5062018196485483,0.5013332848353217,0.5002622277288841,0.5023351868750641,0.5005422114834321
0.8579149243965963,0.5146794346830144,0.34400380582526946,0.4986242539407774,0.49619684557549004,0.48909723624623624,0.48946051262909496,0.49751098246295494,0.4971703348861563,0.5064335524126129,0.5008733819182984,0.49099439010815626,0.4945603263005613,0.4934417622630642
0.6655658632783386,0.7470194826960425,0.5366686704017541,0.4937634297498262,0.5040708715000423,0.4892859632783803,0.5063923369109566,0.5016323912805507,0.5015268863555196,0.5134612828578149,0.49184768337815826,0.5065302147444789,0.5008204407924943,0.5008861719118336
0.7467100953812325,0.6661666619079929,0.46374764775809935,0.5050174524440605,0.5139321982402699,0.4942641792459855,0.5065096980543211,0.486895745633536,0.5049379887696487,0.5092582907112694,0.4967427652362796,0.5015075777331193,0.49518733889946853,0.5080214064804763
0.6035777401990723,0.79748726294887,0.587552944881095,0.49770159653595913,0.5031847503811009,0.4980084496473651,0.5062742298672163,0.5019052616921227,0.5020829544872558,0.5049405853139723,0.5011401745520663,0.5059888937086154,0.5041993247373271,0.4997469169125006
0.7697087719673571,0.6387323378083429,0.44096801967398025,0.4908099386426375,0.5031327569541627,0.4968672979275607,0.5064704303098736,0.5015381485450028,0.501379588813072,0.5074977654229652,0.5013378834347998,0.5010781440421975,0.5023642492283525,0.5005422114834321
0.45841907812762517,0.8889513264049698,0.6968945566587084,0.5050690480909771,0.5021193124314589,0.5084125777820164,0.5062220300358764,0.5018553183314524,0.5014378928947306,0.5062018196485483,0.5013332848353217,0.5002622277288841,0.5023351868750641,0.5005422114834321
0.02949630974614167,0.9999216195549135,0.9812260383070672,0.4971214937810705,0.5035375268176058,0.4971535485635648,0.5063058729310865,0.50198846088086,0.4906567415168193,0.49228056082622274,0.49100175798083234,0.5017875015338028,0.496354275534095,0.49370603782676475
0.5876664560235436,0.809546661517539,0.6002592905375725,0.49755301060361284,0.5016395964703012,0.4956239605887392,0.49803555652201,0.5016196438249633,0.4908517887351856,0.5080012682124334,0.49944170837338075,0.5126011274611558,0.5041927440790495,0.4997379099485583
0.20431328291915854,0.9792510957799679,0.8690526822962634,0.5050174524440605,0.501696163177186,0.506257418802221,0.49571006349762853,0.5050255782045264,0.510105043438529,0.4970704966608154,0.4948853615365249,0.5048129353874435,0.4951872112861601,0.49335108343060524
0.8485393000754438,0.5295262018975188,0.35517771503440204,0.4975638301369725,0.5018859652963218,0.49630303068217524,0.49505050179355237,0.4990643468549669,0.5018794057660623,0.5073927574263785,0.5033660639553866,0.5059420184044197,0.49847271464167625,0.49273629155910537
0.9682030459187376,0.2522079392123932,0.16222834031757102,0.4975645225344842,0.501887841496889,0.49630303068217524,0.48212012634148543,0.4975315476074079,0.49699799624750524,0.5074596335547485,0.5023375068752817,0.5027691588054766,0.49414447646429804,0.4928002680626546
0.9194930742226864,0.394099003352144,0.2577799819327898,0.49856740850144426,0.5023275642048375,0.4891388177763629,0.4958518436479672,0.4972246065982823,0.49689912424905247,0.5105785061388055,0.49242849838662506,0.5044491678646956,0.494022521503894,0.49755576037073185
